evaluations raw_y
1 -1865.0000000000
3 -1864.0000000000
4 -1862.0000000000
10 -1858.0000000000
13 -1856.0000000000
14 -1855.0000000000
16 -1854.0000000000
17 -1853.0000000000
25 -1852.0000000000
26 -1850.0000000000
30 -1849.0000000000
32 -1848.0000000000
35 -1847.0000000000
36 -1846.0000000000
37 -1844.0000000000
39 -1843.0000000000
44 -1842.0000000000
46 -1840.0000000000
51 -1838.0000000000
52 -1837.0000000000
56 -1836.0000000000
66 -1835.0000000000
67 -1833.0000000000
70 -1832.0000000000
71 -1831.0000000000
76 -1830.0000000000
79 -1829.0000000000
84 -1828.0000000000
92 -1825.0000000000
95 -1824.0000000000
101 -1823.0000000000
106 -1821.0000000000
109 -1820.0000000000
112 -1819.0000000000
122 -1818.0000000000
125 -1816.0000000000
127 -1815.0000000000
130 -1814.0000000000
134 -1813.0000000000
135 -1812.0000000000
137 -1811.0000000000
139 -1810.0000000000
140 -1809.0000000000
141 -1808.0000000000
142 -1807.0000000000
143 -1805.0000000000
146 -1803.0000000000
151 -1802.0000000000
152 -1800.0000000000
160 -1799.0000000000
163 -1797.0000000000
164 -1796.0000000000
167 -1795.0000000000
170 -1794.0000000000
171 -1793.0000000000
172 -1792.0000000000
174 -1789.0000000000
183 -1788.0000000000
192 -1787.0000000000
198 -1785.0000000000
203 -1784.0000000000
205 -1783.0000000000
206 -1782.0000000000
213 -1781.0000000000
215 -1780.0000000000
216 -1779.0000000000
221 -1778.0000000000
225 -1777.0000000000
227 -1776.0000000000
231 -1775.0000000000
241 -1774.0000000000
247 -1773.0000000000
249 -1772.0000000000
255 -1771.0000000000
274 -1769.0000000000
279 -1768.0000000000
280 -1765.0000000000
282 -1763.0000000000
284 -1761.0000000000
287 -1760.0000000000
291 -1759.0000000000
292 -1758.0000000000
293 -1757.0000000000
305 -1756.0000000000
314 -1755.0000000000
315 -1754.0000000000
316 -1753.0000000000
318 -1750.0000000000
321 -1749.0000000000
328 -1748.0000000000
334 -1747.0000000000
338 -1746.0000000000
347 -1745.0000000000
355 -1744.0000000000
356 -1743.0000000000
363 -1742.0000000000
374 -1741.0000000000
380 -1740.0000000000
382 -1739.0000000000
385 -1738.0000000000
389 -1737.0000000000
390 -1735.0000000000
394 -1733.0000000000
401 -1732.0000000000
407 -1729.0000000000
408 -1728.0000000000
410 -1726.0000000000
411 -1725.0000000000
412 -1724.0000000000
414 -1723.0000000000
415 -1722.0000000000
416 -1721.0000000000
418 -1720.0000000000
420 -1719.0000000000
426 -1718.0000000000
430 -1717.0000000000
433 -1716.0000000000
434 -1715.0000000000
435 -1714.0000000000
436 -1713.0000000000
445 -1712.0000000000
448 -1711.0000000000
451 -1710.0000000000
453 -1709.0000000000
456 -1706.0000000000
459 -1705.0000000000
463 -1704.0000000000
466 -1702.0000000000
476 -1700.0000000000
477 -1699.0000000000
481 -1698.0000000000
484 -1697.0000000000
486 -1696.0000000000
487 -1695.0000000000
490 -1694.0000000000
494 -1692.0000000000
495 -1691.0000000000
501 -1690.0000000000
502 -1689.0000000000
505 -1688.0000000000
517 -1687.0000000000
533 -1685.0000000000
537 -1684.0000000000
538 -1681.0000000000
542 -1680.0000000000
551 -1679.0000000000
554 -1678.0000000000
555 -1675.0000000000
556 -1674.0000000000
560 -1672.0000000000
564 -1670.0000000000
566 -1669.0000000000
567 -1668.0000000000
576 -1666.0000000000
578 -1664.0000000000
580 -1663.0000000000
582 -1662.0000000000
594 -1661.0000000000
599 -1660.0000000000
604 -1659.0000000000
611 -1658.0000000000
613 -1657.0000000000
617 -1656.0000000000
618 -1655.0000000000
627 -1654.0000000000
630 -1653.0000000000
640 -1652.0000000000
641 -1651.0000000000
646 -1650.0000000000
647 -1649.0000000000
649 -1648.0000000000
650 -1647.0000000000
656 -1645.0000000000
660 -1644.0000000000
664 -1642.0000000000
668 -1641.0000000000
671 -1640.0000000000
680 -1639.0000000000
697 -1638.0000000000
705 -1637.0000000000
712 -1636.0000000000
715 -1635.0000000000
723 -1634.0000000000
728 -1633.0000000000
745 -1632.0000000000
751 -1631.0000000000
752 -1630.0000000000
760 -1629.0000000000
764 -1628.0000000000
767 -1627.0000000000
772 -1626.0000000000
784 -1625.0000000000
794 -1623.0000000000
803 -1622.0000000000
810 -1621.0000000000
811 -1620.0000000000
820 -1619.0000000000
826 -1618.0000000000
832 -1617.0000000000
833 -1615.0000000000
835 -1614.0000000000
837 -1613.0000000000
846 -1612.0000000000
859 -1611.0000000000
861 -1610.0000000000
864 -1609.0000000000
871 -1608.0000000000
875 -1607.0000000000
883 -1605.0000000000
893 -1604.0000000000
897 -1601.0000000000
901 -1599.0000000000
913 -1597.0000000000
916 -1596.0000000000
919 -1595.0000000000
920 -1594.0000000000
921 -1593.0000000000
926 -1592.0000000000
927 -1591.0000000000
939 -1590.0000000000
946 -1589.0000000000
949 -1587.0000000000
951 -1586.0000000000
952 -1585.0000000000
970 -1584.0000000000
971 -1583.0000000000
972 -1582.0000000000
978 -1581.0000000000
981 -1579.0000000000
982 -1578.0000000000
984 -1577.0000000000
985 -1575.0000000000
991 -1573.0000000000
1001 -1571.0000000000
1004 -1570.0000000000
1007 -1569.0000000000
1018 -1567.0000000000
1026 -1566.0000000000
1029 -1565.0000000000
1047 -1564.0000000000
1053 -1563.0000000000
1055 -1562.0000000000
1057 -1560.0000000000
1064 -1559.0000000000
1065 -1557.0000000000
1086 -1556.0000000000
1087 -1555.0000000000
1088 -1554.0000000000
1092 -1551.0000000000
1093 -1550.0000000000
1098 -1548.0000000000
1113 -1547.0000000000
1132 -1546.0000000000
1136 -1545.0000000000
1138 -1544.0000000000
1140 -1543.0000000000
1142 -1542.0000000000
1145 -1541.0000000000
1146 -1540.0000000000
1163 -1539.0000000000
1167 -1537.0000000000
1175 -1535.0000000000
1176 -1534.0000000000
1177 -1533.0000000000
1183 -1532.0000000000
1190 -1531.0000000000
1192 -1530.0000000000
1197 -1529.0000000000
1204 -1528.0000000000
1208 -1527.0000000000
1214 -1526.0000000000
1217 -1525.0000000000
1218 -1524.0000000000
1219 -1523.0000000000
1220 -1522.0000000000
1222 -1521.0000000000
1225 -1520.0000000000
1233 -1519.0000000000
1239 -1518.0000000000
1244 -1517.0000000000
1253 -1515.0000000000
1254 -1514.0000000000
1259 -1513.0000000000
1261 -1512.0000000000
1262 -1510.0000000000
1263 -1508.0000000000
1268 -1507.0000000000
1274 -1506.0000000000
1277 -1505.0000000000
1279 -1504.0000000000
1281 -1503.0000000000
1288 -1502.0000000000
1297 -1501.0000000000
1301 -1500.0000000000
1307 -1499.0000000000
1311 -1498.0000000000
1312 -1497.0000000000
1313 -1496.0000000000
1315 -1495.0000000000
1321 -1494.0000000000
1323 -1493.0000000000
1334 -1492.0000000000
1345 -1491.0000000000
1350 -1489.0000000000
1355 -1488.0000000000
1358 -1486.0000000000
1363 -1485.0000000000
1366 -1484.0000000000
1368 -1483.0000000000
1376 -1480.0000000000
1379 -1478.0000000000
1380 -1477.0000000000
1383 -1476.0000000000
1389 -1475.0000000000
1393 -1474.0000000000
1395 -1473.0000000000
1403 -1472.0000000000
1404 -1471.0000000000
1408 -1470.0000000000
1413 -1469.0000000000
1414 -1468.0000000000
1437 -1467.0000000000
1440 -1466.0000000000
1443 -1465.0000000000
1451 -1464.0000000000
1454 -1463.0000000000
1460 -1462.0000000000
1464 -1461.0000000000
1466 -1460.0000000000
1470 -1459.0000000000
1471 -1457.0000000000
1472 -1455.0000000000
1476 -1453.0000000000
1479 -1451.0000000000
1483 -1450.0000000000
1491 -1448.0000000000
1500 -1447.0000000000
1514 -1446.0000000000
1516 -1445.0000000000
1518 -1444.0000000000
1520 -1442.0000000000
1526 -1441.0000000000
1528 -1440.0000000000
1529 -1439.0000000000
1532 -1438.0000000000
1535 -1436.0000000000
1538 -1435.0000000000
1543 -1434.0000000000
1548 -1433.0000000000
1554 -1432.0000000000
1555 -1431.0000000000
1556 -1429.0000000000
1561 -1428.0000000000
1565 -1427.0000000000
1578 -1426.0000000000
1586 -1425.0000000000
1593 -1423.0000000000
1598 -1422.0000000000
1599 -1421.0000000000
1604 -1420.0000000000
1607 -1419.0000000000
1620 -1418.0000000000
1623 -1417.0000000000
1627 -1416.0000000000
1628 -1415.0000000000
1637 -1414.0000000000
1641 -1413.0000000000
1647 -1411.0000000000
1675 -1409.0000000000
1679 -1407.0000000000
1685 -1406.0000000000
1689 -1405.0000000000
1693 -1402.0000000000
1695 -1401.0000000000
1702 -1400.0000000000
1705 -1399.0000000000
1709 -1398.0000000000
1718 -1397.0000000000
1720 -1395.0000000000
1721 -1394.0000000000
1723 -1392.0000000000
1724 -1391.0000000000
1729 -1390.0000000000
1733 -1388.0000000000
1739 -1387.0000000000
1744 -1386.0000000000
1745 -1385.0000000000
1750 -1383.0000000000
1762 -1382.0000000000
1771 -1381.0000000000
1778 -1380.0000000000
1786 -1379.0000000000
1787 -1378.0000000000
1788 -1377.0000000000
1790 -1375.0000000000
1792 -1374.0000000000
1794 -1373.0000000000
1796 -1372.0000000000
1806 -1371.0000000000
1810 -1370.0000000000
1812 -1369.0000000000
1818 -1368.0000000000
1834 -1367.0000000000
1835 -1366.0000000000
1836 -1362.0000000000
1837 -1361.0000000000
1838 -1360.0000000000
1840 -1359.0000000000
1845 -1358.0000000000
1850 -1357.0000000000
1852 -1356.0000000000
1854 -1355.0000000000
1857 -1354.0000000000
1869 -1353.0000000000
1871 -1351.0000000000
1873 -1349.0000000000
1877 -1348.0000000000
1881 -1347.0000000000
1888 -1345.0000000000
1890 -1344.0000000000
1895 -1343.0000000000
1897 -1342.0000000000
1899 -1341.0000000000
1900 -1340.0000000000
1904 -1339.0000000000
1917 -1338.0000000000
1929 -1336.0000000000
1936 -1335.0000000000
1951 -1334.0000000000
1958 -1331.0000000000
1963 -1330.0000000000
1968 -1329.0000000000
1969 -1328.0000000000
1979 -1327.0000000000
1986 -1326.0000000000
1991 -1325.0000000000
1994 -1323.0000000000
2004 -1322.0000000000
2007 -1321.0000000000
2017 -1320.0000000000
2029 -1319.0000000000
2031 -1318.0000000000
2033 -1317.0000000000
2038 -1316.0000000000
2039 -1315.0000000000
2042 -1314.0000000000
2043 -1313.0000000000
2051 -1312.0000000000
2052 -1311.0000000000
2070 -1310.0000000000
2071 -1309.0000000000
2074 -1308.0000000000
2075 -1307.0000000000
2080 -1306.0000000000
2084 -1305.0000000000
2089 -1304.0000000000
2100 -1302.0000000000
2101 -1301.0000000000
2103 -1300.0000000000
2110 -1299.0000000000
2118 -1298.0000000000
2125 -1297.0000000000
2138 -1296.0000000000
2143 -1295.0000000000
2147 -1294.0000000000
2151 -1293.0000000000
2166 -1292.0000000000
2174 -1291.0000000000
2180 -1290.0000000000
2186 -1289.0000000000
2191 -1288.0000000000
2231 -1287.0000000000
2235 -1285.0000000000
2237 -1284.0000000000
2238 -1283.0000000000
2241 -1282.0000000000
2242 -1281.0000000000
2249 -1279.0000000000
2252 -1278.0000000000
2255 -1277.0000000000
2258 -1276.0000000000
2262 -1274.0000000000
2263 -1273.0000000000
2268 -1272.0000000000
2273 -1270.0000000000
2280 -1269.0000000000
2281 -1268.0000000000
2310 -1267.0000000000
2315 -1266.0000000000
2316 -1265.0000000000
2319 -1264.0000000000
2332 -1263.0000000000
2336 -1262.0000000000
2339 -1261.0000000000
2342 -1260.0000000000
2353 -1259.0000000000
2356 -1258.0000000000
2357 -1256.0000000000
2358 -1255.0000000000
2405 -1254.0000000000
2408 -1253.0000000000
2410 -1252.0000000000
2417 -1250.0000000000
2430 -1249.0000000000
2435 -1248.0000000000
2437 -1247.0000000000
2452 -1246.0000000000
2462 -1245.0000000000
2466 -1243.0000000000
2469 -1242.0000000000
2474 -1241.0000000000
2488 -1240.0000000000
2494 -1239.0000000000
2496 -1237.0000000000
2502 -1236.0000000000
2511 -1234.0000000000
2512 -1233.0000000000
2523 -1232.0000000000
2524 -1231.0000000000
2556 -1230.0000000000
2563 -1229.0000000000
2564 -1227.0000000000
2567 -1225.0000000000
2572 -1224.0000000000
2577 -1222.0000000000
2582 -1221.0000000000
2590 -1220.0000000000
2597 -1218.0000000000
2599 -1217.0000000000
2605 -1216.0000000000
2610 -1215.0000000000
2611 -1213.0000000000
2629 -1212.0000000000
2639 -1211.0000000000
2646 -1210.0000000000
2648 -1209.0000000000
2652 -1208.0000000000
2655 -1207.0000000000
2657 -1206.0000000000
2660 -1205.0000000000
2665 -1204.0000000000
2668 -1203.0000000000
2672 -1202.0000000000
2677 -1201.0000000000
2683 -1200.0000000000
2691 -1199.0000000000
2696 -1197.0000000000
2708 -1195.0000000000
2711 -1194.0000000000
2714 -1193.0000000000
2716 -1192.0000000000
2718 -1191.0000000000
2724 -1188.0000000000
2739 -1187.0000000000
2757 -1186.0000000000
2758 -1185.0000000000
2761 -1184.0000000000
2762 -1183.0000000000
2766 -1182.0000000000
2777 -1179.0000000000
2781 -1178.0000000000
2783 -1176.0000000000
2790 -1174.0000000000
2793 -1173.0000000000
2797 -1172.0000000000
2798 -1171.0000000000
2802 -1170.0000000000
2804 -1169.0000000000
2820 -1168.0000000000
2824 -1167.0000000000
2825 -1166.0000000000
2840 -1165.0000000000
2846 -1164.0000000000
2851 -1163.0000000000
2859 -1162.0000000000
2865 -1160.0000000000
2887 -1159.0000000000
2889 -1157.0000000000
2892 -1156.0000000000
2894 -1155.0000000000
2901 -1154.0000000000
2904 -1153.0000000000
2905 -1152.0000000000
2908 -1151.0000000000
2913 -1150.0000000000
2919 -1149.0000000000
2930 -1148.0000000000
2936 -1147.0000000000
2937 -1146.0000000000
2945 -1145.0000000000
2946 -1144.0000000000
2948 -1143.0000000000
2950 -1141.0000000000
2953 -1140.0000000000
2956 -1139.0000000000
2970 -1138.0000000000
3001 -1137.0000000000
3003 -1136.0000000000
3011 -1135.0000000000
3019 -1134.0000000000
3037 -1133.0000000000
3050 -1131.0000000000
3060 -1130.0000000000
3068 -1129.0000000000
3070 -1126.0000000000
3077 -1125.0000000000
3093 -1124.0000000000
3097 -1123.0000000000
3109 -1121.0000000000
3118 -1118.0000000000
3129 -1117.0000000000
3141 -1116.0000000000
3148 -1115.0000000000
3158 -1114.0000000000
3178 -1113.0000000000
3195 -1111.0000000000
3206 -1110.0000000000
3215 -1109.0000000000
3222 -1108.0000000000
3225 -1106.0000000000
3231 -1105.0000000000
3257 -1104.0000000000
3266 -1102.0000000000
3273 -1100.0000000000
3276 -1099.0000000000
3277 -1098.0000000000
3282 -1097.0000000000
3286 -1096.0000000000
3291 -1094.0000000000
3316 -1093.0000000000
3320 -1091.0000000000
3328 -1090.0000000000
3336 -1089.0000000000
3337 -1088.0000000000
3344 -1087.0000000000
3363 -1086.0000000000
3369 -1085.0000000000
3386 -1083.0000000000
3388 -1081.0000000000
3396 -1079.0000000000
3438 -1078.0000000000
3439 -1077.0000000000
3444 -1076.0000000000
3447 -1075.0000000000
3450 -1074.0000000000
3453 -1073.0000000000
3454 -1072.0000000000
3460 -1071.0000000000
3474 -1070.0000000000
3480 -1069.0000000000
3487 -1068.0000000000
3505 -1067.0000000000
3508 -1066.0000000000
3509 -1065.0000000000
3518 -1064.0000000000
3533 -1063.0000000000
3547 -1062.0000000000
3564 -1061.0000000000
3574 -1060.0000000000
3585 -1059.0000000000
3594 -1058.0000000000
3599 -1057.0000000000
3622 -1056.0000000000
3636 -1055.0000000000
3648 -1054.0000000000
3650 -1053.0000000000
3664 -1052.0000000000
3677 -1051.0000000000
3698 -1049.0000000000
3699 -1048.0000000000
3703 -1047.0000000000
3707 -1046.0000000000
3712 -1045.0000000000
3714 -1044.0000000000
3719 -1043.0000000000
3727 -1042.0000000000
3731 -1041.0000000000
3738 -1040.0000000000
3739 -1039.0000000000
3748 -1037.0000000000
3752 -1035.0000000000
3754 -1034.0000000000
3762 -1033.0000000000
3768 -1031.0000000000
3785 -1030.0000000000
3790 -1029.0000000000
3794 -1028.0000000000
3801 -1027.0000000000
3804 -1026.0000000000
3806 -1025.0000000000
3821 -1024.0000000000
3822 -1023.0000000000
3830 -1022.0000000000
3837 -1021.0000000000
3844 -1020.0000000000
3848 -1019.0000000000
3849 -1018.0000000000
3856 -1017.0000000000
3861 -1016.0000000000
3865 -1015.0000000000
3870 -1014.0000000000
3898 -1013.0000000000
3901 -1012.0000000000
3905 -1011.0000000000
3907 -1010.0000000000
3910 -1008.0000000000
3923 -1007.0000000000
3927 -1006.0000000000
3928 -1004.0000000000
3929 -1003.0000000000
3941 -1002.0000000000
3942 -1001.0000000000
3953 -999.0000000000
3957 -998.0000000000
3960 -997.0000000000
3962 -996.0000000000
3963 -995.0000000000
3964 -993.0000000000
3970 -992.0000000000
3981 -991.0000000000
3984 -990.0000000000
4003 -989.0000000000
4012 -988.0000000000
4015 -987.0000000000
4016 -986.0000000000
4017 -985.0000000000
4031 -982.0000000000
4038 -979.0000000000
4046 -977.0000000000
4047 -976.0000000000
4064 -975.0000000000
4069 -974.0000000000
4074 -973.0000000000
4077 -972.0000000000
4078 -971.0000000000
4081 -970.0000000000
4088 -969.0000000000
4092 -967.0000000000
4093 -966.0000000000
4108 -965.0000000000
4113 -963.0000000000
4127 -962.0000000000
4138 -959.0000000000
4158 -958.0000000000
4164 -957.0000000000
4167 -956.0000000000
4181 -955.0000000000
4191 -954.0000000000
4197 -953.0000000000
4211 -952.0000000000
4212 -950.0000000000
4214 -949.0000000000
4215 -948.0000000000
4227 -947.0000000000
4232 -946.0000000000
4243 -945.0000000000
4263 -944.0000000000
4266 -943.0000000000
4267 -942.0000000000
4301 -941.0000000000
4311 -940.0000000000
4312 -939.0000000000
4330 -938.0000000000
4333 -937.0000000000
4335 -936.0000000000
4355 -935.0000000000
4360 -934.0000000000
4364 -933.0000000000
4369 -932.0000000000
4379 -931.0000000000
4389 -930.0000000000
4394 -929.0000000000
4395 -928.0000000000
4396 -927.0000000000
4417 -926.0000000000
4426 -925.0000000000
4427 -924.0000000000
4431 -923.0000000000
4436 -921.0000000000
4439 -920.0000000000
4442 -919.0000000000
4453 -917.0000000000
4470 -916.0000000000
4486 -915.0000000000
4488 -914.0000000000
4490 -913.0000000000
4500 -912.0000000000
4503 -910.0000000000
4507 -909.0000000000
4509 -908.0000000000
4511 -907.0000000000
4513 -906.0000000000
4514 -905.0000000000
4516 -903.0000000000
4517 -902.0000000000
4522 -901.0000000000
4528 -900.0000000000
4540 -899.0000000000
4549 -898.0000000000
4552 -897.0000000000
4557 -896.0000000000
4558 -893.0000000000
4565 -892.0000000000
4566 -890.0000000000
4569 -888.0000000000
4581 -887.0000000000
4615 -886.0000000000
4637 -884.0000000000
4639 -883.0000000000
4641 -882.0000000000
4647 -881.0000000000
4660 -880.0000000000
4701 -879.0000000000
4711 -877.0000000000
4721 -876.0000000000
4723 -874.0000000000
4739 -873.0000000000
4742 -872.0000000000
4744 -871.0000000000
4746 -870.0000000000
4756 -869.0000000000
4768 -868.0000000000
4772 -867.0000000000
4777 -866.0000000000
4779 -865.0000000000
4780 -864.0000000000
4796 -863.0000000000
4803 -862.0000000000
4813 -861.0000000000
4823 -859.0000000000
4827 -858.0000000000
4841 -857.0000000000
4850 -855.0000000000
4868 -854.0000000000
4874 -853.0000000000
4876 -852.0000000000
4885 -850.0000000000
4903 -849.0000000000
4920 -848.0000000000
4927 -846.0000000000
4986 -845.0000000000
4989 -844.0000000000
4994 -843.0000000000
5001 -842.0000000000
5003 -841.0000000000
5032 -840.0000000000
5038 -839.0000000000
5045 -838.0000000000
5047 -837.0000000000
5053 -836.0000000000
5059 -835.0000000000
5061 -834.0000000000
5073 -833.0000000000
5081 -832.0000000000
5082 -831.0000000000
5088 -829.0000000000
5098 -828.0000000000
5130 -827.0000000000
5136 -825.0000000000
5148 -824.0000000000
5158 -823.0000000000
5167 -822.0000000000
5169 -821.0000000000
5178 -820.0000000000
5191 -819.0000000000
5192 -818.0000000000
5205 -817.0000000000
5207 -816.0000000000
5225 -815.0000000000
5228 -814.0000000000
5234 -813.0000000000
5235 -812.0000000000
5243 -811.0000000000
5258 -810.0000000000
5271 -809.0000000000
5282 -808.0000000000
5287 -807.0000000000
5296 -806.0000000000
5298 -805.0000000000
5313 -804.0000000000
5323 -803.0000000000
5331 -802.0000000000
5353 -800.0000000000
5357 -799.0000000000
5370 -797.0000000000
5373 -796.0000000000
5374 -795.0000000000
5383 -794.0000000000
5399 -793.0000000000
5402 -792.0000000000
5420 -791.0000000000
5435 -790.0000000000
5437 -789.0000000000
5440 -788.0000000000
5465 -787.0000000000
5466 -786.0000000000
5495 -785.0000000000
5506 -784.0000000000
5507 -783.0000000000
5533 -782.0000000000
5545 -781.0000000000
5547 -780.0000000000
5551 -778.0000000000
5552 -776.0000000000
5558 -775.0000000000
5562 -774.0000000000
5576 -773.0000000000
5624 -772.0000000000
5632 -770.0000000000
5653 -769.0000000000
5655 -768.0000000000
5659 -767.0000000000
5660 -766.0000000000
5675 -765.0000000000
5677 -764.0000000000
5685 -763.0000000000
5688 -762.0000000000
5694 -761.0000000000
5696 -759.0000000000
5701 -758.0000000000
5708 -757.0000000000
5716 -756.0000000000
5724 -755.0000000000
5733 -754.0000000000
5741 -753.0000000000
5744 -752.0000000000
5753 -751.0000000000
5770 -750.0000000000
5772 -749.0000000000
5791 -748.0000000000
5801 -747.0000000000
5813 -746.0000000000
5831 -745.0000000000
5852 -744.0000000000
5862 -743.0000000000
5875 -742.0000000000
5879 -739.0000000000
5883 -738.0000000000
5884 -737.0000000000
5885 -736.0000000000
5905 -734.0000000000
5907 -733.0000000000
5936 -732.0000000000
5966 -730.0000000000
5974 -729.0000000000
5975 -728.0000000000
5993 -727.0000000000
5999 -726.0000000000
6006 -725.0000000000
6023 -724.0000000000
6025 -723.0000000000
6027 -722.0000000000
6037 -720.0000000000
6056 -719.0000000000
6062 -718.0000000000
6068 -717.0000000000
6082 -716.0000000000
6085 -715.0000000000
6089 -714.0000000000
6103 -713.0000000000
6129 -712.0000000000
6153 -711.0000000000
6162 -709.0000000000
6183 -708.0000000000
6184 -707.0000000000
6185 -706.0000000000
6198 -705.0000000000
6207 -704.0000000000
6224 -703.0000000000
6227 -702.0000000000
6233 -701.0000000000
6235 -700.0000000000
6244 -699.0000000000
6248 -698.0000000000
6255 -697.0000000000
6265 -696.0000000000
6283 -695.0000000000
6312 -694.0000000000
6324 -693.0000000000
6332 -692.0000000000
6341 -691.0000000000
6366 -690.0000000000
6393 -689.0000000000
6411 -688.0000000000
6429 -687.0000000000
6434 -686.0000000000
6440 -685.0000000000
6446 -684.0000000000
6469 -683.0000000000
6471 -682.0000000000
6499 -680.0000000000
6505 -679.0000000000
6526 -678.0000000000
6532 -677.0000000000
6534 -676.0000000000
6540 -675.0000000000
6544 -674.0000000000
6545 -673.0000000000
6560 -672.0000000000
6561 -671.0000000000
6563 -670.0000000000
6565 -669.0000000000
6571 -668.0000000000
6580 -667.0000000000
6596 -666.0000000000
6598 -665.0000000000
6602 -664.0000000000
6604 -663.0000000000
6623 -662.0000000000
6625 -661.0000000000
6626 -660.0000000000
6659 -659.0000000000
6664 -657.0000000000
6665 -656.0000000000
6681 -654.0000000000
6700 -653.0000000000
6704 -651.0000000000
6716 -650.0000000000
6718 -649.0000000000
6731 -648.0000000000
6767 -646.0000000000
6778 -645.0000000000
6793 -644.0000000000
6818 -643.0000000000
6834 -642.0000000000
6845 -641.0000000000
6861 -640.0000000000
6866 -639.0000000000
6870 -638.0000000000
6874 -637.0000000000
6886 -636.0000000000
6890 -635.0000000000
6902 -634.0000000000
6905 -633.0000000000
6911 -632.0000000000
6917 -631.0000000000
6926 -629.0000000000
6927 -628.0000000000
6946 -627.0000000000
6953 -626.0000000000
6972 -624.0000000000
6989 -623.0000000000
7008 -622.0000000000
7011 -621.0000000000
7023 -620.0000000000
7024 -619.0000000000
7028 -618.0000000000
7072 -617.0000000000
7079 -616.0000000000
7131 -615.0000000000
7136 -614.0000000000
7141 -613.0000000000
7147 -612.0000000000
7169 -611.0000000000
7212 -610.0000000000
7231 -609.0000000000
7235 -608.0000000000
7247 -607.0000000000
7273 -606.0000000000
7324 -605.0000000000
7345 -604.0000000000
7356 -603.0000000000
7359 -602.0000000000
7373 -601.0000000000
7381 -600.0000000000
7397 -599.0000000000
7407 -598.0000000000
7408 -597.0000000000
7411 -596.0000000000
7436 -595.0000000000
7440 -594.0000000000
7441 -593.0000000000
7442 -592.0000000000
7453 -591.0000000000
7457 -590.0000000000
7466 -589.0000000000
7475 -588.0000000000
7491 -587.0000000000
7504 -584.0000000000
7510 -583.0000000000
7525 -582.0000000000
7528 -581.0000000000
7532 -578.0000000000
7551 -577.0000000000
7560 -576.0000000000
7576 -575.0000000000
7578 -574.0000000000
7585 -573.0000000000
7610 -572.0000000000
7634 -571.0000000000
7638 -570.0000000000
7713 -569.0000000000
7735 -568.0000000000
7779 -567.0000000000
7790 -566.0000000000
7796 -565.0000000000
7801 -563.0000000000
7818 -562.0000000000
7834 -561.0000000000
7835 -560.0000000000
7885 -559.0000000000
7896 -558.0000000000
7902 -557.0000000000
7935 -556.0000000000
7952 -554.0000000000
7955 -553.0000000000
7969 -552.0000000000
7975 -551.0000000000
7976 -550.0000000000
7995 -549.0000000000
8006 -548.0000000000
8013 -547.0000000000
8014 -546.0000000000
8017 -545.0000000000
8048 -544.0000000000
8056 -543.0000000000
8059 -542.0000000000
8070 -541.0000000000
8071 -540.0000000000
8081 -539.0000000000
8084 -538.0000000000
8099 -537.0000000000
8106 -536.0000000000
8113 -535.0000000000
8114 -533.0000000000
8134 -532.0000000000
8164 -531.0000000000
8170 -530.0000000000
8184 -529.0000000000
8209 -528.0000000000
8210 -527.0000000000
8221 -526.0000000000
8235 -525.0000000000
8243 -524.0000000000
8258 -523.0000000000
8267 -522.0000000000
8276 -521.0000000000
8308 -519.0000000000
8332 -518.0000000000
8333 -517.0000000000
8336 -516.0000000000
8362 -515.0000000000
8366 -514.0000000000
8378 -513.0000000000
8391 -512.0000000000
8426 -511.0000000000
8482 -510.0000000000
8498 -509.0000000000
8523 -508.0000000000
8533 -506.0000000000
8538 -505.0000000000
8554 -504.0000000000
8559 -503.0000000000
8562 -502.0000000000
8570 -501.0000000000
8586 -500.0000000000
8587 -499.0000000000
8598 -498.0000000000
8618 -497.0000000000
8619 -496.0000000000
8632 -495.0000000000
8642 -494.0000000000
8654 -493.0000000000
8656 -492.0000000000
8669 -491.0000000000
8692 -489.0000000000
8738 -488.0000000000
8756 -487.0000000000
8768 -486.0000000000
8782 -485.0000000000
8823 -484.0000000000
8832 -483.0000000000
8843 -482.0000000000
8886 -481.0000000000
8895 -479.0000000000
8930 -478.0000000000
8939 -477.0000000000
8948 -475.0000000000
8956 -474.0000000000
8962 -473.0000000000
8978 -471.0000000000
8981 -470.0000000000
8988 -469.0000000000
9019 -468.0000000000
9020 -467.0000000000
9046 -466.0000000000
9079 -465.0000000000
9109 -464.0000000000
9141 -463.0000000000
9143 -462.0000000000
9180 -461.0000000000
9182 -460.0000000000
9183 -459.0000000000
9197 -458.0000000000
9225 -457.0000000000
9244 -455.0000000000
9272 -454.0000000000
9277 -453.0000000000
9290 -452.0000000000
9340 -451.0000000000
9401 -450.0000000000
9406 -449.0000000000
9408 -448.0000000000
9456 -447.0000000000
9463 -446.0000000000
9481 -445.0000000000
9502 -444.0000000000
9507 -443.0000000000
9526 -441.0000000000
9534 -440.0000000000
9539 -439.0000000000
9547 -438.0000000000
9553 -437.0000000000
9563 -436.0000000000
9579 -434.0000000000
9580 -433.0000000000
9592 -431.0000000000
9612 -430.0000000000
9615 -429.0000000000
9629 -428.0000000000
9639 -427.0000000000
9661 -426.0000000000
9670 -425.0000000000
9691 -424.0000000000
9696 -422.0000000000
9702 -421.0000000000
9715 -420.0000000000
9717 -419.0000000000
9739 -418.0000000000
9770 -417.0000000000
9830 -416.0000000000
9836 -415.0000000000
9856 -414.0000000000
9863 -413.0000000000
9865 -412.0000000000
9910 -411.0000000000
9935 -410.0000000000
9937 -409.0000000000
9946 -408.0000000000
9947 -407.0000000000
9984 -406.0000000000
9993 -405.0000000000
10000 -406.0000000000
