evaluations raw_y
1 -1968.0000000000
2 -1967.0000000000
11 -1966.0000000000
18 -1964.0000000000
20 -1963.0000000000
26 -1962.0000000000
27 -1961.0000000000
29 -1960.0000000000
31 -1959.0000000000
40 -1958.0000000000
45 -1957.0000000000
55 -1956.0000000000
57 -1955.0000000000
58 -1953.0000000000
62 -1952.0000000000
70 -1951.0000000000
74 -1950.0000000000
78 -1948.0000000000
79 -1947.0000000000
90 -1945.0000000000
97 -1944.0000000000
99 -1943.0000000000
102 -1942.0000000000
105 -1941.0000000000
112 -1940.0000000000
118 -1937.0000000000
119 -1936.0000000000
120 -1935.0000000000
121 -1934.0000000000
123 -1932.0000000000
125 -1931.0000000000
132 -1930.0000000000
139 -1928.0000000000
143 -1927.0000000000
148 -1926.0000000000
154 -1925.0000000000
155 -1924.0000000000
158 -1923.0000000000
160 -1922.0000000000
162 -1921.0000000000
165 -1920.0000000000
167 -1918.0000000000
169 -1917.0000000000
170 -1915.0000000000
174 -1914.0000000000
175 -1913.0000000000
178 -1912.0000000000
179 -1910.0000000000
180 -1908.0000000000
185 -1907.0000000000
186 -1905.0000000000
189 -1903.0000000000
200 -1901.0000000000
202 -1900.0000000000
211 -1899.0000000000
213 -1898.0000000000
215 -1897.0000000000
217 -1896.0000000000
220 -1895.0000000000
226 -1894.0000000000
228 -1893.0000000000
230 -1892.0000000000
234 -1889.0000000000
237 -1888.0000000000
239 -1887.0000000000
241 -1886.0000000000
242 -1884.0000000000
244 -1883.0000000000
256 -1882.0000000000
257 -1881.0000000000
260 -1880.0000000000
268 -1879.0000000000
275 -1877.0000000000
276 -1875.0000000000
278 -1873.0000000000
280 -1871.0000000000
287 -1870.0000000000
294 -1869.0000000000
295 -1867.0000000000
303 -1866.0000000000
304 -1865.0000000000
307 -1864.0000000000
308 -1863.0000000000
310 -1861.0000000000
314 -1860.0000000000
316 -1859.0000000000
318 -1858.0000000000
325 -1857.0000000000
326 -1856.0000000000
331 -1855.0000000000
338 -1854.0000000000
342 -1852.0000000000
343 -1851.0000000000
349 -1849.0000000000
352 -1848.0000000000
355 -1846.0000000000
365 -1843.0000000000
367 -1841.0000000000
384 -1840.0000000000
385 -1839.0000000000
391 -1837.0000000000
396 -1836.0000000000
398 -1834.0000000000
413 -1833.0000000000
415 -1832.0000000000
419 -1831.0000000000
426 -1829.0000000000
429 -1828.0000000000
434 -1827.0000000000
439 -1825.0000000000
440 -1824.0000000000
446 -1822.0000000000
461 -1821.0000000000
466 -1820.0000000000
474 -1819.0000000000
475 -1818.0000000000
477 -1817.0000000000
478 -1816.0000000000
485 -1812.0000000000
489 -1811.0000000000
490 -1810.0000000000
495 -1809.0000000000
507 -1807.0000000000
508 -1806.0000000000
509 -1805.0000000000
510 -1804.0000000000
513 -1803.0000000000
522 -1801.0000000000
527 -1800.0000000000
540 -1799.0000000000
541 -1797.0000000000
545 -1796.0000000000
549 -1795.0000000000
550 -1794.0000000000
564 -1793.0000000000
567 -1792.0000000000
568 -1790.0000000000
573 -1789.0000000000
576 -1788.0000000000
579 -1787.0000000000
583 -1786.0000000000
587 -1784.0000000000
592 -1782.0000000000
600 -1781.0000000000
604 -1780.0000000000
605 -1779.0000000000
610 -1778.0000000000
611 -1776.0000000000
614 -1775.0000000000
617 -1772.0000000000
618 -1771.0000000000
628 -1770.0000000000
638 -1769.0000000000
642 -1768.0000000000
650 -1767.0000000000
659 -1766.0000000000
662 -1765.0000000000
666 -1762.0000000000
670 -1760.0000000000
693 -1759.0000000000
694 -1758.0000000000
702 -1757.0000000000
706 -1756.0000000000
711 -1755.0000000000
715 -1754.0000000000
719 -1753.0000000000
720 -1751.0000000000
728 -1750.0000000000
743 -1749.0000000000
746 -1748.0000000000
747 -1747.0000000000
749 -1746.0000000000
753 -1745.0000000000
754 -1744.0000000000
755 -1743.0000000000
757 -1741.0000000000
758 -1740.0000000000
760 -1739.0000000000
763 -1737.0000000000
771 -1735.0000000000
774 -1734.0000000000
776 -1733.0000000000
781 -1732.0000000000
786 -1731.0000000000
790 -1730.0000000000
791 -1729.0000000000
792 -1727.0000000000
798 -1726.0000000000
800 -1725.0000000000
805 -1724.0000000000
826 -1723.0000000000
827 -1721.0000000000
830 -1718.0000000000
835 -1717.0000000000
839 -1715.0000000000
840 -1714.0000000000
841 -1713.0000000000
843 -1712.0000000000
845 -1711.0000000000
846 -1710.0000000000
849 -1709.0000000000
859 -1708.0000000000
860 -1707.0000000000
872 -1706.0000000000
878 -1704.0000000000
883 -1703.0000000000
888 -1702.0000000000
891 -1701.0000000000
896 -1700.0000000000
899 -1699.0000000000
910 -1698.0000000000
918 -1696.0000000000
931 -1695.0000000000
933 -1694.0000000000
940 -1693.0000000000
942 -1692.0000000000
943 -1690.0000000000
945 -1689.0000000000
952 -1687.0000000000
953 -1686.0000000000
956 -1685.0000000000
957 -1684.0000000000
959 -1683.0000000000
965 -1682.0000000000
971 -1680.0000000000
975 -1679.0000000000
980 -1678.0000000000
983 -1677.0000000000
984 -1676.0000000000
987 -1675.0000000000
988 -1674.0000000000
992 -1672.0000000000
999 -1670.0000000000
1006 -1669.0000000000
1012 -1668.0000000000
1020 -1667.0000000000
1021 -1666.0000000000
1025 -1665.0000000000
1027 -1664.0000000000
1043 -1663.0000000000
1049 -1662.0000000000
1050 -1661.0000000000
1055 -1660.0000000000
1063 -1657.0000000000
1066 -1655.0000000000
1070 -1654.0000000000
1080 -1653.0000000000
1084 -1652.0000000000
1085 -1651.0000000000
1086 -1649.0000000000
1088 -1648.0000000000
1091 -1647.0000000000
1094 -1644.0000000000
1095 -1643.0000000000
1100 -1642.0000000000
1101 -1641.0000000000
1104 -1640.0000000000
1107 -1639.0000000000
1109 -1638.0000000000
1115 -1637.0000000000
1119 -1636.0000000000
1134 -1635.0000000000
1138 -1634.0000000000
1141 -1633.0000000000
1154 -1632.0000000000
1158 -1631.0000000000
1159 -1630.0000000000
1163 -1629.0000000000
1166 -1628.0000000000
1184 -1627.0000000000
1186 -1625.0000000000
1188 -1624.0000000000
1191 -1622.0000000000
1193 -1621.0000000000
1195 -1620.0000000000
1196 -1619.0000000000
1234 -1617.0000000000
1237 -1616.0000000000
1238 -1615.0000000000
1247 -1614.0000000000
1248 -1612.0000000000
1250 -1610.0000000000
1254 -1609.0000000000
1257 -1607.0000000000
1267 -1606.0000000000
1274 -1605.0000000000
1276 -1604.0000000000
1278 -1603.0000000000
1285 -1602.0000000000
1302 -1601.0000000000
1308 -1600.0000000000
1315 -1599.0000000000
1331 -1598.0000000000
1332 -1597.0000000000
1333 -1596.0000000000
1339 -1595.0000000000
1342 -1594.0000000000
1351 -1593.0000000000
1354 -1592.0000000000
1376 -1591.0000000000
1379 -1590.0000000000
1380 -1589.0000000000
1385 -1588.0000000000
1388 -1586.0000000000
1391 -1585.0000000000
1396 -1584.0000000000
1398 -1583.0000000000
1414 -1582.0000000000
1416 -1581.0000000000
1432 -1580.0000000000
1433 -1579.0000000000
1436 -1578.0000000000
1438 -1577.0000000000
1439 -1576.0000000000
1440 -1574.0000000000
1446 -1573.0000000000
1451 -1572.0000000000
1452 -1571.0000000000
1459 -1570.0000000000
1462 -1569.0000000000
1465 -1567.0000000000
1472 -1566.0000000000
1481 -1564.0000000000
1486 -1563.0000000000
1504 -1562.0000000000
1505 -1560.0000000000
1513 -1559.0000000000
1520 -1557.0000000000
1524 -1556.0000000000
1540 -1555.0000000000
1541 -1554.0000000000
1544 -1553.0000000000
1545 -1551.0000000000
1546 -1550.0000000000
1548 -1549.0000000000
1556 -1547.0000000000
1557 -1546.0000000000
1567 -1545.0000000000
1572 -1542.0000000000
1576 -1541.0000000000
1578 -1538.0000000000
1581 -1537.0000000000
1593 -1536.0000000000
1601 -1534.0000000000
1602 -1533.0000000000
1607 -1532.0000000000
1608 -1531.0000000000
1610 -1530.0000000000
1622 -1529.0000000000
1628 -1528.0000000000
1639 -1525.0000000000
1641 -1523.0000000000
1645 -1521.0000000000
1652 -1520.0000000000
1655 -1519.0000000000
1670 -1518.0000000000
1674 -1516.0000000000
1683 -1513.0000000000
1685 -1512.0000000000
1687 -1511.0000000000
1695 -1510.0000000000
1714 -1509.0000000000
1721 -1508.0000000000
1723 -1507.0000000000
1726 -1506.0000000000
1731 -1505.0000000000
1734 -1504.0000000000
1738 -1503.0000000000
1739 -1501.0000000000
1743 -1500.0000000000
1744 -1499.0000000000
1750 -1498.0000000000
1761 -1497.0000000000
1779 -1496.0000000000
1789 -1495.0000000000
1790 -1494.0000000000
1791 -1493.0000000000
1792 -1492.0000000000
1793 -1491.0000000000
1797 -1490.0000000000
1798 -1489.0000000000
1804 -1488.0000000000
1817 -1487.0000000000
1827 -1486.0000000000
1830 -1485.0000000000
1831 -1483.0000000000
1841 -1482.0000000000
1847 -1481.0000000000
1850 -1480.0000000000
1851 -1479.0000000000
1852 -1478.0000000000
1857 -1477.0000000000
1882 -1476.0000000000
1896 -1475.0000000000
1898 -1474.0000000000
1902 -1472.0000000000
1905 -1471.0000000000
1908 -1470.0000000000
1912 -1469.0000000000
1926 -1468.0000000000
1928 -1467.0000000000
1939 -1466.0000000000
1947 -1465.0000000000
1949 -1463.0000000000
1954 -1462.0000000000
1956 -1461.0000000000
1965 -1460.0000000000
1977 -1459.0000000000
1978 -1458.0000000000
1983 -1457.0000000000
1987 -1456.0000000000
1998 -1455.0000000000
2000 -1454.0000000000
2009 -1453.0000000000
2018 -1452.0000000000
2025 -1451.0000000000
2030 -1450.0000000000
2033 -1449.0000000000
2034 -1448.0000000000
2039 -1447.0000000000
2041 -1446.0000000000
2049 -1445.0000000000
2050 -1443.0000000000
2056 -1442.0000000000
2060 -1441.0000000000
2065 -1440.0000000000
2072 -1439.0000000000
2080 -1438.0000000000
2082 -1436.0000000000
2085 -1435.0000000000
2092 -1434.0000000000
2093 -1433.0000000000
2099 -1432.0000000000
2100 -1431.0000000000
2119 -1430.0000000000
2135 -1429.0000000000
2141 -1427.0000000000
2147 -1426.0000000000
2165 -1425.0000000000
2172 -1424.0000000000
2174 -1423.0000000000
2176 -1422.0000000000
2193 -1421.0000000000
2202 -1420.0000000000
2210 -1419.0000000000
2222 -1418.0000000000
2225 -1417.0000000000
2236 -1415.0000000000
2241 -1412.0000000000
2243 -1411.0000000000
2244 -1410.0000000000
2253 -1409.0000000000
2257 -1408.0000000000
2259 -1407.0000000000
2261 -1406.0000000000
2262 -1405.0000000000
2273 -1404.0000000000
2274 -1403.0000000000
2282 -1402.0000000000
2286 -1401.0000000000
2291 -1400.0000000000
2297 -1399.0000000000
2299 -1398.0000000000
2305 -1397.0000000000
2313 -1394.0000000000
2320 -1392.0000000000
2330 -1391.0000000000
2333 -1390.0000000000
2335 -1389.0000000000
2343 -1388.0000000000
2353 -1387.0000000000
2359 -1386.0000000000
2374 -1385.0000000000
2378 -1384.0000000000
2380 -1383.0000000000
2397 -1382.0000000000
2398 -1381.0000000000
2404 -1380.0000000000
2412 -1379.0000000000
2416 -1378.0000000000
2423 -1376.0000000000
2427 -1374.0000000000
2437 -1373.0000000000
2440 -1372.0000000000
2442 -1371.0000000000
2457 -1370.0000000000
2459 -1369.0000000000
2466 -1368.0000000000
2478 -1367.0000000000
2481 -1366.0000000000
2484 -1365.0000000000
2497 -1364.0000000000
2500 -1362.0000000000
2511 -1360.0000000000
2529 -1358.0000000000
2535 -1357.0000000000
2538 -1356.0000000000
2540 -1355.0000000000
2542 -1354.0000000000
2545 -1353.0000000000
2549 -1351.0000000000
2551 -1349.0000000000
2558 -1348.0000000000
2562 -1347.0000000000
2565 -1346.0000000000
2569 -1345.0000000000
2572 -1344.0000000000
2574 -1343.0000000000
2576 -1342.0000000000
2578 -1341.0000000000
2579 -1340.0000000000
2581 -1339.0000000000
2586 -1338.0000000000
2590 -1337.0000000000
2591 -1336.0000000000
2609 -1335.0000000000
2615 -1334.0000000000
2617 -1333.0000000000
2623 -1332.0000000000
2624 -1331.0000000000
2637 -1330.0000000000
2661 -1329.0000000000
2664 -1328.0000000000
2666 -1327.0000000000
2667 -1326.0000000000
2671 -1325.0000000000
2672 -1324.0000000000
2676 -1323.0000000000
2679 -1322.0000000000
2683 -1321.0000000000
2688 -1319.0000000000
2690 -1318.0000000000
2694 -1317.0000000000
2695 -1316.0000000000
2696 -1315.0000000000
2697 -1314.0000000000
2699 -1313.0000000000
2701 -1312.0000000000
2704 -1311.0000000000
2706 -1310.0000000000
2707 -1309.0000000000
2709 -1308.0000000000
2710 -1307.0000000000
2712 -1306.0000000000
2713 -1305.0000000000
2717 -1304.0000000000
2723 -1303.0000000000
2727 -1302.0000000000
2729 -1301.0000000000
2736 -1300.0000000000
2744 -1299.0000000000
2745 -1298.0000000000
2748 -1297.0000000000
2750 -1296.0000000000
2761 -1295.0000000000
2763 -1294.0000000000
2777 -1293.0000000000
2780 -1291.0000000000
2790 -1290.0000000000
2791 -1289.0000000000
2800 -1288.0000000000
2814 -1287.0000000000
2817 -1285.0000000000
2820 -1284.0000000000
2821 -1283.0000000000
2841 -1282.0000000000
2842 -1281.0000000000
2853 -1279.0000000000
2856 -1278.0000000000
2865 -1277.0000000000
2872 -1276.0000000000
2905 -1275.0000000000
2910 -1273.0000000000
2916 -1272.0000000000
2927 -1270.0000000000
2940 -1269.0000000000
2945 -1267.0000000000
2946 -1266.0000000000
2951 -1265.0000000000
2959 -1264.0000000000
2961 -1263.0000000000
2980 -1262.0000000000
2981 -1261.0000000000
2988 -1260.0000000000
2993 -1258.0000000000
3000 -1257.0000000000
3007 -1256.0000000000
3025 -1254.0000000000
3026 -1253.0000000000
3028 -1252.0000000000
3031 -1251.0000000000
3044 -1250.0000000000
3045 -1248.0000000000
3065 -1247.0000000000
3069 -1246.0000000000
3071 -1245.0000000000
3079 -1243.0000000000
3088 -1241.0000000000
3094 -1240.0000000000
3100 -1237.0000000000
3106 -1235.0000000000
3109 -1234.0000000000
3111 -1233.0000000000
3113 -1232.0000000000
3114 -1231.0000000000
3126 -1229.0000000000
3135 -1228.0000000000
3152 -1227.0000000000
3165 -1226.0000000000
3178 -1225.0000000000
3185 -1224.0000000000
3187 -1223.0000000000
3192 -1221.0000000000
3193 -1220.0000000000
3196 -1219.0000000000
3200 -1218.0000000000
3202 -1217.0000000000
3205 -1216.0000000000
3207 -1215.0000000000
3209 -1213.0000000000
3211 -1212.0000000000
3221 -1211.0000000000
3223 -1210.0000000000
3224 -1209.0000000000
3230 -1208.0000000000
3231 -1207.0000000000
3239 -1206.0000000000
3268 -1204.0000000000
3283 -1203.0000000000
3285 -1202.0000000000
3286 -1200.0000000000
3303 -1199.0000000000
3306 -1197.0000000000
3326 -1196.0000000000
3329 -1195.0000000000
3330 -1194.0000000000
3337 -1193.0000000000
3355 -1192.0000000000
3366 -1191.0000000000
3370 -1190.0000000000
3371 -1189.0000000000
3377 -1188.0000000000
3398 -1185.0000000000
3413 -1184.0000000000
3414 -1183.0000000000
3421 -1182.0000000000
3423 -1180.0000000000
3425 -1179.0000000000
3437 -1178.0000000000
3448 -1177.0000000000
3453 -1176.0000000000
3455 -1175.0000000000
3456 -1174.0000000000
3460 -1172.0000000000
3464 -1171.0000000000
3476 -1170.0000000000
3482 -1169.0000000000
3491 -1168.0000000000
3495 -1167.0000000000
3504 -1166.0000000000
3508 -1165.0000000000
3512 -1162.0000000000
3531 -1161.0000000000
3539 -1160.0000000000
3541 -1159.0000000000
3547 -1158.0000000000
3566 -1157.0000000000
3606 -1156.0000000000
3607 -1155.0000000000
3612 -1154.0000000000
3615 -1153.0000000000
3617 -1152.0000000000
3622 -1151.0000000000
3630 -1149.0000000000
3639 -1148.0000000000
3641 -1147.0000000000
3656 -1146.0000000000
3671 -1144.0000000000
3676 -1143.0000000000
3688 -1142.0000000000
3690 -1141.0000000000
3694 -1140.0000000000
3699 -1139.0000000000
3708 -1138.0000000000
3714 -1137.0000000000
3732 -1136.0000000000
3733 -1135.0000000000
3750 -1134.0000000000
3764 -1133.0000000000
3772 -1132.0000000000
3788 -1131.0000000000
3790 -1130.0000000000
3801 -1129.0000000000
3808 -1128.0000000000
3816 -1127.0000000000
3823 -1126.0000000000
3836 -1125.0000000000
3846 -1124.0000000000
3848 -1123.0000000000
3871 -1122.0000000000
3886 -1121.0000000000
3888 -1120.0000000000
3890 -1119.0000000000
3892 -1118.0000000000
3894 -1116.0000000000
3895 -1115.0000000000
3916 -1114.0000000000
3922 -1113.0000000000
3930 -1112.0000000000
3942 -1111.0000000000
3945 -1110.0000000000
3946 -1109.0000000000
3962 -1107.0000000000
3966 -1106.0000000000
3967 -1105.0000000000
3998 -1104.0000000000
4004 -1103.0000000000
4006 -1102.0000000000
4013 -1101.0000000000
4023 -1100.0000000000
4029 -1099.0000000000
4030 -1098.0000000000
4036 -1097.0000000000
4043 -1096.0000000000
4044 -1095.0000000000
4061 -1094.0000000000
4069 -1093.0000000000
4076 -1092.0000000000
4095 -1091.0000000000
4103 -1089.0000000000
4105 -1088.0000000000
4109 -1087.0000000000
4116 -1086.0000000000
4117 -1085.0000000000
4121 -1084.0000000000
4131 -1083.0000000000
4142 -1082.0000000000
4160 -1081.0000000000
4173 -1080.0000000000
4177 -1079.0000000000
4192 -1078.0000000000
4199 -1077.0000000000
4206 -1076.0000000000
4209 -1075.0000000000
4215 -1074.0000000000
4217 -1073.0000000000
4226 -1072.0000000000
4231 -1070.0000000000
4279 -1069.0000000000
4291 -1066.0000000000
4296 -1065.0000000000
4301 -1064.0000000000
4337 -1063.0000000000
4359 -1062.0000000000
4361 -1061.0000000000
4363 -1060.0000000000
4364 -1059.0000000000
4365 -1058.0000000000
4387 -1057.0000000000
4399 -1056.0000000000
4402 -1055.0000000000
4418 -1054.0000000000
4420 -1053.0000000000
4423 -1052.0000000000
4435 -1051.0000000000
4442 -1050.0000000000
4449 -1049.0000000000
4474 -1048.0000000000
4478 -1047.0000000000
4487 -1045.0000000000
4489 -1044.0000000000
4492 -1043.0000000000
4497 -1042.0000000000
4500 -1041.0000000000
4525 -1040.0000000000
4530 -1038.0000000000
4546 -1037.0000000000
4558 -1036.0000000000
4567 -1035.0000000000
4568 -1033.0000000000
4581 -1031.0000000000
4584 -1030.0000000000
4587 -1029.0000000000
4590 -1028.0000000000
4594 -1027.0000000000
4607 -1026.0000000000
4621 -1025.0000000000
4623 -1024.0000000000
4641 -1023.0000000000
4664 -1022.0000000000
4670 -1021.0000000000
4671 -1020.0000000000
4678 -1019.0000000000
4684 -1018.0000000000
4685 -1017.0000000000
4688 -1015.0000000000
4698 -1014.0000000000
4715 -1013.0000000000
4724 -1012.0000000000
4750 -1011.0000000000
4751 -1010.0000000000
4786 -1009.0000000000
4789 -1008.0000000000
4793 -1006.0000000000
4799 -1005.0000000000
4816 -1004.0000000000
4821 -1002.0000000000
4823 -1001.0000000000
4829 -1000.0000000000
4830 -999.0000000000
4831 -998.0000000000
4837 -997.0000000000
4842 -996.0000000000
4847 -995.0000000000
4851 -994.0000000000
4855 -993.0000000000
4866 -992.0000000000
4869 -991.0000000000
4876 -989.0000000000
4887 -988.0000000000
4889 -987.0000000000
4898 -986.0000000000
4905 -985.0000000000
4908 -984.0000000000
4935 -983.0000000000
4939 -982.0000000000
4949 -981.0000000000
4951 -979.0000000000
4957 -978.0000000000
4961 -976.0000000000
4978 -975.0000000000
4981 -974.0000000000
4984 -972.0000000000
4985 -971.0000000000
5007 -968.0000000000
5012 -966.0000000000
5019 -965.0000000000
5025 -964.0000000000
5029 -963.0000000000
5032 -962.0000000000
5041 -961.0000000000
5048 -960.0000000000
5049 -959.0000000000
5084 -957.0000000000
5099 -956.0000000000
5100 -954.0000000000
5104 -953.0000000000
5106 -952.0000000000
5109 -951.0000000000
5111 -950.0000000000
5112 -949.0000000000
5127 -948.0000000000
5128 -947.0000000000
5135 -945.0000000000
5137 -944.0000000000
5154 -943.0000000000
5160 -942.0000000000
5183 -941.0000000000
5194 -940.0000000000
5209 -939.0000000000
5212 -938.0000000000
5214 -937.0000000000
5224 -936.0000000000
5226 -935.0000000000
5229 -933.0000000000
5245 -932.0000000000
5264 -931.0000000000
5267 -930.0000000000
5279 -929.0000000000
5295 -928.0000000000
5306 -927.0000000000
5312 -926.0000000000
5315 -925.0000000000
5337 -924.0000000000
5341 -923.0000000000
5342 -922.0000000000
5345 -921.0000000000
5366 -920.0000000000
5367 -919.0000000000
5368 -918.0000000000
5373 -917.0000000000
5378 -915.0000000000
5380 -914.0000000000
5414 -913.0000000000
5423 -912.0000000000
5450 -911.0000000000
5465 -910.0000000000
5471 -909.0000000000
5483 -908.0000000000
5507 -907.0000000000
5508 -906.0000000000
5512 -905.0000000000
5524 -904.0000000000
5527 -903.0000000000
5529 -902.0000000000
5543 -901.0000000000
5546 -900.0000000000
5550 -899.0000000000
5551 -898.0000000000
5552 -897.0000000000
5563 -896.0000000000
5584 -895.0000000000
5612 -893.0000000000
5630 -892.0000000000
5634 -891.0000000000
5636 -890.0000000000
5646 -889.0000000000
5672 -888.0000000000
5681 -887.0000000000
5697 -886.0000000000
5705 -885.0000000000
5706 -884.0000000000
5714 -882.0000000000
5719 -881.0000000000
5736 -880.0000000000
5761 -879.0000000000
5774 -878.0000000000
5776 -877.0000000000
5783 -876.0000000000
5804 -875.0000000000
5807 -874.0000000000
5817 -873.0000000000
5822 -872.0000000000
5831 -871.0000000000
5833 -870.0000000000
5841 -869.0000000000
5863 -868.0000000000
5894 -867.0000000000
5900 -866.0000000000
5901 -865.0000000000
5911 -864.0000000000
5934 -863.0000000000
5941 -861.0000000000
5945 -860.0000000000
5975 -859.0000000000
5979 -858.0000000000
5981 -857.0000000000
5993 -856.0000000000
6012 -855.0000000000
6013 -854.0000000000
6023 -853.0000000000
6034 -852.0000000000
6054 -850.0000000000
6059 -849.0000000000
6065 -848.0000000000
6069 -847.0000000000
6084 -846.0000000000
6115 -845.0000000000
6116 -844.0000000000
6120 -843.0000000000
6138 -842.0000000000
6141 -841.0000000000
6151 -840.0000000000
6158 -839.0000000000
6186 -838.0000000000
6206 -836.0000000000
6210 -835.0000000000
6225 -834.0000000000
6236 -833.0000000000
6246 -832.0000000000
6279 -831.0000000000
6290 -830.0000000000
6296 -829.0000000000
6307 -828.0000000000
6314 -827.0000000000
6316 -826.0000000000
6318 -825.0000000000
6385 -824.0000000000
6386 -823.0000000000
6388 -822.0000000000
6389 -821.0000000000
6464 -820.0000000000
6465 -819.0000000000
6471 -817.0000000000
6480 -816.0000000000
6490 -815.0000000000
6491 -814.0000000000
6506 -813.0000000000
6512 -812.0000000000
6516 -811.0000000000
6532 -809.0000000000
6539 -808.0000000000
6540 -807.0000000000
6543 -806.0000000000
6552 -805.0000000000
6588 -804.0000000000
6590 -803.0000000000
6609 -802.0000000000
6628 -801.0000000000
6629 -800.0000000000
6630 -799.0000000000
6637 -798.0000000000
6641 -797.0000000000
6642 -796.0000000000
6656 -795.0000000000
6664 -793.0000000000
6720 -792.0000000000
6730 -791.0000000000
6741 -790.0000000000
6745 -789.0000000000
6786 -788.0000000000
6790 -787.0000000000
6796 -786.0000000000
6825 -785.0000000000
6856 -784.0000000000
6860 -783.0000000000
6867 -782.0000000000
6873 -781.0000000000
6878 -779.0000000000
6881 -778.0000000000
6895 -777.0000000000
6900 -776.0000000000
6913 -775.0000000000
6926 -774.0000000000
6931 -773.0000000000
6932 -772.0000000000
6982 -771.0000000000
7003 -770.0000000000
7008 -769.0000000000
7015 -768.0000000000
7032 -767.0000000000
7034 -766.0000000000
7041 -765.0000000000
7055 -764.0000000000
7086 -763.0000000000
7087 -762.0000000000
7089 -761.0000000000
7100 -760.0000000000
7104 -759.0000000000
7124 -758.0000000000
7140 -757.0000000000
7154 -756.0000000000
7159 -755.0000000000
7160 -754.0000000000
7168 -752.0000000000
7179 -751.0000000000
7194 -750.0000000000
7205 -749.0000000000
7210 -748.0000000000
7225 -747.0000000000
7242 -746.0000000000
7251 -745.0000000000
7253 -744.0000000000
7274 -743.0000000000
7282 -742.0000000000
7285 -741.0000000000
7297 -740.0000000000
7308 -739.0000000000
7319 -738.0000000000
7333 -737.0000000000
7343 -736.0000000000
7359 -735.0000000000
7363 -734.0000000000
7383 -733.0000000000
7422 -732.0000000000
7438 -731.0000000000
7447 -730.0000000000
7449 -729.0000000000
7482 -728.0000000000
7483 -727.0000000000
7498 -726.0000000000
7503 -725.0000000000
7518 -723.0000000000
7530 -722.0000000000
7538 -721.0000000000
7556 -720.0000000000
7557 -719.0000000000
7581 -718.0000000000
7586 -717.0000000000
7597 -716.0000000000
7600 -715.0000000000
7618 -714.0000000000
7639 -713.0000000000
7666 -712.0000000000
7733 -711.0000000000
7737 -710.0000000000
7744 -709.0000000000
7748 -708.0000000000
7751 -707.0000000000
7759 -706.0000000000
7797 -705.0000000000
7798 -704.0000000000
7799 -703.0000000000
7836 -702.0000000000
7841 -701.0000000000
7853 -699.0000000000
7857 -698.0000000000
7858 -696.0000000000
7871 -695.0000000000
7878 -694.0000000000
7880 -693.0000000000
7890 -692.0000000000
7915 -691.0000000000
7937 -690.0000000000
7939 -689.0000000000
7992 -688.0000000000
8015 -687.0000000000
8040 -686.0000000000
8090 -685.0000000000
8106 -684.0000000000
8107 -683.0000000000
8116 -681.0000000000
8118 -680.0000000000
8125 -679.0000000000
8140 -678.0000000000
8153 -677.0000000000
8167 -675.0000000000
8177 -674.0000000000
8183 -673.0000000000
8188 -672.0000000000
8201 -671.0000000000
8203 -670.0000000000
8213 -669.0000000000
8234 -668.0000000000
8248 -667.0000000000
8251 -666.0000000000
8252 -665.0000000000
8279 -664.0000000000
8299 -662.0000000000
8301 -661.0000000000
8303 -660.0000000000
8304 -659.0000000000
8312 -658.0000000000
8314 -657.0000000000
8325 -656.0000000000
8345 -655.0000000000
8352 -654.0000000000
8355 -653.0000000000
8360 -652.0000000000
8370 -651.0000000000
8385 -650.0000000000
8402 -649.0000000000
8406 -648.0000000000
8407 -647.0000000000
8411 -646.0000000000
8416 -645.0000000000
8450 -644.0000000000
8458 -643.0000000000
8485 -642.0000000000
8510 -641.0000000000
8517 -640.0000000000
8562 -639.0000000000
8587 -638.0000000000
8617 -637.0000000000
8626 -636.0000000000
8632 -635.0000000000
8636 -634.0000000000
8647 -633.0000000000
8662 -632.0000000000
8677 -631.0000000000
8707 -630.0000000000
8719 -629.0000000000
8746 -628.0000000000
8747 -627.0000000000
8759 -626.0000000000
8760 -625.0000000000
8766 -624.0000000000
8804 -623.0000000000
8814 -622.0000000000
8839 -621.0000000000
8853 -619.0000000000
8869 -618.0000000000
8888 -617.0000000000
8902 -615.0000000000
8904 -614.0000000000
8915 -613.0000000000
8929 -612.0000000000
8957 -610.0000000000
8960 -609.0000000000
8993 -608.0000000000
8994 -607.0000000000
9012 -606.0000000000
9021 -605.0000000000
9028 -604.0000000000
9030 -603.0000000000
9033 -602.0000000000
9035 -601.0000000000
9052 -600.0000000000
9063 -599.0000000000
9089 -598.0000000000
9094 -597.0000000000
9104 -596.0000000000
9146 -595.0000000000
9173 -594.0000000000
9201 -593.0000000000
9209 -592.0000000000
9225 -591.0000000000
9238 -590.0000000000
9241 -589.0000000000
9262 -588.0000000000
9267 -587.0000000000
9275 -586.0000000000
9295 -585.0000000000
9299 -584.0000000000
9300 -583.0000000000
9326 -582.0000000000
9337 -581.0000000000
9382 -580.0000000000
9387 -579.0000000000
9388 -578.0000000000
9404 -577.0000000000
9416 -576.0000000000
9422 -575.0000000000
9428 -574.0000000000
9454 -572.0000000000
9457 -571.0000000000
9459 -570.0000000000
9460 -569.0000000000
9475 -568.0000000000
9527 -567.0000000000
9529 -566.0000000000
9538 -565.0000000000
9540 -564.0000000000
9550 -563.0000000000
9569 -562.0000000000
9573 -561.0000000000
9576 -560.0000000000
9598 -559.0000000000
9613 -558.0000000000
9621 -557.0000000000
9626 -556.0000000000
9627 -555.0000000000
9636 -554.0000000000
9680 -553.0000000000
9718 -552.0000000000
9829 -551.0000000000
9833 -550.0000000000
9838 -549.0000000000
9857 -548.0000000000
9863 -547.0000000000
9874 -546.0000000000
9898 -545.0000000000
9901 -544.0000000000
9922 -543.0000000000
9927 -542.0000000000
9940 -541.0000000000
9960 -540.0000000000
9984 -539.0000000000
9987 -538.0000000000
9989 -537.0000000000
10000 -539.0000000000
