evaluations raw_y
1 687748.6632456152
2 704537.0447277832
6 719658.4088456782
38 719748.3607259702
40 739082.3707596580
56 746138.4895080406
70 748211.5642560803
76 749835.5214289827
82 753480.3026160356
88 759250.2743185103
101 761110.9068358090
114 769047.8808802201
129 769682.0493220212
137 771168.5457506813
143 772438.3601206379
146 775806.3091194977
161 779004.7406162065
165 779138.6978730850
181 779219.9431645479
184 783908.5462834084
204 784655.0318394713
210 785368.0722888516
219 785652.5488904635
221 790535.5633281849
226 796079.7862981284
268 796543.5955466139
270 799099.5472745490
281 803104.5844921572
295 803218.6727242452
302 803829.8200529042
307 804482.0577653416
308 804512.1781126449
321 808317.5024953486
330 810246.4825264363
345 811644.7299828867
366 814444.3220912137
368 815837.6859749225
407 820160.6023159646
442 820384.5283111708
443 821222.3920904524
444 821691.7801912414
445 823047.7230702133
464 823275.3660006992
470 824650.5953272764
483 825229.7298584570
497 825779.6623068064
501 826015.9813141662
503 826159.2456780351
511 826379.0797040649
523 826712.6541113618
527 826748.0421493227
546 827345.1626081358
551 827934.3099127666
554 829059.5281250193
573 829409.3001444107
582 830906.1480589859
607 832086.8725746196
615 832322.6816271916
622 833363.1308125471
623 834012.2181356316
647 834017.9932787576
657 834736.9418821451
667 834755.5301573037
680 835959.9080651873
682 836773.6558480848
710 837477.3072777223
721 838545.3420537332
733 839009.3806379245
750 839262.5458661153
751 839297.4665543437
759 839427.5978205764
761 839868.6219754461
777 840512.1705843817
781 841073.5281419567
787 842434.6136346289
803 843569.3096011142
821 843848.2438130928
845 844292.4492359833
865 844971.2555338623
866 847010.6930822229
920 847697.9562638326
921 848465.0302439721
932 848491.8910586043
943 850176.3919769494
956 850227.8591830898
961 850978.9947167945
967 852608.9891029074
1000 852667.6081024756
1002 853875.6521736514
1025 854102.3477909456
1041 855432.6364568915
1083 855560.2327992567
1087 856844.1486887886
1108 857463.0627278902
1121 857795.7059858972
1126 858829.2629862003
1135 859099.0507364465
1147 859194.4579871900
1159 860056.4518849765
1162 860533.3855078823
1169 860735.7744838924
1186 861246.0132605829
1202 862058.5442622731
1238 862577.4516858588
1242 862753.8416818943
1250 862792.5225212888
1262 863060.0771454816
1263 863714.7968005362
1270 863846.3308878973
1286 864241.0247264875
1289 865487.6956666275
1303 865721.2090036467
1305 865809.7417547072
1315 865907.6772112935
1324 866359.8232711594
1325 866390.5040146045
1327 866393.4897074193
1342 867125.2113645370
1345 867179.0122053109
1353 867704.7988105216
1354 867891.2783125351
1367 867937.2873156347
1368 868244.9373722882
1386 868344.6224505728
1391 869126.2875342508
1395 869507.9013283270
1409 871786.7490456892
1444 872340.7246786397
1463 873265.3635280405
1499 873321.0428386001
1512 873553.7881608816
1517 873995.9150529824
1520 874158.5750480946
1528 874664.0196699171
1531 876097.3839918376
1546 876196.1246778308
1547 877782.2196758485
1554 878305.1994801323
1567 879186.5213856485
1592 880664.8405711078
1601 881113.8150580237
1602 881337.6675491096
1607 881526.2209764723
1621 881634.1830656680
1631 882448.3611711501
1635 883112.0700118233
1641 883182.5839657115
1643 884177.2477330876
1666 884797.7588307364
1682 886100.2183388659
1701 886324.8169508945
1705 888673.0933836146
1744 888834.0117715501
1745 889011.6666561773
1758 889692.9287545630
1768 890221.6993608895
1772 891932.2661215784
1788 892802.1628427383
1792 893626.3152707882
1804 893642.1481036647
1823 894276.0885232592
1837 894375.2429912542
1843 894731.6006545927
1868 894888.3114772466
1872 895025.0160186953
1884 895286.6984123273
1895 895551.3226147754
1897 895765.0484377978
1901 896609.2723893283
1911 897130.0081955489
1921 897673.8786426620
1945 897948.4011697215
1949 898688.2627594308
1965 898857.0651695824
1981 899009.9068698962
1987 899771.4482436373
1995 900468.5092775220
2003 902291.7768846672
2045 903630.9151383446
2067 904790.3147538056
2070 905293.9240971515
2082 905486.2818742170
2084 906242.1032940815
2095 906818.8936625288
2104 907731.8383645754
2134 908210.6978210568
2136 909146.9555085589
2142 909361.9150728344
2145 909814.2103009325
2154 910147.5119047767
2181 911691.5126853497
2201 911801.0641786315
2223 912250.0988049655
2229 912382.7530378115
2234 913739.5119718688
2260 914468.1664788878
2280 914850.8247941284
2281 914913.0683124057
2295 914913.5583191488
2302 914998.4770033867
2308 916410.9205791502
2314 917104.1843671739
2323 917270.0551671848
2332 917327.0888490910
2348 917423.3837450661
2353 918566.0929198697
2376 918894.2460215676
2382 919324.4698676164
2386 919394.8244526563
2389 919847.3246290215
2416 919901.4860983160
2422 919915.1417875392
2423 919996.7234526960
2431 920129.2465797120
2434 920977.1393698562
2443 921212.6731494119
2444 921534.5150521557
2462 922306.1149398747
2488 923065.5073438698
2501 923796.7650312865
2510 924705.9034006160
2521 925080.9679039594
2524 925318.4675597296
2539 925545.7158266813
2543 925834.0986420810
2549 925863.0708890086
2560 927433.9272445721
2584 927686.2407651210
2592 928071.5893195848
2605 929769.3518295239
2649 930298.5812173645
2652 931499.1214871019
2672 931712.8103064154
2687 932342.1953227025
2693 932689.8160263734
2704 933651.5982422067
2718 935340.8516802932
2751 935481.0594449549
2760 936223.0111102855
2763 936251.3971478284
2778 937101.6239923884
2789 937321.9029629770
2796 938555.8456091132
2822 938793.1174592840
2849 939062.0423263487
2861 939317.1465338707
2864 939492.9398208400
2868 939635.2515599470
2881 940508.0414953750
2904 941464.5232255590
2935 942497.2462860529
2945 942509.0793087804
2958 943655.9300773215
2967 945618.8779409868
2981 945794.5873990700
3010 946034.3255602015
3027 946336.5933591322
3029 946626.8016314820
3047 947527.8095861630
3083 948166.9290296028
3109 949624.6785391589
3123 949951.3808878402
3133 950374.0167773846
3149 950648.0060417638
3165 951064.4189455546
3174 952074.1589746696
3195 952576.2138816137
3197 953432.0724238278
3203 955476.4915871429
3236 956428.6584347124
3244 956549.4511773476
3254 956692.8304849812
3267 958081.7848302566
3288 958339.6300181625
3300 958405.2860908523
3303 959466.7505387483
3324 959466.9062411747
3329 959471.0823495463
3330 959545.3334103253
3331 961175.3132089035
3344 962787.5459231329
3401 963291.4824467867
3413 964028.3357359909
3432 964215.7595182258
3445 964539.9901877027
3457 965008.4876417898
3467 965478.3402643307
3488 966903.3720975647
3507 967559.6275722433
3518 968338.1918009070
3558 968553.1554522258
3564 969150.8284735237
3574 969242.4644995308
3577 969345.3315306661
3582 969896.0153650922
3606 970016.7927394775
3621 970074.1880826219
3623 970379.5737686356
3628 971094.4414057876
3656 971400.3638259362
3680 971824.5061132007
3681 972053.6033176827
3684 972382.7820513374
3704 972654.1529945021
3709 973149.6786731496
3741 973365.4834243540
3742 973825.0284613898
3749 975712.6106439142
3761 976013.5141434266
3772 976083.5243160883
3781 977789.6152964780
3815 977921.4796993089
3831 978253.5564860695
3841 978566.9600232907
3845 979136.0412382921
3859 979402.5273539318
3873 980373.6964202456
3874 980724.7487140998
3881 980792.6963844257
3897 981453.9780335306
3910 981891.5738313617
3925 982297.4236812704
3928 982472.6166221665
3946 982597.5486612754
3952 983490.5518232880
3982 983514.6395466096
3989 983649.8228997893
3999 984170.4614913421
4001 984489.8663468719
4007 984792.0749558014
4026 984868.0547667531
4049 985265.3147995754
4060 985750.2441381066
4079 985947.3338295441
4084 985999.0288726472
4085 986414.1092863925
4094 986452.3682089600
4102 986831.5547249420
4126 987393.5535102193
4127 987403.1235839711
4154 987614.7029583550
4165 988364.8619673110
4178 988870.0110345286
4193 989930.9946485917
4226 990522.3989845043
4237 992150.2635177301
4268 992177.4292110349
4275 992318.3675664044
4281 992459.3994794993
4288 992967.4378725049
4294 993290.4556597024
4306 993424.3776060470
4308 993511.0830791825
4315 994023.7535003379
4343 994101.5690925957
4348 994484.5262745789
4352 996213.2058650968
4383 996444.3379686049
4406 996912.5479641177
4412 996953.8038388811
4429 997022.1058957594
4441 997516.4342661311
4445 997993.2311016702
4463 998196.1401213757
4469 998216.2324970411
4475 998525.5815451103
4482 998765.6570257563
4501 999588.0512559498
4505 999668.7422489742
4510 999773.6193960060
4524 1000322.7428826633
4532 1000366.9086050151
4551 1002212.9153582213
4568 1002601.2612660916
4587 1002687.8750929456
4595 1002831.9146901092
4598 1003158.4383365314
4617 1003406.7544809089
4623 1003854.3162625354
4630 1004172.4681742085
4644 1004393.4481976005
4657 1004405.9851516765
4678 1004424.5803373546
4685 1005188.6662534788
4703 1005247.4714879130
4707 1005427.5007723513
4713 1006033.7317525023
4731 1006079.2185002778
4733 1006451.1930165397
4746 1007173.9389283695
4760 1007665.8443391699
4775 1008043.2942910020
4778 1008725.0936070225
4794 1008732.8438269499
4800 1009829.1526073540
4825 1010633.9255957669
4834 1011136.8306640119
4845 1011561.6857046477
4848 1011693.1552723576
4861 1011984.6084613721
4873 1012016.1277867025
4880 1012655.8715740230
4881 1012775.9416449572
4902 1012884.5542197011
4905 1013090.7758909516
4916 1013377.9755337100
4927 1013720.2259460619
4932 1013849.5921044132
4933 1014953.5819595614
4940 1015091.8738180862
4942 1015355.4510786161
4967 1015374.8090166068
4979 1015720.8307319431
4980 1016487.4982829193
4984 1016684.1757202530
4997 1017256.8293722988
5036 1017295.5075420813
5044 1017576.4362296383
5051 1018154.2016593338
5060 1018254.3600676052
5064 1019340.4165758912
5095 1019448.9233549366
5102 1019850.5313396208
5108 1020100.8082724113
5130 1021275.5842118177
5154 1021380.4750816288
5158 1021607.8178240751
5160 1021714.3319144731
5169 1022483.9801298348
5170 1022677.3034390748
5182 1023075.5455411735
5189 1023540.2208352141
5193 1023814.7983852524
5199 1024498.1665086984
5205 1024590.0183024686
5226 1026050.3537620276
5233 1026455.8912445934
5248 1026633.8418957293
5264 1026905.8097227642
5291 1027181.9148644309
5294 1027543.5023724150
5314 1027947.6422242548
5317 1028697.1412421379
5326 1029942.7232390920
5352 1030108.7083932993
5356 1030294.0755021764
5366 1031054.8300956636
5374 1031149.5250004787
5385 1031489.9254953122
5423 1032334.6801355781
5476 1032516.8299672102
5478 1032651.1476037485
5485 1033565.2609289475
5518 1034174.0243806624
5551 1034247.7988396308
5553 1034596.6976995486
5555 1034989.9635056882
5572 1035028.4626736310
5577 1035271.0151702366
5582 1035384.9809667135
5588 1035703.1988518104
5630 1036522.2981943201
5646 1036660.2420477089
5652 1036674.2017089027
5653 1036734.0992930019
5658 1037491.0648130630
5662 1037767.2219846983
5682 1038032.5908803323
5688 1038179.8682970909
5702 1038538.8085938814
5708 1039449.6290405970
5726 1040488.1285421838
5752 1040975.2413830823
5763 1041262.8094972919
5786 1041483.4653761456
5790 1042285.0030809087
5808 1042463.0327717997
5824 1042936.2390846412
5825 1044514.6191104606
5848 1045172.7518879944
5860 1045379.0404935800
5875 1046200.3959553720
5891 1047467.7428048141
5917 1047652.9663435785
5921 1048050.5855778446
5930 1048145.0555473591
5943 1048266.7551521988
5947 1048346.3124121331
5953 1048572.0836231394
5965 1049400.3795491627
5984 1049473.7822352529
5985 1049588.5954940836
5986 1050076.0901871712
6002 1050077.6756182159
6004 1050678.4788800471
6017 1051191.3297175583
6033 1051866.3880092024
6052 1052390.1900146054
6071 1053133.7409953715
6072 1053300.0541949803
6093 1053461.0290244985
6110 1053738.3551104763
6126 1054093.8963577379
6137 1054848.1040951738
6150 1055069.4894898774
6154 1055728.0110410231
6161 1056212.3451008780
6170 1056545.0566889006
6192 1056892.7037736420
6203 1057056.8193960781
6208 1057150.8845128529
6211 1058031.6744025066
6238 1058646.4184897107
6243 1058751.7420871791
6267 1059813.4599984447
6286 1059838.8160820068
6301 1060172.3309557303
6302 1060304.3420614311
6311 1060676.5083310106
6326 1060788.7878559132
6330 1061243.1615678829
6343 1062614.0460747650
6354 1062885.9168858170
6373 1063194.4485861294
6383 1063436.8077363158
6397 1063868.7634000224
6431 1063888.3412100216
6442 1064093.2855020126
6449 1064397.3288706420
6451 1064531.2781807543
6466 1064544.8167446880
6477 1065144.3116156124
6483 1065990.9734581469
6507 1066111.8834798024
6519 1066299.3735260970
6521 1066315.3703393573
6524 1066927.5708543002
6541 1067240.7819447380
6564 1067879.9048545545
6587 1068158.4636944707
6602 1068160.9318103278
6613 1068548.3776890468
6618 1068906.5342684698
6634 1070357.0594692419
6673 1070781.1380606056
6694 1070844.8238353473
6695 1071133.4569437762
6715 1071619.3560693846
6723 1071862.1359403164
6736 1071970.0695507508
6744 1072445.4959181438
6750 1072457.8900673920
6766 1072749.0000079367
6769 1072806.0922569735
6772 1073136.0594134626
6774 1073404.7811042280
6788 1074585.4857123813
6821 1075351.8483889976
6846 1075554.7110967853
6876 1075741.8261303913
6878 1076024.2518690147
6883 1076103.3490172189
6886 1076117.8392980210
6890 1076896.3796759655
6901 1077335.0980237140
6918 1078028.4864811762
6945 1078123.4967516814
6953 1078549.8883312293
6956 1079210.4035921881
6990 1080084.6934482283
7006 1080299.7995936363
7016 1080539.6874321119
7022 1081977.7099378621
7061 1082174.3074637428
7064 1082741.7281692233
7065 1083105.9185785842
7081 1083421.5691018356
7092 1083655.1362832880
7102 1084261.2363379886
7103 1085153.4641931769
7123 1085589.3693259673
7142 1085714.1908550917
7150 1086153.9667753635
7151 1086283.2057522396
7156 1086691.8281734125
7160 1086805.9547203418
7164 1087055.8898835357
7177 1087357.6302581523
7182 1087983.7661495302
7193 1088517.8575292409
7218 1089426.3120653906
7232 1090305.6225458309
7268 1090481.9950376560
7288 1091076.6587669516
7327 1091182.9791012632
7334 1091396.7821563357
7348 1091436.1982229939
7356 1091922.9082253808
7380 1092611.1242406941
7406 1092814.2487649538
7411 1092980.1237725588
7418 1093003.5475890662
7423 1093744.2514744252
7441 1094367.8049639824
7454 1094459.2523296091
7456 1094490.3317381048
7462 1095106.3344939046
7494 1095134.6425495567
7500 1095305.4014403925
7514 1095668.7848792926
7515 1096364.0082788656
7529 1097352.8743564410
7559 1098325.5362526467
7586 1098496.8814506391
7603 1099296.5105479348
7630 1099531.6304850508
7645 1099819.9541662445
7670 1099877.9084294413
7672 1100292.2436372126
7683 1100506.6808789682
7715 1100849.8566111678
7719 1101577.5318331427
7740 1101580.5964809398
7743 1101651.6663595403
7744 1102104.4481799225
7745 1102579.7013724118
7755 1103140.1322876846
7761 1103870.1005249070
7772 1104177.4854870699
7790 1104520.4575692585
7800 1104643.1132880670
7801 1105293.5651387181
7810 1105511.3614472640
7828 1105689.4467613443
7838 1105771.2763138979
7850 1105773.3933106998
7853 1106129.8701150566
7860 1106607.2286439307
7876 1108078.1489453942
7904 1109793.2053662064
7937 1109923.9390671293
7941 1110244.8151950825
7943 1110729.8262546777
7965 1110928.8454247585
7987 1111388.3569721912
7998 1111501.4250218363
8001 1111806.5342030579
8002 1112203.0239637892
8005 1112662.1847488647
8016 1113409.4178846427
8023 1113477.9945283015
8061 1114948.2181945557
8115 1116263.0562741982
8124 1116560.7613623901
8155 1116649.7579604704
8160 1117969.8708658789
8201 1118320.1500696351
8226 1118506.9810111839
8231 1118587.4028184458
8249 1118820.6317018899
8266 1119220.7887454771
8270 1119503.5014648666
8285 1119752.8593501977
8289 1119908.5540921250
8313 1119962.0558511224
8337 1120292.2622099274
8345 1120379.2766644845
8346 1120755.6781131092
8361 1121445.0410665567
8374 1121736.5775190687
8385 1122141.6422624122
8433 1122870.6464580914
8439 1122955.6149694442
8461 1123204.1460648593
8471 1123528.5024263982
8477 1123850.8515911999
8481 1124041.1261334091
8483 1124263.7166006796
8490 1124638.9053478942
8497 1124720.8675424000
8506 1125085.6464894318
8527 1125669.1884409662
8530 1126317.3156301894
8541 1126847.2808725922
8574 1127229.5337076928
8589 1127885.8664140222
8614 1128005.4094793631
8618 1128053.8785683671
8626 1128623.7175170036
8645 1129019.4801751536
8661 1129830.5562364829
8665 1129890.3925624976
8673 1130402.9704676203
8682 1130446.5676237575
8689 1131284.3729864405
8698 1131993.0513114166
8721 1132274.6051310450
8725 1132657.1611946877
8742 1133192.2808735282
8762 1133408.4943775297
8774 1133457.8643954787
8787 1133846.7834169643
8806 1134379.8805731731
8816 1134650.6602832275
8823 1135341.0822922434
8842 1135414.1926027681
8847 1135970.8039972868
8865 1136140.9515386221
8883 1136153.9474323939
8885 1136694.6522409455
8894 1136833.0804776680
8909 1138282.6884293922
8919 1138295.9832280197
8925 1139123.1087216965
8969 1139386.5384125626
8971 1140262.5917444837
8983 1140384.3975188893
9000 1140883.5517149931
9010 1140963.8538938048
9022 1141333.0872680312
9024 1141535.6967413754
9029 1142434.3857457635
9070 1143210.4894026655
9071 1143427.0827811323
9088 1143905.8887214004
9109 1144506.6055105445
9133 1144553.7652253106
9140 1145077.7105862426
9153 1145085.7902546844
9166 1145810.7499840504
9167 1145877.7470118597
9172 1145906.3498378834
9177 1146010.6552038961
9180 1146772.6337153851
9191 1147009.4415860679
9203 1147078.0984608349
9212 1147181.5022052671
9214 1147474.1988151234
9217 1147516.0166076734
9225 1147879.0014586865
9238 1148620.2689698583
9255 1148663.4343460076
9256 1148877.5260008939
9263 1148879.6623558607
9267 1148969.5574726961
9282 1150138.4665475632
9334 1150329.9862834786
9341 1150814.2887331026
9359 1152608.0901364870
9366 1152894.8468630835
9389 1152979.7864672160
9406 1153140.0325619739
9415 1153321.8339216718
9424 1153853.7512231111
9434 1153944.6994953824
9453 1154208.2224221097
9456 1154497.3276621129
9463 1154771.7863921402
9467 1156302.5475181395
9490 1157566.2034951488
9524 1158326.9084699752
9543 1158722.4101421556
9567 1159611.7988802369
9595 1160143.1484682290
9606 1160634.6239595395
9615 1160791.1948106580
9622 1160942.5376887717
9624 1160975.1850882042
9638 1161960.9800737966
9662 1162437.0816002914
9671 1162447.4604201228
9673 1163028.5878167159
9675 1163092.9275618142
9695 1163432.5812743064
9698 1163449.2690116083
9706 1163726.3879712934
9718 1164274.4443568103
9722 1164740.5279706805
9741 1165015.1172644561
9743 1165102.8359822948
9761 1165255.9655513198
9768 1165653.8110470870
9781 1167029.8798546642
9805 1167164.7820512275
9811 1167417.2052325194
9821 1167507.5192177843
9840 1167756.5680522271
9870 1167825.8665019185
9874 1168243.2428256881
9881 1168428.7695700906
9891 1168946.8775763840
9905 1169087.0578190321
9914 1169911.4063676526
9927 1170057.3290511156
9952 1170409.8434443956
9953 1170524.1191856195
9968 1170709.8637122638
9980 1170911.3420306828
9991 1171389.0135231048
9994 1171684.3780309539
10000 1169889.2184820981
