evaluations raw_y
1 -1973.0000000000
2 -1972.0000000000
3 -1971.0000000000
4 -1970.0000000000
19 -1968.0000000000
24 -1967.0000000000
26 -1966.0000000000
32 -1965.0000000000
36 -1964.0000000000
37 -1962.0000000000
44 -1961.0000000000
54 -1960.0000000000
55 -1958.0000000000
58 -1957.0000000000
62 -1956.0000000000
66 -1955.0000000000
71 -1954.0000000000
72 -1953.0000000000
80 -1952.0000000000
82 -1951.0000000000
83 -1950.0000000000
86 -1949.0000000000
87 -1948.0000000000
96 -1947.0000000000
98 -1946.0000000000
101 -1945.0000000000
107 -1944.0000000000
110 -1943.0000000000
112 -1942.0000000000
113 -1940.0000000000
125 -1939.0000000000
126 -1937.0000000000
128 -1935.0000000000
131 -1934.0000000000
133 -1931.0000000000
141 -1930.0000000000
144 -1929.0000000000
146 -1928.0000000000
150 -1927.0000000000
155 -1926.0000000000
156 -1925.0000000000
157 -1924.0000000000
158 -1923.0000000000
159 -1922.0000000000
161 -1920.0000000000
166 -1919.0000000000
171 -1917.0000000000
176 -1915.0000000000
178 -1914.0000000000
181 -1913.0000000000
186 -1912.0000000000
187 -1911.0000000000
192 -1910.0000000000
195 -1909.0000000000
199 -1908.0000000000
200 -1907.0000000000
201 -1905.0000000000
204 -1904.0000000000
207 -1903.0000000000
217 -1902.0000000000
221 -1901.0000000000
225 -1900.0000000000
231 -1899.0000000000
232 -1898.0000000000
237 -1896.0000000000
238 -1893.0000000000
240 -1892.0000000000
242 -1891.0000000000
250 -1890.0000000000
251 -1889.0000000000
252 -1887.0000000000
259 -1886.0000000000
261 -1885.0000000000
264 -1884.0000000000
265 -1883.0000000000
268 -1881.0000000000
270 -1880.0000000000
273 -1878.0000000000
276 -1877.0000000000
292 -1876.0000000000
295 -1875.0000000000
301 -1874.0000000000
304 -1873.0000000000
309 -1872.0000000000
313 -1870.0000000000
315 -1869.0000000000
317 -1868.0000000000
318 -1867.0000000000
319 -1866.0000000000
320 -1865.0000000000
322 -1864.0000000000
326 -1862.0000000000
336 -1861.0000000000
339 -1860.0000000000
340 -1859.0000000000
358 -1858.0000000000
361 -1857.0000000000
362 -1856.0000000000
366 -1855.0000000000
372 -1854.0000000000
373 -1852.0000000000
374 -1851.0000000000
377 -1850.0000000000
382 -1848.0000000000
391 -1847.0000000000
394 -1845.0000000000
397 -1844.0000000000
401 -1843.0000000000
404 -1842.0000000000
407 -1841.0000000000
408 -1839.0000000000
410 -1837.0000000000
414 -1836.0000000000
415 -1835.0000000000
419 -1834.0000000000
425 -1831.0000000000
431 -1829.0000000000
434 -1827.0000000000
435 -1826.0000000000
438 -1825.0000000000
443 -1824.0000000000
448 -1823.0000000000
468 -1821.0000000000
470 -1820.0000000000
471 -1819.0000000000
475 -1818.0000000000
480 -1817.0000000000
481 -1816.0000000000
485 -1815.0000000000
489 -1814.0000000000
501 -1813.0000000000
510 -1812.0000000000
518 -1811.0000000000
524 -1809.0000000000
526 -1807.0000000000
529 -1806.0000000000
535 -1804.0000000000
543 -1803.0000000000
544 -1802.0000000000
550 -1801.0000000000
557 -1800.0000000000
561 -1798.0000000000
562 -1797.0000000000
563 -1796.0000000000
570 -1795.0000000000
572 -1794.0000000000
574 -1793.0000000000
582 -1791.0000000000
591 -1790.0000000000
594 -1788.0000000000
612 -1786.0000000000
620 -1785.0000000000
621 -1784.0000000000
624 -1783.0000000000
633 -1780.0000000000
636 -1778.0000000000
637 -1777.0000000000
642 -1776.0000000000
644 -1775.0000000000
645 -1773.0000000000
649 -1772.0000000000
664 -1771.0000000000
666 -1769.0000000000
667 -1768.0000000000
671 -1766.0000000000
677 -1765.0000000000
678 -1764.0000000000
687 -1763.0000000000
688 -1761.0000000000
693 -1760.0000000000
696 -1759.0000000000
699 -1758.0000000000
701 -1757.0000000000
703 -1756.0000000000
704 -1755.0000000000
709 -1754.0000000000
716 -1753.0000000000
717 -1752.0000000000
718 -1751.0000000000
719 -1749.0000000000
720 -1747.0000000000
727 -1745.0000000000
728 -1744.0000000000
738 -1743.0000000000
743 -1742.0000000000
744 -1740.0000000000
748 -1739.0000000000
749 -1738.0000000000
751 -1737.0000000000
752 -1736.0000000000
753 -1735.0000000000
754 -1734.0000000000
761 -1733.0000000000
766 -1731.0000000000
770 -1730.0000000000
776 -1729.0000000000
777 -1728.0000000000
787 -1727.0000000000
790 -1726.0000000000
794 -1725.0000000000
796 -1724.0000000000
803 -1723.0000000000
805 -1722.0000000000
807 -1721.0000000000
809 -1720.0000000000
825 -1718.0000000000
828 -1715.0000000000
830 -1714.0000000000
840 -1713.0000000000
841 -1712.0000000000
846 -1711.0000000000
847 -1709.0000000000
848 -1707.0000000000
854 -1706.0000000000
857 -1705.0000000000
862 -1704.0000000000
864 -1703.0000000000
875 -1702.0000000000
889 -1701.0000000000
894 -1700.0000000000
897 -1699.0000000000
899 -1698.0000000000
903 -1697.0000000000
905 -1696.0000000000
909 -1695.0000000000
914 -1694.0000000000
917 -1693.0000000000
918 -1691.0000000000
920 -1688.0000000000
928 -1687.0000000000
932 -1686.0000000000
938 -1685.0000000000
942 -1684.0000000000
947 -1683.0000000000
950 -1681.0000000000
956 -1680.0000000000
957 -1679.0000000000
961 -1678.0000000000
972 -1677.0000000000
983 -1674.0000000000
987 -1673.0000000000
988 -1671.0000000000
990 -1670.0000000000
992 -1669.0000000000
995 -1667.0000000000
998 -1666.0000000000
1002 -1665.0000000000
1003 -1663.0000000000
1006 -1662.0000000000
1017 -1661.0000000000
1020 -1660.0000000000
1034 -1659.0000000000
1036 -1658.0000000000
1037 -1657.0000000000
1044 -1656.0000000000
1051 -1655.0000000000
1054 -1654.0000000000
1062 -1653.0000000000
1064 -1652.0000000000
1086 -1651.0000000000
1089 -1650.0000000000
1112 -1649.0000000000
1121 -1647.0000000000
1122 -1646.0000000000
1123 -1645.0000000000
1126 -1644.0000000000
1132 -1641.0000000000
1134 -1640.0000000000
1135 -1639.0000000000
1137 -1638.0000000000
1140 -1636.0000000000
1143 -1634.0000000000
1150 -1633.0000000000
1151 -1632.0000000000
1154 -1631.0000000000
1156 -1629.0000000000
1165 -1628.0000000000
1170 -1627.0000000000
1172 -1626.0000000000
1175 -1623.0000000000
1182 -1622.0000000000
1186 -1621.0000000000
1188 -1620.0000000000
1191 -1618.0000000000
1195 -1617.0000000000
1196 -1616.0000000000
1202 -1615.0000000000
1209 -1614.0000000000
1215 -1613.0000000000
1219 -1611.0000000000
1223 -1610.0000000000
1230 -1609.0000000000
1232 -1608.0000000000
1237 -1607.0000000000
1240 -1606.0000000000
1243 -1605.0000000000
1246 -1604.0000000000
1247 -1603.0000000000
1255 -1602.0000000000
1256 -1600.0000000000
1278 -1598.0000000000
1281 -1597.0000000000
1285 -1596.0000000000
1296 -1595.0000000000
1301 -1593.0000000000
1303 -1592.0000000000
1308 -1591.0000000000
1309 -1590.0000000000
1310 -1589.0000000000
1313 -1588.0000000000
1319 -1587.0000000000
1335 -1586.0000000000
1338 -1585.0000000000
1341 -1583.0000000000
1349 -1582.0000000000
1350 -1581.0000000000
1355 -1580.0000000000
1377 -1579.0000000000
1379 -1577.0000000000
1384 -1576.0000000000
1386 -1575.0000000000
1399 -1574.0000000000
1400 -1573.0000000000
1404 -1572.0000000000
1405 -1571.0000000000
1408 -1569.0000000000
1412 -1567.0000000000
1416 -1565.0000000000
1429 -1564.0000000000
1431 -1563.0000000000
1432 -1562.0000000000
1437 -1561.0000000000
1439 -1558.0000000000
1443 -1557.0000000000
1448 -1556.0000000000
1456 -1555.0000000000
1461 -1553.0000000000
1482 -1552.0000000000
1505 -1551.0000000000
1509 -1550.0000000000
1516 -1549.0000000000
1519 -1548.0000000000
1521 -1547.0000000000
1529 -1546.0000000000
1532 -1545.0000000000
1535 -1544.0000000000
1543 -1543.0000000000
1551 -1542.0000000000
1553 -1541.0000000000
1555 -1540.0000000000
1558 -1539.0000000000
1564 -1538.0000000000
1574 -1537.0000000000
1575 -1536.0000000000
1578 -1535.0000000000
1594 -1534.0000000000
1599 -1533.0000000000
1600 -1532.0000000000
1602 -1531.0000000000
1606 -1530.0000000000
1624 -1529.0000000000
1644 -1528.0000000000
1645 -1527.0000000000
1648 -1526.0000000000
1652 -1525.0000000000
1665 -1523.0000000000
1666 -1522.0000000000
1667 -1520.0000000000
1668 -1518.0000000000
1678 -1517.0000000000
1683 -1516.0000000000
1690 -1515.0000000000
1695 -1514.0000000000
1698 -1513.0000000000
1701 -1512.0000000000
1727 -1511.0000000000
1734 -1510.0000000000
1735 -1509.0000000000
1741 -1508.0000000000
1742 -1507.0000000000
1746 -1506.0000000000
1750 -1505.0000000000
1751 -1504.0000000000
1756 -1503.0000000000
1766 -1502.0000000000
1776 -1501.0000000000
1781 -1500.0000000000
1801 -1498.0000000000
1805 -1497.0000000000
1807 -1496.0000000000
1817 -1495.0000000000
1818 -1494.0000000000
1827 -1493.0000000000
1832 -1492.0000000000
1833 -1490.0000000000
1848 -1489.0000000000
1852 -1488.0000000000
1859 -1487.0000000000
1863 -1486.0000000000
1864 -1484.0000000000
1872 -1483.0000000000
1878 -1482.0000000000
1880 -1481.0000000000
1883 -1479.0000000000
1884 -1478.0000000000
1890 -1477.0000000000
1903 -1476.0000000000
1904 -1474.0000000000
1915 -1473.0000000000
1920 -1472.0000000000
1922 -1470.0000000000
1930 -1469.0000000000
1952 -1468.0000000000
1960 -1467.0000000000
1964 -1466.0000000000
1967 -1465.0000000000
1975 -1464.0000000000
1980 -1463.0000000000
1986 -1462.0000000000
1995 -1461.0000000000
2002 -1460.0000000000
2007 -1459.0000000000
2011 -1457.0000000000
2012 -1456.0000000000
2017 -1455.0000000000
2020 -1454.0000000000
2026 -1452.0000000000
2034 -1451.0000000000
2047 -1449.0000000000
2049 -1448.0000000000
2055 -1446.0000000000
2064 -1445.0000000000
2065 -1444.0000000000
2067 -1443.0000000000
2068 -1442.0000000000
2082 -1441.0000000000
2085 -1440.0000000000
2086 -1439.0000000000
2091 -1438.0000000000
2094 -1437.0000000000
2103 -1436.0000000000
2104 -1435.0000000000
2111 -1434.0000000000
2116 -1433.0000000000
2119 -1431.0000000000
2120 -1430.0000000000
2121 -1429.0000000000
2123 -1428.0000000000
2124 -1427.0000000000
2129 -1426.0000000000
2131 -1425.0000000000
2139 -1424.0000000000
2144 -1423.0000000000
2146 -1422.0000000000
2147 -1421.0000000000
2157 -1420.0000000000
2163 -1419.0000000000
2173 -1417.0000000000
2174 -1416.0000000000
2175 -1415.0000000000
2176 -1414.0000000000
2178 -1413.0000000000
2188 -1411.0000000000
2189 -1410.0000000000
2191 -1409.0000000000
2200 -1408.0000000000
2210 -1407.0000000000
2220 -1405.0000000000
2225 -1404.0000000000
2238 -1403.0000000000
2246 -1401.0000000000
2247 -1400.0000000000
2256 -1398.0000000000
2272 -1396.0000000000
2288 -1395.0000000000
2289 -1394.0000000000
2290 -1393.0000000000
2291 -1392.0000000000
2292 -1391.0000000000
2313 -1390.0000000000
2324 -1389.0000000000
2325 -1388.0000000000
2327 -1387.0000000000
2329 -1386.0000000000
2333 -1384.0000000000
2334 -1383.0000000000
2345 -1382.0000000000
2349 -1381.0000000000
2353 -1380.0000000000
2371 -1379.0000000000
2372 -1377.0000000000
2374 -1376.0000000000
2375 -1375.0000000000
2378 -1374.0000000000
2380 -1373.0000000000
2383 -1372.0000000000
2394 -1371.0000000000
2397 -1368.0000000000
2402 -1367.0000000000
2410 -1366.0000000000
2414 -1364.0000000000
2427 -1363.0000000000
2430 -1362.0000000000
2433 -1361.0000000000
2435 -1360.0000000000
2441 -1359.0000000000
2443 -1358.0000000000
2450 -1357.0000000000
2452 -1356.0000000000
2463 -1355.0000000000
2469 -1354.0000000000
2474 -1352.0000000000
2476 -1351.0000000000
2486 -1350.0000000000
2487 -1349.0000000000
2489 -1348.0000000000
2502 -1347.0000000000
2507 -1346.0000000000
2514 -1344.0000000000
2520 -1343.0000000000
2548 -1342.0000000000
2549 -1341.0000000000
2563 -1340.0000000000
2567 -1339.0000000000
2579 -1338.0000000000
2581 -1337.0000000000
2583 -1336.0000000000
2584 -1334.0000000000
2592 -1333.0000000000
2603 -1332.0000000000
2614 -1331.0000000000
2617 -1328.0000000000
2621 -1327.0000000000
2627 -1326.0000000000
2633 -1325.0000000000
2638 -1324.0000000000
2643 -1323.0000000000
2653 -1322.0000000000
2660 -1321.0000000000
2665 -1320.0000000000
2668 -1319.0000000000
2676 -1318.0000000000
2679 -1317.0000000000
2680 -1316.0000000000
2687 -1314.0000000000
2690 -1313.0000000000
2696 -1312.0000000000
2700 -1311.0000000000
2713 -1310.0000000000
2714 -1309.0000000000
2715 -1308.0000000000
2718 -1307.0000000000
2721 -1306.0000000000
2723 -1304.0000000000
2724 -1303.0000000000
2726 -1302.0000000000
2728 -1301.0000000000
2736 -1300.0000000000
2739 -1299.0000000000
2740 -1298.0000000000
2741 -1296.0000000000
2751 -1295.0000000000
2754 -1294.0000000000
2761 -1293.0000000000
2764 -1291.0000000000
2767 -1290.0000000000
2771 -1289.0000000000
2779 -1288.0000000000
2780 -1286.0000000000
2783 -1285.0000000000
2797 -1284.0000000000
2799 -1283.0000000000
2813 -1282.0000000000
2815 -1281.0000000000
2817 -1280.0000000000
2825 -1279.0000000000
2834 -1278.0000000000
2843 -1277.0000000000
2846 -1276.0000000000
2855 -1275.0000000000
2858 -1274.0000000000
2870 -1273.0000000000
2888 -1272.0000000000
2889 -1271.0000000000
2890 -1270.0000000000
2892 -1269.0000000000
2896 -1267.0000000000
2916 -1265.0000000000
2921 -1264.0000000000
2922 -1263.0000000000
2934 -1262.0000000000
2938 -1260.0000000000
2940 -1259.0000000000
2946 -1258.0000000000
2958 -1257.0000000000
2965 -1256.0000000000
2974 -1255.0000000000
2991 -1253.0000000000
2994 -1252.0000000000
3020 -1251.0000000000
3021 -1249.0000000000
3049 -1248.0000000000
3053 -1247.0000000000
3079 -1246.0000000000
3080 -1245.0000000000
3100 -1244.0000000000
3103 -1243.0000000000
3114 -1242.0000000000
3122 -1241.0000000000
3124 -1240.0000000000
3134 -1239.0000000000
3138 -1237.0000000000
3147 -1236.0000000000
3150 -1235.0000000000
3161 -1234.0000000000
3166 -1233.0000000000
3170 -1232.0000000000
3172 -1231.0000000000
3174 -1230.0000000000
3177 -1229.0000000000
3185 -1228.0000000000
3192 -1227.0000000000
3197 -1225.0000000000
3200 -1224.0000000000
3201 -1223.0000000000
3207 -1222.0000000000
3209 -1221.0000000000
3210 -1218.0000000000
3211 -1216.0000000000
3214 -1215.0000000000
3215 -1214.0000000000
3220 -1213.0000000000
3229 -1212.0000000000
3233 -1211.0000000000
3243 -1210.0000000000
3246 -1209.0000000000
3248 -1208.0000000000
3251 -1207.0000000000
3259 -1206.0000000000
3263 -1205.0000000000
3264 -1204.0000000000
3267 -1203.0000000000
3274 -1202.0000000000
3275 -1201.0000000000
3279 -1200.0000000000
3295 -1199.0000000000
3302 -1198.0000000000
3326 -1197.0000000000
3331 -1195.0000000000
3343 -1194.0000000000
3344 -1193.0000000000
3348 -1192.0000000000
3351 -1191.0000000000
3364 -1190.0000000000
3366 -1189.0000000000
3378 -1188.0000000000
3387 -1187.0000000000
3388 -1186.0000000000
3396 -1185.0000000000
3407 -1183.0000000000
3427 -1182.0000000000
3430 -1181.0000000000
3438 -1180.0000000000
3444 -1179.0000000000
3446 -1178.0000000000
3453 -1177.0000000000
3462 -1176.0000000000
3463 -1175.0000000000
3484 -1174.0000000000
3487 -1173.0000000000
3496 -1172.0000000000
3499 -1171.0000000000
3501 -1170.0000000000
3503 -1169.0000000000
3504 -1168.0000000000
3507 -1167.0000000000
3514 -1166.0000000000
3521 -1165.0000000000
3526 -1164.0000000000
3535 -1163.0000000000
3547 -1162.0000000000
3556 -1161.0000000000
3570 -1160.0000000000
3571 -1158.0000000000
3581 -1157.0000000000
3585 -1156.0000000000
3588 -1155.0000000000
3607 -1154.0000000000
3608 -1153.0000000000
3611 -1152.0000000000
3614 -1151.0000000000
3619 -1150.0000000000
3620 -1149.0000000000
3635 -1148.0000000000
3641 -1147.0000000000
3650 -1146.0000000000
3656 -1144.0000000000
3675 -1143.0000000000
3677 -1142.0000000000
3681 -1141.0000000000
3685 -1140.0000000000
3690 -1139.0000000000
3691 -1138.0000000000
3701 -1137.0000000000
3706 -1136.0000000000
3714 -1135.0000000000
3726 -1134.0000000000
3728 -1133.0000000000
3730 -1132.0000000000
3733 -1130.0000000000
3735 -1129.0000000000
3744 -1128.0000000000
3782 -1127.0000000000
3807 -1126.0000000000
3808 -1125.0000000000
3820 -1124.0000000000
3824 -1123.0000000000
3826 -1122.0000000000
3834 -1121.0000000000
3838 -1120.0000000000
3857 -1119.0000000000
3859 -1118.0000000000
3865 -1117.0000000000
3870 -1116.0000000000
3884 -1115.0000000000
3886 -1114.0000000000
3890 -1113.0000000000
3909 -1112.0000000000
3928 -1111.0000000000
3931 -1110.0000000000
3945 -1109.0000000000
3947 -1107.0000000000
3951 -1105.0000000000
3954 -1104.0000000000
3956 -1103.0000000000
3958 -1102.0000000000
3970 -1101.0000000000
3971 -1100.0000000000
3974 -1099.0000000000
3983 -1098.0000000000
3997 -1097.0000000000
4000 -1095.0000000000
4018 -1094.0000000000
4020 -1092.0000000000
4021 -1090.0000000000
4022 -1089.0000000000
4023 -1088.0000000000
4031 -1087.0000000000
4044 -1086.0000000000
4050 -1084.0000000000
4056 -1083.0000000000
4067 -1080.0000000000
4077 -1079.0000000000
4083 -1078.0000000000
4086 -1077.0000000000
4094 -1076.0000000000
4095 -1075.0000000000
4104 -1074.0000000000
4113 -1073.0000000000
4116 -1072.0000000000
4127 -1071.0000000000
4147 -1070.0000000000
4150 -1069.0000000000
4157 -1068.0000000000
4166 -1067.0000000000
4171 -1066.0000000000
4173 -1064.0000000000
4177 -1063.0000000000
4179 -1062.0000000000
4190 -1061.0000000000
4193 -1060.0000000000
4207 -1059.0000000000
4214 -1056.0000000000
4230 -1055.0000000000
4234 -1054.0000000000
4237 -1053.0000000000
4251 -1051.0000000000
4259 -1050.0000000000
4262 -1049.0000000000
4272 -1048.0000000000
4273 -1047.0000000000
4284 -1045.0000000000
4304 -1044.0000000000
4309 -1043.0000000000
4318 -1042.0000000000
4341 -1041.0000000000
4349 -1040.0000000000
4356 -1039.0000000000
4361 -1038.0000000000
4364 -1037.0000000000
4365 -1035.0000000000
4367 -1033.0000000000
4384 -1032.0000000000
4417 -1031.0000000000
4422 -1030.0000000000
4427 -1029.0000000000
4440 -1028.0000000000
4443 -1027.0000000000
4444 -1026.0000000000
4446 -1025.0000000000
4463 -1024.0000000000
4471 -1023.0000000000
4478 -1022.0000000000
4497 -1021.0000000000
4506 -1019.0000000000
4529 -1018.0000000000
4531 -1017.0000000000
4533 -1015.0000000000
4534 -1014.0000000000
4538 -1013.0000000000
4544 -1012.0000000000
4561 -1011.0000000000
4564 -1010.0000000000
4576 -1009.0000000000
4578 -1008.0000000000
4579 -1007.0000000000
4581 -1006.0000000000
4590 -1005.0000000000
4599 -1004.0000000000
4607 -1003.0000000000
4624 -1002.0000000000
4631 -1001.0000000000
4634 -1000.0000000000
4639 -999.0000000000
4648 -998.0000000000
4651 -997.0000000000
4655 -996.0000000000
4661 -995.0000000000
4664 -993.0000000000
4668 -992.0000000000
4695 -991.0000000000
4706 -990.0000000000
4707 -989.0000000000
4709 -988.0000000000
4710 -986.0000000000
4713 -985.0000000000
4723 -984.0000000000
4724 -983.0000000000
4742 -982.0000000000
4744 -981.0000000000
4747 -980.0000000000
4755 -979.0000000000
4760 -978.0000000000
4763 -977.0000000000
4769 -976.0000000000
4812 -975.0000000000
4833 -974.0000000000
4838 -973.0000000000
4846 -972.0000000000
4856 -971.0000000000
4871 -969.0000000000
4873 -968.0000000000
4878 -967.0000000000
4879 -966.0000000000
4885 -964.0000000000
4902 -963.0000000000
4903 -962.0000000000
4916 -961.0000000000
4929 -960.0000000000
4935 -958.0000000000
4952 -957.0000000000
4966 -955.0000000000
4971 -954.0000000000
4974 -953.0000000000
4988 -952.0000000000
4993 -951.0000000000
4998 -950.0000000000
5009 -949.0000000000
5025 -948.0000000000
5039 -947.0000000000
5042 -945.0000000000
5044 -944.0000000000
5049 -943.0000000000
5050 -942.0000000000
5069 -940.0000000000
5075 -939.0000000000
5082 -938.0000000000
5103 -937.0000000000
5116 -936.0000000000
5120 -935.0000000000
5123 -934.0000000000
5126 -933.0000000000
5127 -931.0000000000
5159 -930.0000000000
5160 -929.0000000000
5166 -928.0000000000
5171 -927.0000000000
5175 -926.0000000000
5185 -925.0000000000
5197 -924.0000000000
5202 -923.0000000000
5232 -922.0000000000
5238 -920.0000000000
5243 -919.0000000000
5252 -918.0000000000
5253 -917.0000000000
5274 -915.0000000000
5276 -914.0000000000
5278 -913.0000000000
5281 -912.0000000000
5333 -911.0000000000
5334 -910.0000000000
5343 -909.0000000000
5360 -908.0000000000
5370 -907.0000000000
5373 -906.0000000000
5420 -905.0000000000
5423 -904.0000000000
5432 -903.0000000000
5436 -902.0000000000
5437 -901.0000000000
5445 -900.0000000000
5459 -899.0000000000
5460 -897.0000000000
5463 -896.0000000000
5474 -895.0000000000
5475 -894.0000000000
5509 -893.0000000000
5510 -890.0000000000
5514 -889.0000000000
5519 -888.0000000000
5545 -887.0000000000
5569 -885.0000000000
5578 -883.0000000000
5591 -882.0000000000
5614 -881.0000000000
5621 -880.0000000000
5628 -879.0000000000
5634 -878.0000000000
5640 -877.0000000000
5654 -876.0000000000
5666 -875.0000000000
5693 -874.0000000000
5694 -872.0000000000
5695 -871.0000000000
5700 -870.0000000000
5704 -869.0000000000
5710 -867.0000000000
5716 -866.0000000000
5717 -865.0000000000
5745 -864.0000000000
5753 -863.0000000000
5759 -862.0000000000
5766 -861.0000000000
5800 -860.0000000000
5817 -859.0000000000
5818 -858.0000000000
5845 -857.0000000000
5849 -856.0000000000
5850 -854.0000000000
5852 -853.0000000000
5861 -852.0000000000
5863 -850.0000000000
5864 -848.0000000000
5883 -847.0000000000
5889 -846.0000000000
5901 -845.0000000000
5909 -844.0000000000
5939 -843.0000000000
5947 -842.0000000000
5979 -841.0000000000
5989 -840.0000000000
6001 -839.0000000000
6010 -838.0000000000
6034 -836.0000000000
6072 -835.0000000000
6075 -834.0000000000
6087 -831.0000000000
6098 -830.0000000000
6102 -829.0000000000
6126 -828.0000000000
6148 -827.0000000000
6153 -825.0000000000
6163 -823.0000000000
6175 -822.0000000000
6177 -821.0000000000
6178 -820.0000000000
6182 -819.0000000000
6197 -818.0000000000
6208 -817.0000000000
6228 -816.0000000000
6231 -814.0000000000
6245 -813.0000000000
6257 -812.0000000000
6285 -810.0000000000
6288 -809.0000000000
6326 -808.0000000000
6338 -807.0000000000
6342 -806.0000000000
6358 -804.0000000000
6376 -803.0000000000
6378 -802.0000000000
6386 -801.0000000000
6426 -798.0000000000
6433 -797.0000000000
6453 -796.0000000000
6459 -795.0000000000
6462 -794.0000000000
6472 -793.0000000000
6483 -792.0000000000
6493 -790.0000000000
6500 -789.0000000000
6513 -788.0000000000
6516 -787.0000000000
6531 -786.0000000000
6534 -785.0000000000
6536 -784.0000000000
6546 -782.0000000000
6549 -781.0000000000
6560 -780.0000000000
6567 -779.0000000000
6571 -778.0000000000
6574 -777.0000000000
6590 -776.0000000000
6593 -775.0000000000
6601 -774.0000000000
6608 -773.0000000000
6617 -772.0000000000
6623 -771.0000000000
6633 -769.0000000000
6640 -768.0000000000
6661 -767.0000000000
6669 -766.0000000000
6674 -765.0000000000
6679 -764.0000000000
6688 -763.0000000000
6694 -762.0000000000
6707 -761.0000000000
6737 -760.0000000000
6747 -759.0000000000
6752 -757.0000000000
6769 -756.0000000000
6782 -755.0000000000
6785 -754.0000000000
6788 -752.0000000000
6806 -751.0000000000
6809 -750.0000000000
6814 -749.0000000000
6825 -747.0000000000
6860 -746.0000000000
6870 -745.0000000000
6875 -744.0000000000
6890 -743.0000000000
6899 -742.0000000000
6901 -741.0000000000
6903 -740.0000000000
6906 -739.0000000000
6913 -738.0000000000
6939 -737.0000000000
6949 -736.0000000000
6983 -735.0000000000
6987 -734.0000000000
6990 -733.0000000000
7022 -732.0000000000
7053 -731.0000000000
7054 -730.0000000000
7078 -729.0000000000
7095 -728.0000000000
7104 -727.0000000000
7108 -726.0000000000
7112 -724.0000000000
7114 -723.0000000000
7153 -722.0000000000
7158 -720.0000000000
7173 -719.0000000000
7197 -718.0000000000
7200 -717.0000000000
7210 -716.0000000000
7263 -715.0000000000
7267 -713.0000000000
7294 -712.0000000000
7295 -711.0000000000
7296 -708.0000000000
7310 -707.0000000000
7326 -706.0000000000
7363 -705.0000000000
7383 -704.0000000000
7407 -703.0000000000
7412 -702.0000000000
7416 -701.0000000000
7417 -699.0000000000
7418 -698.0000000000
7420 -697.0000000000
7421 -696.0000000000
7438 -695.0000000000
7443 -694.0000000000
7468 -693.0000000000
7484 -692.0000000000
7517 -691.0000000000
7583 -690.0000000000
7595 -688.0000000000
7597 -687.0000000000
7607 -686.0000000000
7633 -685.0000000000
7655 -684.0000000000
7656 -683.0000000000
7686 -682.0000000000
7688 -681.0000000000
7698 -679.0000000000
7706 -678.0000000000
7721 -677.0000000000
7733 -676.0000000000
7755 -675.0000000000
7756 -673.0000000000
7777 -672.0000000000
7783 -671.0000000000
7791 -669.0000000000
7819 -668.0000000000
7826 -667.0000000000
7841 -666.0000000000
7845 -665.0000000000
7850 -664.0000000000
7865 -663.0000000000
7872 -662.0000000000
7874 -661.0000000000
7914 -660.0000000000
7919 -659.0000000000
7950 -658.0000000000
7952 -657.0000000000
7969 -656.0000000000
7984 -655.0000000000
7991 -654.0000000000
8047 -653.0000000000
8057 -652.0000000000
8075 -651.0000000000
8084 -649.0000000000
8087 -648.0000000000
8089 -647.0000000000
8106 -646.0000000000
8132 -645.0000000000
8153 -644.0000000000
8164 -642.0000000000
8171 -641.0000000000
8190 -640.0000000000
8197 -639.0000000000
8209 -638.0000000000
8217 -637.0000000000
8221 -636.0000000000
8230 -635.0000000000
8232 -634.0000000000
8255 -633.0000000000
8276 -632.0000000000
8289 -631.0000000000
8300 -630.0000000000
8334 -629.0000000000
8380 -627.0000000000
8382 -626.0000000000
8386 -625.0000000000
8389 -624.0000000000
8398 -623.0000000000
8413 -622.0000000000
8430 -620.0000000000
8447 -619.0000000000
8458 -618.0000000000
8472 -617.0000000000
8477 -616.0000000000
8518 -614.0000000000
8528 -613.0000000000
8564 -612.0000000000
8576 -611.0000000000
8582 -610.0000000000
8587 -609.0000000000
8619 -608.0000000000
8627 -607.0000000000
8639 -606.0000000000
8644 -605.0000000000
8655 -604.0000000000
8656 -603.0000000000
8665 -602.0000000000
8712 -601.0000000000
8739 -600.0000000000
8749 -599.0000000000
8751 -598.0000000000
8771 -597.0000000000
8772 -596.0000000000
8780 -595.0000000000
8793 -594.0000000000
8803 -593.0000000000
8813 -592.0000000000
8814 -591.0000000000
8826 -590.0000000000
8839 -589.0000000000
8841 -588.0000000000
8849 -587.0000000000
8877 -586.0000000000
8880 -585.0000000000
8937 -584.0000000000
8957 -583.0000000000
8973 -582.0000000000
8978 -581.0000000000
9003 -580.0000000000
9013 -579.0000000000
9074 -578.0000000000
9080 -577.0000000000
9121 -576.0000000000
9128 -575.0000000000
9154 -574.0000000000
9155 -572.0000000000
9204 -571.0000000000
9225 -569.0000000000
9272 -568.0000000000
9275 -567.0000000000
9293 -566.0000000000
9302 -565.0000000000
9320 -564.0000000000
9342 -563.0000000000
9369 -562.0000000000
9381 -561.0000000000
9408 -560.0000000000
9437 -559.0000000000
9498 -558.0000000000
9514 -557.0000000000
9516 -556.0000000000
9520 -555.0000000000
9554 -554.0000000000
9596 -553.0000000000
9631 -552.0000000000
9634 -551.0000000000
9638 -550.0000000000
9639 -549.0000000000
9649 -548.0000000000
9650 -547.0000000000
9687 -546.0000000000
9712 -545.0000000000
9720 -544.0000000000
9721 -543.0000000000
9797 -542.0000000000
9829 -541.0000000000
9850 -540.0000000000
9881 -539.0000000000
9890 -538.0000000000
9901 -536.0000000000
9906 -535.0000000000
9932 -534.0000000000
9933 -533.0000000000
9944 -531.0000000000
9969 -530.0000000000
9981 -529.0000000000
10000 -529.0000000000
