evaluations raw_y
1 -1976.0000000000
4 -1941.0000000000
36 -1932.0000000000
39 -1903.0000000000
46 -1896.0000000000
61 -1894.0000000000
64 -1873.0000000000
103 -1848.0000000000
132 -1844.0000000000
143 -1835.0000000000
145 -1812.0000000000
161 -1809.0000000000
187 -1807.0000000000
191 -1785.0000000000
225 -1778.0000000000
241 -1769.0000000000
249 -1768.0000000000
271 -1753.0000000000
303 -1748.0000000000
308 -1745.0000000000
323 -1744.0000000000
329 -1740.0000000000
344 -1736.0000000000
346 -1735.0000000000
348 -1731.0000000000
379 -1726.0000000000
399 -1725.0000000000
402 -1724.0000000000
406 -1722.0000000000
423 -1721.0000000000
429 -1716.0000000000
444 -1712.0000000000
483 -1711.0000000000
496 -1709.0000000000
509 -1707.0000000000
515 -1706.0000000000
524 -1705.0000000000
535 -1704.0000000000
555 -1703.0000000000
560 -1702.0000000000
571 -1698.0000000000
593 -1697.0000000000
606 -1695.0000000000
630 -1693.0000000000
634 -1692.0000000000
651 -1690.0000000000
666 -1689.0000000000
669 -1687.0000000000
703 -1685.0000000000
704 -1683.0000000000
735 -1682.0000000000
744 -1681.0000000000
751 -1680.0000000000
771 -1679.0000000000
781 -1678.0000000000
815 -1677.0000000000
827 -1676.0000000000
841 -1675.0000000000
851 -1674.0000000000
882 -1672.0000000000
922 -1667.0000000000
961 -1666.0000000000
981 -1665.0000000000
985 -1664.0000000000
989 -1663.0000000000
1009 -1661.0000000000
1030 -1660.0000000000
1044 -1659.0000000000
1063 -1658.0000000000
1086 -1657.0000000000
1110 -1656.0000000000
1116 -1653.0000000000
1161 -1652.0000000000
1164 -1650.0000000000
1201 -1649.0000000000
1213 -1648.0000000000
1228 -1647.0000000000
1242 -1646.0000000000
1261 -1645.0000000000
1275 -1643.0000000000
1298 -1642.0000000000
1308 -1641.0000000000
1331 -1640.0000000000
1353 -1639.0000000000
1371 -1637.0000000000
1381 -1636.0000000000
1401 -1635.0000000000
1421 -1633.0000000000
1436 -1632.0000000000
1443 -1631.0000000000
1470 -1630.0000000000
1479 -1628.0000000000
1516 -1625.0000000000
1521 -1624.0000000000
1545 -1623.0000000000
1552 -1622.0000000000
1596 -1619.0000000000
1626 -1618.0000000000
1634 -1617.0000000000
1644 -1616.0000000000
1659 -1614.0000000000
1665 -1613.0000000000
1702 -1609.0000000000
1734 -1606.0000000000
1748 -1605.0000000000
1765 -1604.0000000000
1801 -1603.0000000000
1806 -1602.0000000000
1846 -1601.0000000000
1866 -1600.0000000000
1876 -1599.0000000000
1886 -1596.0000000000
1917 -1593.0000000000
1946 -1591.0000000000
1950 -1590.0000000000
1983 -1588.0000000000
2014 -1587.0000000000
2017 -1586.0000000000
2046 -1585.0000000000
2061 -1584.0000000000
2081 -1583.0000000000
2093 -1582.0000000000
2099 -1580.0000000000
2106 -1578.0000000000
2121 -1576.0000000000
2142 -1575.0000000000
2158 -1574.0000000000
2163 -1572.0000000000
2200 -1571.0000000000
2219 -1570.0000000000
2225 -1569.0000000000
2237 -1568.0000000000
2253 -1567.0000000000
2261 -1566.0000000000
2270 -1565.0000000000
2285 -1564.0000000000
2306 -1562.0000000000
2322 -1561.0000000000
2335 -1560.0000000000
2344 -1558.0000000000
2365 -1557.0000000000
2374 -1555.0000000000
2390 -1554.0000000000
2404 -1553.0000000000
2405 -1552.0000000000
2442 -1551.0000000000
2448 -1550.0000000000
2457 -1548.0000000000
2464 -1547.0000000000
2488 -1546.0000000000
2506 -1544.0000000000
2520 -1543.0000000000
2543 -1541.0000000000
2551 -1540.0000000000
2566 -1539.0000000000
2590 -1538.0000000000
2599 -1537.0000000000
2627 -1536.0000000000
2643 -1533.0000000000
2665 -1532.0000000000
2666 -1530.0000000000
2713 -1528.0000000000
2742 -1526.0000000000
2744 -1525.0000000000
2764 -1524.0000000000
2768 -1522.0000000000
2813 -1520.0000000000
2844 -1519.0000000000
2858 -1518.0000000000
2870 -1517.0000000000
2890 -1515.0000000000
2910 -1514.0000000000
2928 -1512.0000000000
2961 -1510.0000000000
2970 -1509.0000000000
2982 -1507.0000000000
3004 -1506.0000000000
3020 -1505.0000000000
3041 -1503.0000000000
3053 -1502.0000000000
3064 -1501.0000000000
3088 -1500.0000000000
3101 -1499.0000000000
3111 -1497.0000000000
3141 -1496.0000000000
3148 -1494.0000000000
3179 -1493.0000000000
3195 -1492.0000000000
3211 -1491.0000000000
3221 -1489.0000000000
3241 -1488.0000000000
3263 -1487.0000000000
3275 -1486.0000000000
3276 -1485.0000000000
3293 -1483.0000000000
3302 -1481.0000000000
3322 -1480.0000000000
3363 -1479.0000000000
3376 -1478.0000000000
3382 -1477.0000000000
3403 -1476.0000000000
3421 -1474.0000000000
3444 -1473.0000000000
3454 -1472.0000000000
3468 -1471.0000000000
3481 -1470.0000000000
3482 -1468.0000000000
3504 -1467.0000000000
3519 -1466.0000000000
3521 -1464.0000000000
3546 -1463.0000000000
3563 -1462.0000000000
3584 -1461.0000000000
3585 -1460.0000000000
3588 -1459.0000000000
3615 -1458.0000000000
3618 -1457.0000000000
3627 -1456.0000000000
3640 -1455.0000000000
3646 -1453.0000000000
3648 -1452.0000000000
3690 -1451.0000000000
3703 -1449.0000000000
3712 -1448.0000000000
3727 -1447.0000000000
3744 -1446.0000000000
3757 -1445.0000000000
3761 -1444.0000000000
3781 -1442.0000000000
3820 -1441.0000000000
3823 -1440.0000000000
3825 -1439.0000000000
3842 -1438.0000000000
3860 -1437.0000000000
3861 -1435.0000000000
3887 -1433.0000000000
3906 -1432.0000000000
3926 -1431.0000000000
3945 -1428.0000000000
3968 -1427.0000000000
3978 -1426.0000000000
4005 -1425.0000000000
4028 -1424.0000000000
4045 -1423.0000000000
4062 -1422.0000000000
4069 -1421.0000000000
4074 -1418.0000000000
4086 -1417.0000000000
4102 -1416.0000000000
4121 -1415.0000000000
4147 -1414.0000000000
4158 -1413.0000000000
4191 -1412.0000000000
4204 -1410.0000000000
4242 -1408.0000000000
4262 -1407.0000000000
4265 -1404.0000000000
4288 -1403.0000000000
4315 -1402.0000000000
4324 -1401.0000000000
4343 -1399.0000000000
4366 -1396.0000000000
4382 -1395.0000000000
4417 -1394.0000000000
4434 -1393.0000000000
4446 -1392.0000000000
4464 -1391.0000000000
4484 -1390.0000000000
4487 -1389.0000000000
4519 -1387.0000000000
4527 -1385.0000000000
4542 -1384.0000000000
4546 -1382.0000000000
4561 -1381.0000000000
4573 -1380.0000000000
4608 -1379.0000000000
4619 -1376.0000000000
4659 -1375.0000000000
4661 -1374.0000000000
4667 -1372.0000000000
4680 -1370.0000000000
4702 -1367.0000000000
4741 -1366.0000000000
4745 -1364.0000000000
4768 -1363.0000000000
4776 -1362.0000000000
4784 -1359.0000000000
4825 -1358.0000000000
4840 -1357.0000000000
4846 -1356.0000000000
4863 -1354.0000000000
4887 -1353.0000000000
4922 -1351.0000000000
4975 -1350.0000000000
4980 -1349.0000000000
5018 -1348.0000000000
5028 -1347.0000000000
5042 -1346.0000000000
5060 -1345.0000000000
5086 -1344.0000000000
5098 -1343.0000000000
5106 -1342.0000000000
5121 -1341.0000000000
5144 -1338.0000000000
5165 -1337.0000000000
5166 -1335.0000000000
5186 -1334.0000000000
5201 -1333.0000000000
5209 -1329.0000000000
5254 -1327.0000000000
5286 -1325.0000000000
5292 -1324.0000000000
5304 -1323.0000000000
5327 -1321.0000000000
5345 -1320.0000000000
5365 -1319.0000000000
5366 -1317.0000000000
5391 -1314.0000000000
5425 -1313.0000000000
5453 -1311.0000000000
5468 -1309.0000000000
5502 -1306.0000000000
5522 -1304.0000000000
5526 -1302.0000000000
5556 -1297.0000000000
5593 -1295.0000000000
5595 -1294.0000000000
5611 -1293.0000000000
5621 -1292.0000000000
5643 -1291.0000000000
5645 -1290.0000000000
5677 -1288.0000000000
5684 -1286.0000000000
5707 -1284.0000000000
5736 -1282.0000000000
5745 -1281.0000000000
5778 -1279.0000000000
5797 -1276.0000000000
5802 -1274.0000000000
5839 -1273.0000000000
5853 -1272.0000000000
5875 -1271.0000000000
5883 -1270.0000000000
5906 -1269.0000000000
5922 -1268.0000000000
5934 -1265.0000000000
5965 -1261.0000000000
6012 -1260.0000000000
6023 -1259.0000000000
6039 -1257.0000000000
6064 -1255.0000000000
6093 -1254.0000000000
6110 -1253.0000000000
6139 -1252.0000000000
6141 -1251.0000000000
6162 -1249.0000000000
6178 -1248.0000000000
6189 -1247.0000000000
6203 -1246.0000000000
6215 -1245.0000000000
6222 -1244.0000000000
6244 -1241.0000000000
6283 -1240.0000000000
6285 -1239.0000000000
6300 -1238.0000000000
6304 -1236.0000000000
6320 -1235.0000000000
6329 -1234.0000000000
6345 -1233.0000000000
6362 -1232.0000000000
6384 -1231.0000000000
6394 -1230.0000000000
6421 -1228.0000000000
6448 -1227.0000000000
6460 -1226.0000000000
6463 -1224.0000000000
6482 -1222.0000000000
6518 -1221.0000000000
6524 -1220.0000000000
6535 -1218.0000000000
6564 -1217.0000000000
6582 -1216.0000000000
6595 -1214.0000000000
6624 -1213.0000000000
6654 -1210.0000000000
6701 -1209.0000000000
6716 -1208.0000000000
6721 -1207.0000000000
6729 -1206.0000000000
6766 -1205.0000000000
6770 -1202.0000000000
6794 -1200.0000000000
6811 -1198.0000000000
6836 -1196.0000000000
6902 -1193.0000000000
6945 -1192.0000000000
6951 -1190.0000000000
6983 -1189.0000000000
7008 -1188.0000000000
7011 -1184.0000000000
7046 -1183.0000000000
7083 -1182.0000000000
7089 -1181.0000000000
7104 -1180.0000000000
7126 -1179.0000000000
7143 -1178.0000000000
7183 -1177.0000000000
7189 -1175.0000000000
7219 -1174.0000000000
7239 -1172.0000000000
7281 -1169.0000000000
7322 -1168.0000000000
7324 -1166.0000000000
7347 -1165.0000000000
7366 -1164.0000000000
7384 -1162.0000000000
7385 -1160.0000000000
7426 -1159.0000000000
7441 -1158.0000000000
7476 -1156.0000000000
7512 -1155.0000000000
7527 -1153.0000000000
7543 -1152.0000000000
7568 -1151.0000000000
7585 -1149.0000000000
7605 -1147.0000000000
7649 -1146.0000000000
7662 -1145.0000000000
7664 -1144.0000000000
7669 -1143.0000000000
7705 -1142.0000000000
7726 -1141.0000000000
7763 -1140.0000000000
7781 -1139.0000000000
7803 -1138.0000000000
7804 -1136.0000000000
7838 -1135.0000000000
7851 -1132.0000000000
7873 -1131.0000000000
7876 -1129.0000000000
7935 -1127.0000000000
7963 -1125.0000000000
8017 -1124.0000000000
8021 -1123.0000000000
8036 -1122.0000000000
8051 -1120.0000000000
8081 -1119.0000000000
8085 -1118.0000000000
8102 -1117.0000000000
8132 -1116.0000000000
8145 -1115.0000000000
8178 -1114.0000000000
8186 -1112.0000000000
8224 -1110.0000000000
8257 -1109.0000000000
8262 -1108.0000000000
8296 -1107.0000000000
8304 -1106.0000000000
8313 -1105.0000000000
8352 -1104.0000000000
8353 -1103.0000000000
8381 -1102.0000000000
8413 -1101.0000000000
8437 -1100.0000000000
8452 -1099.0000000000
8484 -1098.0000000000
8521 -1096.0000000000
8547 -1094.0000000000
8600 -1092.0000000000
8647 -1091.0000000000
8661 -1090.0000000000
8662 -1089.0000000000
8690 -1087.0000000000
8733 -1084.0000000000
8745 -1082.0000000000
8771 -1081.0000000000
8821 -1080.0000000000
8827 -1079.0000000000
8839 -1078.0000000000
8875 -1076.0000000000
8890 -1075.0000000000
8896 -1074.0000000000
8918 -1072.0000000000
8950 -1071.0000000000
8952 -1070.0000000000
9001 -1069.0000000000
9005 -1068.0000000000
9008 -1067.0000000000
9039 -1066.0000000000
9059 -1065.0000000000
9062 -1064.0000000000
9084 -1063.0000000000
9087 -1062.0000000000
9104 -1061.0000000000
9122 -1060.0000000000
9126 -1059.0000000000
9133 -1058.0000000000
9160 -1057.0000000000
9165 -1055.0000000000
9210 -1053.0000000000
9221 -1052.0000000000
9242 -1051.0000000000
9274 -1050.0000000000
9278 -1049.0000000000
9283 -1044.0000000000
9328 -1043.0000000000
9344 -1041.0000000000
9364 -1040.0000000000
9393 -1039.0000000000
9432 -1038.0000000000
9435 -1037.0000000000
9469 -1036.0000000000
9481 -1035.0000000000
9482 -1034.0000000000
9498 -1032.0000000000
9535 -1030.0000000000
9565 -1028.0000000000
9596 -1027.0000000000
9620 -1026.0000000000
9626 -1025.0000000000
9643 -1024.0000000000
9680 -1023.0000000000
9685 -1022.0000000000
9702 -1020.0000000000
9722 -1018.0000000000
9786 -1017.0000000000
9799 -1016.0000000000
9805 -1015.0000000000
9833 -1013.0000000000
9860 -1011.0000000000
9900 -1010.0000000000
9911 -1009.0000000000
9941 -1008.0000000000
9955 -1007.0000000000
9975 -1006.0000000000
9993 -1004.0000000000
10000 -1005.0000000000
