evaluations raw_y
1 -1984.0000000000
3 -1983.0000000000
13 -1961.0000000000
17 -1930.0000000000
43 -1895.0000000000
62 -1879.0000000000
90 -1877.0000000000
104 -1854.0000000000
132 -1852.0000000000
135 -1828.0000000000
143 -1825.0000000000
164 -1824.0000000000
171 -1823.0000000000
177 -1807.0000000000
201 -1797.0000000000
217 -1796.0000000000
227 -1795.0000000000
245 -1794.0000000000
246 -1792.0000000000
252 -1790.0000000000
264 -1781.0000000000
267 -1779.0000000000
281 -1775.0000000000
297 -1774.0000000000
302 -1762.0000000000
352 -1759.0000000000
356 -1757.0000000000
364 -1755.0000000000
372 -1754.0000000000
379 -1753.0000000000
400 -1750.0000000000
411 -1748.0000000000
417 -1746.0000000000
436 -1745.0000000000
445 -1742.0000000000
482 -1738.0000000000
484 -1735.0000000000
518 -1734.0000000000
531 -1733.0000000000
542 -1732.0000000000
558 -1731.0000000000
568 -1729.0000000000
574 -1727.0000000000
582 -1726.0000000000
586 -1725.0000000000
621 -1724.0000000000
623 -1723.0000000000
648 -1721.0000000000
673 -1720.0000000000
680 -1718.0000000000
689 -1715.0000000000
719 -1714.0000000000
723 -1713.0000000000
733 -1711.0000000000
765 -1710.0000000000
768 -1709.0000000000
782 -1706.0000000000
805 -1705.0000000000
823 -1704.0000000000
851 -1702.0000000000
853 -1701.0000000000
883 -1700.0000000000
887 -1698.0000000000
896 -1696.0000000000
923 -1695.0000000000
934 -1694.0000000000
941 -1693.0000000000
968 -1691.0000000000
990 -1690.0000000000
1005 -1689.0000000000
1018 -1688.0000000000
1032 -1687.0000000000
1034 -1686.0000000000
1044 -1684.0000000000
1070 -1683.0000000000
1081 -1682.0000000000
1088 -1679.0000000000
1125 -1678.0000000000
1142 -1677.0000000000
1161 -1676.0000000000
1178 -1674.0000000000
1183 -1673.0000000000
1215 -1671.0000000000
1229 -1670.0000000000
1257 -1669.0000000000
1270 -1667.0000000000
1289 -1666.0000000000
1296 -1665.0000000000
1301 -1663.0000000000
1340 -1662.0000000000
1344 -1660.0000000000
1354 -1659.0000000000
1362 -1658.0000000000
1384 -1656.0000000000
1407 -1655.0000000000
1412 -1654.0000000000
1426 -1653.0000000000
1443 -1652.0000000000
1446 -1650.0000000000
1471 -1649.0000000000
1485 -1648.0000000000
1505 -1647.0000000000
1520 -1646.0000000000
1527 -1645.0000000000
1532 -1644.0000000000
1554 -1643.0000000000
1570 -1642.0000000000
1587 -1639.0000000000
1617 -1638.0000000000
1643 -1636.0000000000
1656 -1635.0000000000
1668 -1633.0000000000
1690 -1632.0000000000
1705 -1631.0000000000
1706 -1629.0000000000
1727 -1628.0000000000
1730 -1626.0000000000
1764 -1624.0000000000
1766 -1623.0000000000
1789 -1621.0000000000
1822 -1620.0000000000
1828 -1618.0000000000
1853 -1617.0000000000
1867 -1614.0000000000
1889 -1612.0000000000
1907 -1610.0000000000
1934 -1609.0000000000
1951 -1607.0000000000
1961 -1606.0000000000
1970 -1605.0000000000
1981 -1603.0000000000
1990 -1602.0000000000
2003 -1601.0000000000
2030 -1600.0000000000
2031 -1599.0000000000
2043 -1596.0000000000
2081 -1593.0000000000
2110 -1589.0000000000
2145 -1587.0000000000
2146 -1586.0000000000
2153 -1585.0000000000
2162 -1584.0000000000
2188 -1580.0000000000
2222 -1579.0000000000
2224 -1578.0000000000
2248 -1576.0000000000
2281 -1574.0000000000
2302 -1573.0000000000
2321 -1572.0000000000
2341 -1570.0000000000
2346 -1569.0000000000
2361 -1568.0000000000
2384 -1567.0000000000
2392 -1566.0000000000
2411 -1565.0000000000
2423 -1564.0000000000
2443 -1563.0000000000
2453 -1561.0000000000
2470 -1560.0000000000
2474 -1559.0000000000
2488 -1556.0000000000
2532 -1551.0000000000
2554 -1550.0000000000
2581 -1549.0000000000
2612 -1547.0000000000
2622 -1546.0000000000
2657 -1544.0000000000
2678 -1543.0000000000
2700 -1542.0000000000
2715 -1540.0000000000
2728 -1539.0000000000
2757 -1538.0000000000
2784 -1537.0000000000
2812 -1536.0000000000
2817 -1535.0000000000
2831 -1534.0000000000
2862 -1529.0000000000
2898 -1528.0000000000
2901 -1527.0000000000
2923 -1526.0000000000
2944 -1524.0000000000
2971 -1523.0000000000
2987 -1520.0000000000
3005 -1519.0000000000
3021 -1517.0000000000
3048 -1516.0000000000
3068 -1515.0000000000
3081 -1514.0000000000
3106 -1513.0000000000
3123 -1511.0000000000
3131 -1510.0000000000
3157 -1509.0000000000
3173 -1508.0000000000
3188 -1506.0000000000
3217 -1505.0000000000
3236 -1504.0000000000
3244 -1503.0000000000
3254 -1501.0000000000
3262 -1500.0000000000
3302 -1498.0000000000
3321 -1497.0000000000
3332 -1496.0000000000
3342 -1495.0000000000
3361 -1490.0000000000
3398 -1489.0000000000
3401 -1488.0000000000
3436 -1487.0000000000
3442 -1486.0000000000
3465 -1484.0000000000
3484 -1483.0000000000
3504 -1481.0000000000
3521 -1480.0000000000
3542 -1479.0000000000
3547 -1477.0000000000
3583 -1476.0000000000
3585 -1475.0000000000
3586 -1474.0000000000
3596 -1473.0000000000
3609 -1472.0000000000
3631 -1468.0000000000
3647 -1467.0000000000
3666 -1465.0000000000
3681 -1464.0000000000
3683 -1463.0000000000
3708 -1458.0000000000
3770 -1455.0000000000
3791 -1454.0000000000
3799 -1452.0000000000
3827 -1451.0000000000
3828 -1449.0000000000
3851 -1448.0000000000
3883 -1446.0000000000
3927 -1445.0000000000
3928 -1444.0000000000
3937 -1443.0000000000
3941 -1442.0000000000
3966 -1440.0000000000
4012 -1438.0000000000
4036 -1436.0000000000
4064 -1435.0000000000
4072 -1434.0000000000
4083 -1431.0000000000
4084 -1430.0000000000
4103 -1429.0000000000
4122 -1428.0000000000
4130 -1426.0000000000
4161 -1423.0000000000
4191 -1422.0000000000
4205 -1420.0000000000
4222 -1419.0000000000
4225 -1418.0000000000
4242 -1417.0000000000
4250 -1416.0000000000
4269 -1415.0000000000
4304 -1414.0000000000
4322 -1413.0000000000
4327 -1412.0000000000
4348 -1411.0000000000
4355 -1410.0000000000
4391 -1409.0000000000
4400 -1408.0000000000
4406 -1407.0000000000
4424 -1406.0000000000
4434 -1405.0000000000
4451 -1404.0000000000
4461 -1403.0000000000
4468 -1402.0000000000
4482 -1399.0000000000
4507 -1398.0000000000
4514 -1397.0000000000
4549 -1396.0000000000
4574 -1394.0000000000
4587 -1393.0000000000
4610 -1392.0000000000
4621 -1389.0000000000
4624 -1387.0000000000
4650 -1385.0000000000
4673 -1383.0000000000
4704 -1382.0000000000
4724 -1380.0000000000
4743 -1379.0000000000
4760 -1378.0000000000
4799 -1377.0000000000
4813 -1376.0000000000
4831 -1374.0000000000
4872 -1373.0000000000
4886 -1371.0000000000
4915 -1369.0000000000
4924 -1367.0000000000
4950 -1366.0000000000
4978 -1365.0000000000
4989 -1363.0000000000
5024 -1361.0000000000
5032 -1360.0000000000
5049 -1359.0000000000
5067 -1356.0000000000
5101 -1355.0000000000
5131 -1353.0000000000
5148 -1351.0000000000
5168 -1350.0000000000
5174 -1349.0000000000
5187 -1348.0000000000
5208 -1347.0000000000
5219 -1346.0000000000
5238 -1341.0000000000
5244 -1340.0000000000
5288 -1339.0000000000
5302 -1337.0000000000
5332 -1336.0000000000
5361 -1335.0000000000
5362 -1334.0000000000
5363 -1333.0000000000
5382 -1332.0000000000
5409 -1331.0000000000
5436 -1330.0000000000
5446 -1328.0000000000
5456 -1326.0000000000
5462 -1324.0000000000
5501 -1323.0000000000
5515 -1321.0000000000
5533 -1318.0000000000
5542 -1316.0000000000
5573 -1314.0000000000
5604 -1311.0000000000
5647 -1309.0000000000
5684 -1308.0000000000
5710 -1307.0000000000
5727 -1306.0000000000
5748 -1303.0000000000
5786 -1301.0000000000
5809 -1300.0000000000
5821 -1299.0000000000
5841 -1298.0000000000
5872 -1296.0000000000
5882 -1295.0000000000
5925 -1293.0000000000
5961 -1291.0000000000
5966 -1290.0000000000
6001 -1288.0000000000
6004 -1287.0000000000
6025 -1285.0000000000
6041 -1284.0000000000
6044 -1283.0000000000
6076 -1282.0000000000
6085 -1281.0000000000
6107 -1280.0000000000
6124 -1278.0000000000
6144 -1277.0000000000
6147 -1275.0000000000
6181 -1274.0000000000
6197 -1273.0000000000
6211 -1271.0000000000
6222 -1270.0000000000
6282 -1268.0000000000
6313 -1267.0000000000
6322 -1265.0000000000
6353 -1263.0000000000
6361 -1262.0000000000
6404 -1261.0000000000
6427 -1260.0000000000
6429 -1258.0000000000
6441 -1257.0000000000
6466 -1256.0000000000
6483 -1254.0000000000
6507 -1251.0000000000
6552 -1250.0000000000
6563 -1248.0000000000
6592 -1247.0000000000
6604 -1246.0000000000
6628 -1245.0000000000
6641 -1244.0000000000
6653 -1243.0000000000
6672 -1241.0000000000
6684 -1240.0000000000
6693 -1238.0000000000
6732 -1237.0000000000
6743 -1236.0000000000
6756 -1234.0000000000
6764 -1232.0000000000
6784 -1231.0000000000
6787 -1230.0000000000
6826 -1228.0000000000
6853 -1226.0000000000
6867 -1225.0000000000
6883 -1223.0000000000
6894 -1221.0000000000
6903 -1220.0000000000
6941 -1219.0000000000
6953 -1217.0000000000
6983 -1214.0000000000
7015 -1212.0000000000
7069 -1209.0000000000
7103 -1207.0000000000
7131 -1206.0000000000
7141 -1205.0000000000
7165 -1204.0000000000
7182 -1203.0000000000
7201 -1202.0000000000
7224 -1201.0000000000
7233 -1200.0000000000
7268 -1198.0000000000
7283 -1197.0000000000
7296 -1194.0000000000
7312 -1191.0000000000
7368 -1190.0000000000
7385 -1189.0000000000
7410 -1187.0000000000
7419 -1186.0000000000
7429 -1184.0000000000
7463 -1182.0000000000
7475 -1181.0000000000
7497 -1180.0000000000
7519 -1179.0000000000
7527 -1178.0000000000
7553 -1176.0000000000
7571 -1175.0000000000
7586 -1174.0000000000
7602 -1173.0000000000
7628 -1172.0000000000
7633 -1170.0000000000
7644 -1169.0000000000
7669 -1168.0000000000
7672 -1167.0000000000
7715 -1166.0000000000
7742 -1165.0000000000
7743 -1164.0000000000
7782 -1163.0000000000
7802 -1162.0000000000
7847 -1161.0000000000
7860 -1160.0000000000
7867 -1159.0000000000
7884 -1158.0000000000
7906 -1156.0000000000
7931 -1153.0000000000
7950 -1151.0000000000
8045 -1149.0000000000
8067 -1148.0000000000
8087 -1147.0000000000
8107 -1146.0000000000
8121 -1145.0000000000
8144 -1144.0000000000
8145 -1143.0000000000
8180 -1141.0000000000
8185 -1139.0000000000
8206 -1138.0000000000
8223 -1137.0000000000
8226 -1136.0000000000
8269 -1135.0000000000
8285 -1134.0000000000
8291 -1133.0000000000
8303 -1132.0000000000
8348 -1129.0000000000
8387 -1127.0000000000
8422 -1126.0000000000
8443 -1125.0000000000
8446 -1124.0000000000
8461 -1122.0000000000
8491 -1119.0000000000
8520 -1118.0000000000
8541 -1117.0000000000
8553 -1116.0000000000
8563 -1115.0000000000
8595 -1114.0000000000
8601 -1113.0000000000
8631 -1109.0000000000
8659 -1108.0000000000
8661 -1107.0000000000
8714 -1106.0000000000
8715 -1104.0000000000
8747 -1103.0000000000
8782 -1102.0000000000
8785 -1101.0000000000
8809 -1099.0000000000
8833 -1098.0000000000
8877 -1097.0000000000
8882 -1096.0000000000
8922 -1095.0000000000
8946 -1094.0000000000
8963 -1092.0000000000
8982 -1091.0000000000
9053 -1090.0000000000
9063 -1088.0000000000
9082 -1087.0000000000
9086 -1086.0000000000
9111 -1085.0000000000
9132 -1083.0000000000
9145 -1082.0000000000
9170 -1080.0000000000
9224 -1078.0000000000
9264 -1077.0000000000
9267 -1076.0000000000
9287 -1074.0000000000
9320 -1073.0000000000
9334 -1072.0000000000
9376 -1071.0000000000
9395 -1070.0000000000
9403 -1069.0000000000
9413 -1068.0000000000
9442 -1067.0000000000
9444 -1065.0000000000
9477 -1064.0000000000
9491 -1063.0000000000
9504 -1062.0000000000
9541 -1060.0000000000
9566 -1059.0000000000
9598 -1057.0000000000
9636 -1056.0000000000
9652 -1054.0000000000
9701 -1053.0000000000
9702 -1052.0000000000
9715 -1051.0000000000
9725 -1050.0000000000
9730 -1049.0000000000
9752 -1048.0000000000
9769 -1047.0000000000
9803 -1046.0000000000
9819 -1043.0000000000
9866 -1041.0000000000
9900 -1040.0000000000
9906 -1039.0000000000
9935 -1038.0000000000
9942 -1037.0000000000
9974 -1036.0000000000
9984 -1035.0000000000
10014 -1034.0000000000
10021 -1033.0000000000
10033 -1032.0000000000
10038 -1031.0000000000
10054 -1030.0000000000
10062 -1028.0000000000
10082 -1027.0000000000
10103 -1025.0000000000
10123 -1024.0000000000
10143 -1023.0000000000
10190 -1022.0000000000
10202 -1021.0000000000
10233 -1020.0000000000
10238 -1019.0000000000
10264 -1017.0000000000
10304 -1015.0000000000
10350 -1014.0000000000
10368 -1013.0000000000
10402 -1012.0000000000
10404 -1011.0000000000
10423 -1010.0000000000
10449 -1009.0000000000
10461 -1008.0000000000
10506 -1007.0000000000
10517 -1005.0000000000
10542 -1004.0000000000
10561 -1003.0000000000
10608 -1002.0000000000
10610 -1000.0000000000
10635 -999.0000000000
10657 -995.0000000000
10697 -994.0000000000
10712 -993.0000000000
10746 -991.0000000000
10766 -990.0000000000
10794 -989.0000000000
10807 -988.0000000000
10866 -987.0000000000
10873 -986.0000000000
10891 -985.0000000000
10924 -983.0000000000
10946 -982.0000000000
10993 -980.0000000000
11022 -979.0000000000
11038 -978.0000000000
11067 -976.0000000000
11085 -975.0000000000
11092 -974.0000000000
11116 -973.0000000000
11129 -971.0000000000
11162 -970.0000000000
11195 -969.0000000000
11201 -968.0000000000
11238 -967.0000000000
11257 -966.0000000000
11262 -965.0000000000
11267 -964.0000000000
11302 -963.0000000000
11308 -961.0000000000
11322 -959.0000000000
11377 -957.0000000000
11410 -956.0000000000
11421 -955.0000000000
11452 -954.0000000000
11466 -952.0000000000
11485 -951.0000000000
11525 -950.0000000000
11532 -949.0000000000
11549 -948.0000000000
11570 -944.0000000000
11620 -942.0000000000
11665 -941.0000000000
11667 -939.0000000000
11693 -937.0000000000
11721 -936.0000000000
11731 -935.0000000000
11744 -934.0000000000
11761 -933.0000000000
11764 -932.0000000000
11776 -931.0000000000
11789 -930.0000000000
11798 -929.0000000000
11814 -928.0000000000
11844 -927.0000000000
11865 -926.0000000000
11877 -925.0000000000
11885 -924.0000000000
11901 -921.0000000000
11941 -920.0000000000
11954 -919.0000000000
11962 -918.0000000000
11979 -917.0000000000
11991 -916.0000000000
12036 -915.0000000000
12043 -914.0000000000
12072 -913.0000000000
12091 -912.0000000000
12107 -911.0000000000
12122 -910.0000000000
12142 -909.0000000000
12144 -908.0000000000
12172 -906.0000000000
12203 -905.0000000000
12241 -904.0000000000
12246 -902.0000000000
12330 -900.0000000000
12360 -899.0000000000
12393 -898.0000000000
12422 -897.0000000000
12423 -896.0000000000
12448 -895.0000000000
12470 -894.0000000000
12486 -893.0000000000
12506 -892.0000000000
12519 -891.0000000000
12538 -890.0000000000
12543 -889.0000000000
12586 -888.0000000000
12596 -886.0000000000
12618 -885.0000000000
12663 -884.0000000000
12684 -883.0000000000
12692 -882.0000000000
12750 -880.0000000000
12762 -879.0000000000
12795 -878.0000000000
12806 -876.0000000000
12840 -874.0000000000
12843 -872.0000000000
12916 -871.0000000000
12930 -870.0000000000
12934 -868.0000000000
12951 -867.0000000000
12967 -866.0000000000
12981 -864.0000000000
13014 -861.0000000000
13052 -859.0000000000
13104 -858.0000000000
13123 -857.0000000000
13141 -856.0000000000
13158 -855.0000000000
13165 -853.0000000000
13215 -852.0000000000
13251 -851.0000000000
13274 -850.0000000000
13307 -849.0000000000
13330 -847.0000000000
13352 -846.0000000000
13427 -845.0000000000
13452 -843.0000000000
13461 -842.0000000000
13494 -841.0000000000
13521 -840.0000000000
13523 -839.0000000000
13544 -838.0000000000
13588 -837.0000000000
13592 -836.0000000000
13607 -834.0000000000
13628 -833.0000000000
13644 -832.0000000000
13661 -831.0000000000
13682 -829.0000000000
13707 -827.0000000000
13738 -826.0000000000
13774 -823.0000000000
13822 -821.0000000000
13838 -820.0000000000
13862 -819.0000000000
13883 -817.0000000000
13916 -816.0000000000
13931 -813.0000000000
13962 -812.0000000000
13982 -810.0000000000
14016 -809.0000000000
14032 -808.0000000000
14053 -807.0000000000
14060 -806.0000000000
14073 -804.0000000000
14099 -803.0000000000
14121 -801.0000000000
14148 -800.0000000000
14173 -799.0000000000
14186 -798.0000000000
14191 -797.0000000000
14224 -796.0000000000
14253 -795.0000000000
14283 -794.0000000000
14293 -793.0000000000
14312 -790.0000000000
14355 -789.0000000000
14362 -787.0000000000
14417 -786.0000000000
14437 -785.0000000000
14458 -784.0000000000
14481 -783.0000000000
14510 -782.0000000000
14549 -781.0000000000
14588 -780.0000000000
14598 -779.0000000000
14609 -778.0000000000
14640 -774.0000000000
14687 -773.0000000000
14719 -772.0000000000
14739 -770.0000000000
14761 -769.0000000000
14816 -768.0000000000
14843 -766.0000000000
14882 -764.0000000000
14909 -763.0000000000
14934 -762.0000000000
14952 -761.0000000000
14964 -759.0000000000
14991 -758.0000000000
15014 -756.0000000000
15044 -755.0000000000
15064 -754.0000000000
15098 -753.0000000000
15115 -752.0000000000
15165 -751.0000000000
15191 -749.0000000000
15239 -748.0000000000
15271 -747.0000000000
15284 -745.0000000000
15308 -743.0000000000
15337 -742.0000000000
15360 -741.0000000000
15379 -740.0000000000
15420 -739.0000000000
15426 -738.0000000000
15443 -737.0000000000
15445 -735.0000000000
15495 -734.0000000000
15516 -733.0000000000
15546 -732.0000000000
15562 -731.0000000000
15603 -730.0000000000
15606 -729.0000000000
15638 -728.0000000000
15660 -727.0000000000
15669 -726.0000000000
15686 -725.0000000000
15708 -724.0000000000
15712 -723.0000000000
15765 -721.0000000000
15803 -720.0000000000
15815 -719.0000000000
15833 -717.0000000000
15884 -716.0000000000
15906 -715.0000000000
15969 -712.0000000000
16010 -710.0000000000
16023 -708.0000000000
16066 -707.0000000000
16096 -704.0000000000
16146 -703.0000000000
16175 -702.0000000000
16194 -701.0000000000
16219 -700.0000000000
16222 -699.0000000000
16234 -698.0000000000
16278 -696.0000000000
16289 -694.0000000000
16320 -692.0000000000
16339 -690.0000000000
16409 -689.0000000000
16427 -688.0000000000
16443 -687.0000000000
16460 -686.0000000000
16472 -685.0000000000
16495 -683.0000000000
16518 -682.0000000000
16548 -681.0000000000
16566 -680.0000000000
16602 -678.0000000000
16627 -677.0000000000
16658 -675.0000000000
16686 -673.0000000000
16703 -671.0000000000
16741 -670.0000000000
16743 -669.0000000000
16775 -668.0000000000
16795 -667.0000000000
16800 -666.0000000000
16811 -665.0000000000
16831 -664.0000000000
16851 -663.0000000000
16897 -662.0000000000
16914 -661.0000000000
16926 -660.0000000000
16962 -659.0000000000
16981 -658.0000000000
17064 -657.0000000000
17086 -656.0000000000
17120 -655.0000000000
17144 -654.0000000000
17186 -652.0000000000
17237 -651.0000000000
17249 -650.0000000000
17268 -649.0000000000
17291 -647.0000000000
17321 -646.0000000000
17329 -645.0000000000
17360 -644.0000000000
17379 -642.0000000000
17425 -639.0000000000
17490 -638.0000000000
17499 -637.0000000000
17571 -635.0000000000
17606 -634.0000000000
17611 -632.0000000000
17639 -631.0000000000
17664 -630.0000000000
17700 -629.0000000000
17708 -628.0000000000
17714 -627.0000000000
17744 -626.0000000000
17753 -625.0000000000
17785 -624.0000000000
17799 -623.0000000000
17811 -621.0000000000
17841 -620.0000000000
17876 -619.0000000000
17909 -618.0000000000
17923 -617.0000000000
17945 -616.0000000000
17973 -615.0000000000
17987 -614.0000000000
17994 -613.0000000000
18003 -611.0000000000
18066 -609.0000000000
18108 -608.0000000000
18147 -606.0000000000
18203 -605.0000000000
18234 -604.0000000000
18236 -603.0000000000
18249 -602.0000000000
18274 -601.0000000000
18305 -597.0000000000
18343 -595.0000000000
18387 -593.0000000000
18443 -592.0000000000
18461 -591.0000000000
18495 -590.0000000000
18524 -589.0000000000
18549 -587.0000000000
18614 -586.0000000000
18658 -585.0000000000
18668 -584.0000000000
18698 -583.0000000000
18713 -582.0000000000
18737 -581.0000000000
18765 -580.0000000000
18807 -579.0000000000
18824 -578.0000000000
18834 -577.0000000000
18841 -576.0000000000
18868 -574.0000000000
18890 -573.0000000000
18915 -572.0000000000
18956 -571.0000000000
18971 -570.0000000000
18988 -569.0000000000
18990 -568.0000000000
19047 -567.0000000000
19068 -566.0000000000
19097 -565.0000000000
19101 -563.0000000000
19153 -562.0000000000
19162 -560.0000000000
19208 -559.0000000000
19231 -558.0000000000
19257 -557.0000000000
19262 -555.0000000000
19338 -554.0000000000
19355 -553.0000000000
19397 -552.0000000000
19430 -551.0000000000
19453 -550.0000000000
19460 -548.0000000000
19492 -545.0000000000
19542 -544.0000000000
19565 -543.0000000000
19603 -542.0000000000
19629 -541.0000000000
19648 -540.0000000000
19671 -539.0000000000
19691 -538.0000000000
19746 -537.0000000000
19751 -536.0000000000
19812 -535.0000000000
19846 -534.0000000000
19874 -533.0000000000
19901 -532.0000000000
19922 -531.0000000000
19943 -530.0000000000
19979 -529.0000000000
19982 -527.0000000000
20023 -526.0000000000
20033 -525.0000000000
20046 -522.0000000000
20098 -521.0000000000
20106 -520.0000000000
20134 -519.0000000000
20160 -517.0000000000
20258 -516.0000000000
20264 -515.0000000000
20310 -514.0000000000
20332 -513.0000000000
20361 -512.0000000000
20392 -511.0000000000
20433 -510.0000000000
20464 -509.0000000000
20485 -508.0000000000
20522 -507.0000000000
20549 -505.0000000000
20561 -504.0000000000
20625 -503.0000000000
20649 -502.0000000000
20693 -501.0000000000
20715 -499.0000000000
20760 -498.0000000000
20780 -497.0000000000
20810 -496.0000000000
20868 -495.0000000000
20909 -494.0000000000
20963 -493.0000000000
20986 -492.0000000000
21002 -490.0000000000
21084 -489.0000000000
21087 -488.0000000000
21102 -487.0000000000
21133 -486.0000000000
21169 -485.0000000000
21173 -483.0000000000
21239 -482.0000000000
21278 -480.0000000000
21286 -479.0000000000
21332 -478.0000000000
21363 -476.0000000000
21394 -475.0000000000
21401 -474.0000000000
21441 -473.0000000000
21467 -472.0000000000
21481 -471.0000000000
21501 -470.0000000000
21530 -469.0000000000
21553 -467.0000000000
21578 -466.0000000000
21603 -465.0000000000
21636 -463.0000000000
21673 -461.0000000000
21721 -458.0000000000
21764 -457.0000000000
21769 -456.0000000000
21804 -454.0000000000
21821 -453.0000000000
21846 -452.0000000000
21865 -451.0000000000
21909 -450.0000000000
21926 -449.0000000000
21949 -448.0000000000
22002 -447.0000000000
22028 -445.0000000000
22090 -444.0000000000
22114 -443.0000000000
22136 -442.0000000000
22185 -441.0000000000
22207 -440.0000000000
22222 -439.0000000000
22296 -438.0000000000
22304 -437.0000000000
22340 -436.0000000000
22355 -435.0000000000
22388 -433.0000000000
22423 -432.0000000000
22460 -431.0000000000
22501 -430.0000000000
22567 -429.0000000000
22605 -427.0000000000
22659 -426.0000000000
22675 -425.0000000000
22719 -424.0000000000
22742 -423.0000000000
22750 -422.0000000000
22807 -421.0000000000
22826 -420.0000000000
22885 -419.0000000000
22925 -418.0000000000
22945 -416.0000000000
23009 -415.0000000000
23069 -414.0000000000
23115 -413.0000000000
23129 -412.0000000000
23168 -411.0000000000
23181 -410.0000000000
23222 -409.0000000000
23258 -408.0000000000
23270 -407.0000000000
23289 -406.0000000000
23301 -405.0000000000
23342 -403.0000000000
23395 -402.0000000000
23410 -401.0000000000
23462 -400.0000000000
23486 -399.0000000000
23513 -398.0000000000
23564 -397.0000000000
23577 -396.0000000000
23584 -395.0000000000
23611 -394.0000000000
23625 -393.0000000000
23673 -392.0000000000
23691 -391.0000000000
23707 -390.0000000000
23744 -387.0000000000
23777 -386.0000000000
23797 -385.0000000000
23850 -384.0000000000
23855 -383.0000000000
23861 -382.0000000000
23924 -381.0000000000
23927 -380.0000000000
23961 -379.0000000000
23988 -377.0000000000
24014 -375.0000000000
24065 -372.0000000000
24130 -371.0000000000
24181 -370.0000000000
24250 -369.0000000000
24290 -368.0000000000
24327 -367.0000000000
24409 -366.0000000000
24451 -365.0000000000
24483 -364.0000000000
24522 -363.0000000000
24554 -362.0000000000
24606 -361.0000000000
24643 -360.0000000000
24721 -359.0000000000
24778 -358.0000000000
24785 -357.0000000000
24830 -356.0000000000
24870 -355.0000000000
24930 -354.0000000000
25059 -353.0000000000
25063 -352.0000000000
25163 -351.0000000000
25241 -350.0000000000
25298 -348.0000000000
25361 -347.0000000000
25415 -346.0000000000
25443 -345.0000000000
25450 -344.0000000000
25496 -343.0000000000
25577 -342.0000000000
25598 -341.0000000000
25629 -340.0000000000
25695 -339.0000000000
25767 -338.0000000000
25800 -337.0000000000
25830 -335.0000000000
25884 -334.0000000000
25910 -333.0000000000
25911 -332.0000000000
25931 -331.0000000000
25954 -330.0000000000
25963 -329.0000000000
26008 -328.0000000000
26018 -327.0000000000
26028 -324.0000000000
26142 -323.0000000000
26208 -322.0000000000
26262 -321.0000000000
26326 -319.0000000000
26385 -318.0000000000
26405 -317.0000000000
26467 -315.0000000000
26529 -314.0000000000
26553 -313.0000000000
26608 -312.0000000000
26632 -311.0000000000
26675 -310.0000000000
26703 -309.0000000000
26764 -308.0000000000
26821 -307.0000000000
26842 -306.0000000000
26865 -305.0000000000
26894 -304.0000000000
26919 -303.0000000000
26928 -302.0000000000
27039 -301.0000000000
27071 -300.0000000000
27135 -299.0000000000
27144 -298.0000000000
27245 -297.0000000000
27287 -296.0000000000
27384 -295.0000000000
27480 -294.0000000000
27538 -293.0000000000
27599 -292.0000000000
27617 -291.0000000000
27648 -290.0000000000
27692 -289.0000000000
27701 -288.0000000000
27733 -287.0000000000
27772 -286.0000000000
27789 -283.0000000000
27873 -282.0000000000
27923 -281.0000000000
27946 -280.0000000000
27964 -279.0000000000
27987 -278.0000000000
28032 -276.0000000000
28064 -275.0000000000
28105 -274.0000000000
28115 -273.0000000000
28141 -272.0000000000
28205 -271.0000000000
28216 -270.0000000000
28262 -269.0000000000
28321 -267.0000000000
28443 -266.0000000000
28475 -265.0000000000
28526 -264.0000000000
28534 -263.0000000000
28544 -262.0000000000
28561 -261.0000000000
28571 -260.0000000000
28583 -259.0000000000
28675 -258.0000000000
28712 -256.0000000000
28751 -255.0000000000
28793 -254.0000000000
28861 -253.0000000000
28893 -252.0000000000
28947 -250.0000000000
28984 -249.0000000000
29009 -248.0000000000
29021 -247.0000000000
29073 -246.0000000000
29152 -245.0000000000
29219 -244.0000000000
29237 -243.0000000000
29265 -242.0000000000
29286 -240.0000000000
29360 -238.0000000000
29409 -237.0000000000
29435 -236.0000000000
29442 -235.0000000000
29482 -234.0000000000
29505 -233.0000000000
29598 -232.0000000000
29633 -231.0000000000
29690 -230.0000000000
29742 -229.0000000000
29794 -227.0000000000
29820 -226.0000000000
29827 -225.0000000000
29864 -224.0000000000
29931 -223.0000000000
29937 -221.0000000000
29995 -220.0000000000
30130 -219.0000000000
30159 -217.0000000000
30189 -216.0000000000
30228 -215.0000000000
30266 -214.0000000000
30360 -212.0000000000
30439 -211.0000000000
30517 -210.0000000000
30584 -209.0000000000
30614 -208.0000000000
30627 -207.0000000000
30701 -206.0000000000
30761 -205.0000000000
30827 -204.0000000000
30838 -203.0000000000
30893 -202.0000000000
30933 -201.0000000000
31002 -200.0000000000
31051 -199.0000000000
31055 -198.0000000000
31097 -196.0000000000
31161 -195.0000000000
31190 -194.0000000000
31242 -193.0000000000
31267 -192.0000000000
31311 -191.0000000000
31318 -190.0000000000
31351 -189.0000000000
31411 -188.0000000000
31444 -187.0000000000
31551 -185.0000000000
31638 -184.0000000000
31684 -183.0000000000
31762 -181.0000000000
31828 -180.0000000000
31847 -179.0000000000
31906 -178.0000000000
31967 -177.0000000000
31990 -176.0000000000
32035 -175.0000000000
32115 -174.0000000000
32136 -173.0000000000
32256 -172.0000000000
32351 -171.0000000000
32408 -170.0000000000
32448 -169.0000000000
32485 -168.0000000000
32785 -167.0000000000
32811 -166.0000000000
32833 -165.0000000000
32862 -164.0000000000
32923 -163.0000000000
32965 -162.0000000000
33040 -161.0000000000
33106 -160.0000000000
33224 -158.0000000000
33375 -157.0000000000
33439 -156.0000000000
33515 -155.0000000000
33543 -154.0000000000
33589 -153.0000000000
33660 -152.0000000000
33685 -151.0000000000
33791 -150.0000000000
33821 -149.0000000000
33880 -148.0000000000
33961 -147.0000000000
34026 -146.0000000000
34080 -145.0000000000
34172 -144.0000000000
34238 -143.0000000000
34276 -142.0000000000
34347 -141.0000000000
34405 -140.0000000000
34495 -139.0000000000
34632 -138.0000000000
34823 -137.0000000000
34905 -136.0000000000
35007 -135.0000000000
35067 -134.0000000000
35125 -133.0000000000
35151 -132.0000000000
35233 -131.0000000000
35297 -130.0000000000
35325 -129.0000000000
35361 -128.0000000000
35384 -127.0000000000
35468 -126.0000000000
35548 -125.0000000000
35633 -124.0000000000
35654 -123.0000000000
35707 -122.0000000000
35941 -121.0000000000
35993 -120.0000000000
36001 -119.0000000000
36052 -117.0000000000
36127 -116.0000000000
36153 -115.0000000000
36227 -114.0000000000
36284 -113.0000000000
36364 -112.0000000000
36444 -111.0000000000
36522 -110.0000000000
36563 -109.0000000000
36610 -108.0000000000
36850 -107.0000000000
36874 -106.0000000000
36904 -105.0000000000
36925 -104.0000000000
37029 -103.0000000000
37066 -102.0000000000
37131 -101.0000000000
37184 -100.0000000000
37272 -99.0000000000
37351 -98.0000000000
37417 -97.0000000000
37489 -96.0000000000
37597 -95.0000000000
37669 -94.0000000000
37873 -93.0000000000
37934 -92.0000000000
37954 -91.0000000000
38024 -90.0000000000
38071 -89.0000000000
38120 -88.0000000000
38142 -87.0000000000
38197 -86.0000000000
38306 -85.0000000000
38351 -84.0000000000
38424 -83.0000000000
38495 -82.0000000000
38511 -81.0000000000
38554 -80.0000000000
38997 -79.0000000000
39113 -78.0000000000
39156 -77.0000000000
39216 -76.0000000000
39283 -75.0000000000
39692 -74.0000000000
39746 -73.0000000000
39777 -72.0000000000
39851 -71.0000000000
39923 -70.0000000000
39991 -69.0000000000
40001 -68.0000000000
40130 -67.0000000000
40210 -66.0000000000
40262 -65.0000000000
40414 -64.0000000000
40435 -63.0000000000
40469 -62.0000000000
40610 -61.0000000000
40724 -60.0000000000
40784 -59.0000000000
40878 -57.0000000000
41218 -56.0000000000
41270 -55.0000000000
41998 -54.0000000000
42077 -53.0000000000
42538 -52.0000000000
42719 -51.0000000000
43010 -50.0000000000
43307 -49.0000000000
43343 -48.0000000000
43562 -47.0000000000
43720 -46.0000000000
43786 -45.0000000000
43901 -44.0000000000
44097 -43.0000000000
44250 -42.0000000000
44466 -41.0000000000
45201 -40.0000000000
45842 -39.0000000000
46127 -38.0000000000
46255 -37.0000000000
46414 -36.0000000000
46504 -35.0000000000
46594 -34.0000000000
46629 -33.0000000000
46702 -32.0000000000
46814 -31.0000000000
46886 -30.0000000000
47193 -29.0000000000
47373 -28.0000000000
47912 -27.0000000000
47983 -26.0000000000
48034 -25.0000000000
48107 -24.0000000000
48363 -23.0000000000
48872 -22.0000000000
49184 -21.0000000000
50152 -20.0000000000
50907 -19.0000000000
51086 -18.0000000000
51191 -17.0000000000
51527 -16.0000000000
52350 -15.0000000000
52713 -14.0000000000
53410 -13.0000000000
53847 -12.0000000000
53963 -11.0000000000
54092 -10.0000000000
54299 -9.0000000000
54403 -8.0000000000
54490 -7.0000000000
55504 -6.0000000000
55804 -5.0000000000
57214 -4.0000000000
58032 -3.0000000000
58098 -2.0000000000
58300 -1.0000000000
59631 122.7700000000
59694 123.4300000000
59717 126.4000000000
59755 128.2000000000
59771 130.5400000000
59875 132.9200000000
59969 133.9700000000
60171 134.4900000000
60330 135.0000000000
63401 136.4200000000
64852 138.1300000000
65450 139.3800000000
65576 144.1500000000
76004 144.5800000000
86606 144.6100000000
90348 145.1400000000
93195 147.2400000000
94220 156.3200000000
100000 124.6600000000
