evaluations raw_y
1 -203.0000000000
5 -202.0000000000
20 -201.0000000000
23 -200.0000000000
24 -199.0000000000
31 -198.0000000000
46 -197.0000000000
60 -195.0000000000
61 -194.0000000000
65 -193.0000000000
67 -191.0000000000
68 -190.0000000000
69 -189.0000000000
70 -187.0000000000
79 -185.0000000000
82 -184.0000000000
84 -183.0000000000
86 -182.0000000000
88 -181.0000000000
91 -179.0000000000
94 -178.0000000000
99 -177.0000000000
101 -175.0000000000
107 -173.0000000000
109 -170.0000000000
118 -169.0000000000
121 -168.0000000000
122 -167.0000000000
129 -166.0000000000
131 -165.0000000000
143 -164.0000000000
145 -163.0000000000
151 -162.0000000000
152 -161.0000000000
153 -160.0000000000
154 -159.0000000000
159 -158.0000000000
162 -157.0000000000
163 -154.0000000000
168 -153.0000000000
179 -152.0000000000
183 -151.0000000000
185 -150.0000000000
203 -149.0000000000
208 -148.0000000000
209 -147.0000000000
215 -146.0000000000
236 -145.0000000000
239 -144.0000000000
240 -143.0000000000
244 -142.0000000000
250 -141.0000000000
259 -140.0000000000
265 -139.0000000000
277 -137.0000000000
292 -136.0000000000
301 -135.0000000000
304 -133.0000000000
311 -132.0000000000
312 -131.0000000000
313 -130.0000000000
329 -128.0000000000
338 -127.0000000000
339 -126.0000000000
354 -125.0000000000
362 -124.0000000000
367 -123.0000000000
371 -122.0000000000
372 -121.0000000000
374 -120.0000000000
382 -119.0000000000
394 -118.0000000000
397 -116.0000000000
400 -113.0000000000
403 -112.0000000000
408 -111.0000000000
442 -110.0000000000
470 -109.0000000000
487 -108.0000000000
500 -107.0000000000
504 -106.0000000000
506 -105.0000000000
510 -104.0000000000
518 -103.0000000000
537 -101.0000000000
552 -100.0000000000
574 -99.0000000000
576 -98.0000000000
579 -97.0000000000
590 -96.0000000000
599 -94.0000000000
620 -93.0000000000
622 -92.0000000000
627 -90.0000000000
630 -89.0000000000
647 -88.0000000000
651 -86.0000000000
676 -85.0000000000
678 -84.0000000000
680 -83.0000000000
697 -82.0000000000
717 -81.0000000000
725 -79.0000000000
735 -78.0000000000
736 -77.0000000000
754 -76.0000000000
767 -75.0000000000
773 -74.0000000000
789 -73.0000000000
810 -72.0000000000
823 -71.0000000000
834 -70.0000000000
837 -69.0000000000
838 -68.0000000000
864 -67.0000000000
869 -66.0000000000
886 -65.0000000000
888 -64.0000000000
905 -63.0000000000
916 -62.0000000000
934 -61.0000000000
951 -60.0000000000
1003 -59.0000000000
1005 -58.0000000000
1023 -57.0000000000
1030 -56.0000000000
1039 -55.0000000000
1070 -54.0000000000
1084 -53.0000000000
1093 -52.0000000000
1098 -51.0000000000
1101 -50.0000000000
1130 -49.0000000000
1142 -48.0000000000
1146 -47.0000000000
1155 -46.0000000000
1165 -45.0000000000
1168 -44.0000000000
1217 -43.0000000000
1220 -42.0000000000
1259 -41.0000000000
1291 -40.0000000000
1327 -39.0000000000
1349 -38.0000000000
1389 -37.0000000000
1392 -36.0000000000
1395 -35.0000000000
1399 -33.0000000000
1403 -32.0000000000
1472 -31.0000000000
1742 -30.0000000000
1758 -29.0000000000
1880 -28.0000000000
1925 -27.0000000000
1936 -26.0000000000
1970 -25.0000000000
2063 -24.0000000000
2092 -23.0000000000
2103 -22.0000000000
2182 -21.0000000000
2273 -20.0000000000
2367 -19.0000000000
2395 -18.0000000000
2449 -17.0000000000
2454 -16.0000000000
2459 -15.0000000000
2522 -14.0000000000
2718 -13.0000000000
2746 -12.0000000000
2810 -11.0000000000
2850 -9.0000000000
3047 -8.0000000000
3075 -7.0000000000
3151 -6.0000000000
3347 -5.0000000000
3457 -4.0000000000
3528 -3.0000000000
3769 -2.0000000000
3778 -1.0000000000
3960 364.0000000000
4117 370.0000000000
4123 387.0000000000
4271 397.0000000000
4329 398.0000000000
4335 399.0000000000
4475 401.0000000000
4950 405.0000000000
4960 406.0000000000
4984 407.0000000000
5155 409.0000000000
6198 411.0000000000
6533 412.0000000000
6634 413.0000000000
6759 414.0000000000
6972 415.0000000000
7604 416.0000000000
8180 417.0000000000
8322 418.0000000000
8363 420.0000000000
8856 421.0000000000
9188 423.0000000000
9251 426.0000000000
10000 360.0000000000
