evaluations raw_y
1 -2021.0000000000
2 -1991.0000000000
6 -1956.0000000000
7 -1950.0000000000
21 -1931.0000000000
41 -1929.0000000000
45 -1921.0000000000
57 -1916.0000000000
67 -1904.0000000000
76 -1896.0000000000
85 -1891.0000000000
94 -1887.0000000000
113 -1878.0000000000
114 -1873.0000000000
121 -1853.0000000000
154 -1852.0000000000
163 -1833.0000000000
182 -1820.0000000000
221 -1819.0000000000
224 -1815.0000000000
244 -1812.0000000000
263 -1809.0000000000
274 -1806.0000000000
276 -1804.0000000000
284 -1801.0000000000
289 -1799.0000000000
303 -1798.0000000000
306 -1797.0000000000
326 -1794.0000000000
331 -1792.0000000000
342 -1786.0000000000
363 -1783.0000000000
384 -1767.0000000000
441 -1765.0000000000
444 -1764.0000000000
461 -1763.0000000000
464 -1757.0000000000
501 -1755.0000000000
522 -1754.0000000000
538 -1752.0000000000
542 -1749.0000000000
556 -1748.0000000000
577 -1746.0000000000
603 -1745.0000000000
605 -1743.0000000000
623 -1742.0000000000
642 -1741.0000000000
644 -1740.0000000000
665 -1738.0000000000
683 -1737.0000000000
705 -1736.0000000000
728 -1735.0000000000
737 -1733.0000000000
753 -1732.0000000000
765 -1731.0000000000
782 -1730.0000000000
788 -1729.0000000000
807 -1728.0000000000
835 -1726.0000000000
842 -1725.0000000000
849 -1723.0000000000
882 -1722.0000000000
885 -1721.0000000000
903 -1720.0000000000
911 -1718.0000000000
935 -1717.0000000000
943 -1716.0000000000
964 -1715.0000000000
969 -1712.0000000000
1003 -1711.0000000000
1017 -1710.0000000000
1021 -1709.0000000000
1041 -1707.0000000000
1073 -1706.0000000000
1096 -1705.0000000000
1102 -1702.0000000000
1124 -1701.0000000000
1145 -1699.0000000000
1164 -1697.0000000000
1195 -1695.0000000000
1205 -1694.0000000000
1220 -1693.0000000000
1239 -1691.0000000000
1268 -1690.0000000000
1287 -1688.0000000000
1305 -1686.0000000000
1331 -1685.0000000000
1361 -1684.0000000000
1364 -1683.0000000000
1385 -1680.0000000000
1400 -1679.0000000000
1428 -1678.0000000000
1452 -1676.0000000000
1477 -1675.0000000000
1483 -1674.0000000000
1499 -1673.0000000000
1501 -1672.0000000000
1512 -1671.0000000000
1528 -1669.0000000000
1562 -1667.0000000000
1581 -1666.0000000000
1613 -1665.0000000000
1636 -1664.0000000000
1656 -1663.0000000000
1663 -1660.0000000000
1699 -1659.0000000000
1705 -1657.0000000000
1723 -1655.0000000000
1732 -1654.0000000000
1748 -1653.0000000000
1761 -1652.0000000000
1777 -1650.0000000000
1821 -1647.0000000000
1863 -1645.0000000000
1890 -1644.0000000000
1907 -1643.0000000000
1922 -1642.0000000000
1926 -1640.0000000000
1960 -1639.0000000000
1971 -1638.0000000000
1986 -1637.0000000000
2003 -1635.0000000000
2049 -1633.0000000000
2063 -1632.0000000000
2086 -1630.0000000000
2110 -1629.0000000000
2121 -1625.0000000000
2130 -1622.0000000000
2166 -1619.0000000000
2191 -1617.0000000000
2220 -1616.0000000000
2222 -1615.0000000000
2245 -1614.0000000000
2262 -1612.0000000000
2278 -1611.0000000000
2286 -1610.0000000000
2302 -1607.0000000000
2327 -1605.0000000000
2344 -1602.0000000000
2382 -1598.0000000000
2405 -1597.0000000000
2427 -1595.0000000000
2461 -1594.0000000000
2494 -1593.0000000000
2509 -1591.0000000000
2516 -1589.0000000000
2529 -1588.0000000000
2538 -1587.0000000000
2543 -1586.0000000000
2548 -1585.0000000000
2571 -1584.0000000000
2589 -1583.0000000000
2600 -1581.0000000000
2609 -1577.0000000000
2645 -1576.0000000000
2668 -1575.0000000000
2681 -1573.0000000000
2707 -1572.0000000000
2728 -1571.0000000000
2745 -1570.0000000000
2767 -1569.0000000000
2772 -1568.0000000000
2781 -1567.0000000000
2792 -1566.0000000000
2807 -1564.0000000000
2830 -1562.0000000000
2849 -1561.0000000000
2871 -1560.0000000000
2884 -1558.0000000000
2902 -1555.0000000000
2949 -1554.0000000000
2968 -1553.0000000000
2974 -1552.0000000000
2990 -1551.0000000000
3015 -1550.0000000000
3034 -1548.0000000000
3047 -1546.0000000000
3061 -1543.0000000000
3113 -1542.0000000000
3121 -1540.0000000000
3161 -1539.0000000000
3163 -1538.0000000000
3165 -1536.0000000000
3201 -1535.0000000000
3227 -1534.0000000000
3244 -1533.0000000000
3270 -1532.0000000000
3289 -1529.0000000000
3306 -1526.0000000000
3322 -1525.0000000000
3329 -1524.0000000000
3384 -1523.0000000000
3407 -1522.0000000000
3420 -1521.0000000000
3442 -1520.0000000000
3469 -1516.0000000000
3503 -1515.0000000000
3505 -1514.0000000000
3510 -1513.0000000000
3540 -1511.0000000000
3556 -1510.0000000000
3565 -1506.0000000000
3601 -1505.0000000000
3605 -1504.0000000000
3621 -1503.0000000000
3628 -1502.0000000000
3649 -1499.0000000000
3664 -1496.0000000000
3686 -1495.0000000000
3706 -1493.0000000000
3726 -1491.0000000000
3755 -1490.0000000000
3782 -1488.0000000000
3793 -1487.0000000000
3805 -1486.0000000000
3821 -1485.0000000000
3843 -1484.0000000000
3844 -1483.0000000000
3865 -1482.0000000000
3883 -1480.0000000000
3900 -1479.0000000000
3920 -1478.0000000000
3925 -1475.0000000000
3948 -1474.0000000000
3971 -1473.0000000000
3975 -1472.0000000000
4000 -1470.0000000000
4007 -1468.0000000000
4036 -1466.0000000000
4043 -1465.0000000000
4066 -1462.0000000000
4081 -1461.0000000000
4104 -1460.0000000000
4122 -1459.0000000000
4139 -1458.0000000000
4165 -1456.0000000000
4172 -1455.0000000000
4185 -1454.0000000000
4186 -1453.0000000000
4222 -1451.0000000000
4241 -1450.0000000000
4263 -1448.0000000000
4304 -1445.0000000000
4322 -1444.0000000000
4350 -1443.0000000000
4369 -1442.0000000000
4381 -1441.0000000000
4392 -1439.0000000000
4421 -1438.0000000000
4427 -1436.0000000000
4442 -1435.0000000000
4469 -1434.0000000000
4485 -1433.0000000000
4490 -1432.0000000000
4529 -1430.0000000000
4541 -1429.0000000000
4567 -1428.0000000000
4581 -1426.0000000000
4606 -1425.0000000000
4623 -1424.0000000000
4662 -1423.0000000000
4682 -1422.0000000000
4685 -1420.0000000000
4698 -1418.0000000000
4728 -1417.0000000000
4729 -1416.0000000000
4746 -1415.0000000000
4756 -1414.0000000000
4783 -1412.0000000000
4799 -1411.0000000000
4802 -1409.0000000000
4826 -1408.0000000000
4860 -1404.0000000000
4879 -1403.0000000000
4887 -1402.0000000000
4901 -1400.0000000000
4921 -1399.0000000000
4922 -1396.0000000000
4943 -1395.0000000000
4962 -1394.0000000000
4987 -1393.0000000000
5009 -1392.0000000000
5032 -1391.0000000000
5044 -1389.0000000000
5055 -1388.0000000000
5063 -1387.0000000000
5076 -1386.0000000000
5088 -1384.0000000000
5105 -1382.0000000000
5133 -1381.0000000000
5145 -1380.0000000000
5156 -1378.0000000000
5183 -1377.0000000000
5221 -1376.0000000000
5242 -1375.0000000000
5267 -1374.0000000000
5274 -1373.0000000000
5307 -1370.0000000000
5332 -1368.0000000000
5368 -1367.0000000000
5382 -1365.0000000000
5391 -1364.0000000000
5402 -1363.0000000000
5405 -1362.0000000000
5442 -1360.0000000000
5457 -1359.0000000000
5481 -1358.0000000000
5484 -1357.0000000000
5501 -1356.0000000000
5524 -1355.0000000000
5540 -1354.0000000000
5551 -1352.0000000000
5563 -1351.0000000000
5582 -1350.0000000000
5589 -1349.0000000000
5626 -1348.0000000000
5636 -1347.0000000000
5642 -1345.0000000000
5661 -1344.0000000000
5691 -1341.0000000000
5724 -1338.0000000000
5743 -1337.0000000000
5769 -1336.0000000000
5790 -1335.0000000000
5798 -1334.0000000000
5800 -1333.0000000000
5813 -1332.0000000000
5833 -1331.0000000000
5851 -1329.0000000000
5886 -1328.0000000000
5914 -1326.0000000000
5929 -1325.0000000000
5957 -1322.0000000000
5970 -1320.0000000000
6002 -1319.0000000000
6004 -1318.0000000000
6061 -1316.0000000000
6081 -1315.0000000000
6091 -1314.0000000000
6104 -1313.0000000000
6120 -1312.0000000000
6156 -1311.0000000000
6158 -1310.0000000000
6161 -1309.0000000000
6186 -1308.0000000000
6202 -1307.0000000000
6232 -1306.0000000000
6242 -1305.0000000000
6246 -1304.0000000000
6253 -1303.0000000000
6273 -1301.0000000000
6282 -1299.0000000000
6328 -1298.0000000000
6334 -1295.0000000000
6342 -1294.0000000000
6364 -1292.0000000000
6397 -1291.0000000000
6406 -1290.0000000000
6438 -1286.0000000000
6482 -1285.0000000000
6484 -1284.0000000000
6517 -1282.0000000000
6528 -1281.0000000000
6542 -1278.0000000000
6564 -1276.0000000000
6597 -1274.0000000000
6623 -1271.0000000000
6658 -1270.0000000000
6669 -1269.0000000000
6671 -1265.0000000000
6720 -1264.0000000000
6741 -1263.0000000000
6748 -1262.0000000000
6776 -1261.0000000000
6790 -1260.0000000000
6811 -1259.0000000000
6829 -1258.0000000000
6838 -1257.0000000000
6863 -1256.0000000000
6889 -1255.0000000000
6892 -1253.0000000000
6906 -1252.0000000000
6926 -1251.0000000000
6946 -1249.0000000000
6964 -1248.0000000000
6989 -1247.0000000000
7003 -1245.0000000000
7035 -1244.0000000000
7061 -1243.0000000000
7063 -1242.0000000000
7094 -1241.0000000000
7098 -1240.0000000000
7130 -1238.0000000000
7167 -1237.0000000000
7195 -1234.0000000000
7209 -1233.0000000000
7242 -1232.0000000000
7267 -1231.0000000000
7290 -1229.0000000000
7310 -1228.0000000000
7332 -1226.0000000000
7346 -1224.0000000000
7409 -1223.0000000000
7431 -1222.0000000000
7451 -1221.0000000000
7464 -1220.0000000000
7477 -1219.0000000000
7484 -1218.0000000000
7487 -1217.0000000000
7490 -1216.0000000000
7526 -1215.0000000000
7550 -1213.0000000000
7587 -1212.0000000000
7613 -1211.0000000000
7628 -1210.0000000000
7646 -1209.0000000000
7651 -1208.0000000000
7684 -1207.0000000000
7703 -1206.0000000000
7724 -1204.0000000000
7736 -1203.0000000000
7765 -1202.0000000000
7791 -1201.0000000000
7795 -1199.0000000000
7824 -1198.0000000000
7849 -1197.0000000000
7866 -1195.0000000000
7913 -1194.0000000000
7944 -1192.0000000000
7978 -1191.0000000000
7983 -1190.0000000000
7999 -1189.0000000000
8024 -1188.0000000000
8044 -1187.0000000000
8072 -1185.0000000000
8089 -1184.0000000000
8106 -1183.0000000000
8128 -1180.0000000000
8150 -1179.0000000000
8182 -1178.0000000000
8214 -1176.0000000000
8261 -1175.0000000000
8286 -1174.0000000000
8312 -1173.0000000000
8351 -1170.0000000000
8365 -1167.0000000000
8391 -1165.0000000000
8428 -1164.0000000000
8455 -1162.0000000000
8502 -1161.0000000000
8521 -1160.0000000000
8525 -1159.0000000000
8548 -1158.0000000000
8565 -1157.0000000000
8571 -1156.0000000000
8581 -1155.0000000000
8628 -1153.0000000000
8663 -1152.0000000000
8672 -1151.0000000000
8682 -1150.0000000000
8714 -1149.0000000000
8770 -1148.0000000000
8781 -1145.0000000000
8840 -1144.0000000000
8847 -1143.0000000000
8867 -1142.0000000000
8877 -1140.0000000000
8898 -1139.0000000000
8918 -1138.0000000000
8921 -1136.0000000000
8948 -1134.0000000000
8965 -1133.0000000000
9003 -1132.0000000000
9036 -1131.0000000000
9045 -1129.0000000000
9072 -1128.0000000000
9090 -1127.0000000000
9104 -1126.0000000000
9107 -1124.0000000000
9141 -1123.0000000000
9157 -1120.0000000000
9193 -1119.0000000000
9202 -1118.0000000000
9224 -1116.0000000000
9251 -1115.0000000000
9262 -1114.0000000000
9284 -1113.0000000000
9291 -1111.0000000000
9334 -1109.0000000000
9341 -1108.0000000000
9381 -1107.0000000000
9391 -1106.0000000000
9393 -1105.0000000000
9414 -1103.0000000000
9443 -1101.0000000000
9461 -1100.0000000000
9512 -1099.0000000000
9526 -1098.0000000000
9542 -1097.0000000000
9553 -1096.0000000000
9584 -1095.0000000000
9618 -1093.0000000000
9646 -1092.0000000000
9652 -1091.0000000000
9666 -1090.0000000000
9684 -1089.0000000000
9701 -1088.0000000000
9709 -1087.0000000000
9722 -1086.0000000000
9741 -1085.0000000000
9762 -1084.0000000000
9790 -1082.0000000000
9811 -1081.0000000000
9855 -1080.0000000000
9865 -1079.0000000000
9881 -1077.0000000000
9901 -1076.0000000000
9905 -1075.0000000000
9914 -1074.0000000000
9947 -1073.0000000000
9953 -1072.0000000000
9968 -1069.0000000000
9982 -1068.0000000000
10000 -1069.0000000000
