evaluations raw_y
1 -2019.0000000000
2 -2018.0000000000
4 -2017.0000000000
6 -2015.0000000000
16 -2014.0000000000
25 -2013.0000000000
28 -2011.0000000000
32 -2010.0000000000
37 -2009.0000000000
47 -2008.0000000000
55 -2006.0000000000
58 -2005.0000000000
60 -2003.0000000000
62 -2001.0000000000
76 -1999.0000000000
86 -1998.0000000000
87 -1997.0000000000
88 -1995.0000000000
91 -1992.0000000000
107 -1991.0000000000
109 -1990.0000000000
115 -1989.0000000000
116 -1988.0000000000
117 -1987.0000000000
120 -1986.0000000000
122 -1985.0000000000
124 -1984.0000000000
126 -1983.0000000000
127 -1982.0000000000
131 -1981.0000000000
132 -1979.0000000000
134 -1976.0000000000
143 -1973.0000000000
152 -1972.0000000000
153 -1971.0000000000
156 -1969.0000000000
157 -1968.0000000000
160 -1967.0000000000
163 -1966.0000000000
166 -1965.0000000000
167 -1964.0000000000
173 -1963.0000000000
175 -1961.0000000000
182 -1960.0000000000
186 -1959.0000000000
187 -1958.0000000000
193 -1957.0000000000
200 -1956.0000000000
201 -1955.0000000000
207 -1954.0000000000
213 -1953.0000000000
215 -1952.0000000000
216 -1951.0000000000
217 -1949.0000000000
224 -1948.0000000000
228 -1947.0000000000
231 -1946.0000000000
236 -1945.0000000000
237 -1944.0000000000
238 -1943.0000000000
246 -1942.0000000000
248 -1941.0000000000
259 -1938.0000000000
268 -1937.0000000000
269 -1936.0000000000
274 -1935.0000000000
276 -1931.0000000000
278 -1928.0000000000
287 -1927.0000000000
290 -1926.0000000000
293 -1924.0000000000
295 -1923.0000000000
301 -1920.0000000000
302 -1918.0000000000
304 -1917.0000000000
309 -1916.0000000000
310 -1915.0000000000
317 -1914.0000000000
319 -1913.0000000000
324 -1911.0000000000
331 -1909.0000000000
332 -1908.0000000000
334 -1907.0000000000
340 -1904.0000000000
341 -1903.0000000000
346 -1902.0000000000
347 -1901.0000000000
348 -1900.0000000000
350 -1898.0000000000
356 -1896.0000000000
360 -1895.0000000000
364 -1894.0000000000
365 -1893.0000000000
371 -1892.0000000000
378 -1891.0000000000
379 -1890.0000000000
383 -1888.0000000000
384 -1887.0000000000
389 -1886.0000000000
390 -1885.0000000000
394 -1884.0000000000
397 -1883.0000000000
404 -1881.0000000000
410 -1880.0000000000
417 -1879.0000000000
418 -1878.0000000000
422 -1877.0000000000
433 -1875.0000000000
438 -1874.0000000000
445 -1873.0000000000
446 -1872.0000000000
453 -1871.0000000000
454 -1870.0000000000
455 -1869.0000000000
464 -1868.0000000000
468 -1867.0000000000
472 -1866.0000000000
475 -1865.0000000000
483 -1864.0000000000
494 -1863.0000000000
495 -1862.0000000000
497 -1861.0000000000
500 -1859.0000000000
504 -1858.0000000000
506 -1857.0000000000
509 -1856.0000000000
510 -1855.0000000000
513 -1854.0000000000
521 -1852.0000000000
522 -1851.0000000000
523 -1849.0000000000
524 -1848.0000000000
527 -1847.0000000000
528 -1846.0000000000
536 -1845.0000000000
537 -1844.0000000000
538 -1842.0000000000
544 -1840.0000000000
547 -1839.0000000000
552 -1838.0000000000
554 -1837.0000000000
556 -1834.0000000000
562 -1831.0000000000
568 -1830.0000000000
572 -1829.0000000000
573 -1828.0000000000
578 -1825.0000000000
588 -1824.0000000000
591 -1822.0000000000
599 -1820.0000000000
603 -1818.0000000000
608 -1816.0000000000
609 -1815.0000000000
616 -1814.0000000000
618 -1813.0000000000
620 -1812.0000000000
627 -1811.0000000000
631 -1809.0000000000
638 -1808.0000000000
642 -1806.0000000000
649 -1805.0000000000
662 -1804.0000000000
665 -1802.0000000000
669 -1801.0000000000
670 -1800.0000000000
671 -1799.0000000000
675 -1798.0000000000
676 -1797.0000000000
677 -1794.0000000000
681 -1792.0000000000
683 -1791.0000000000
685 -1790.0000000000
690 -1789.0000000000
695 -1788.0000000000
700 -1787.0000000000
703 -1786.0000000000
704 -1785.0000000000
713 -1784.0000000000
716 -1783.0000000000
722 -1782.0000000000
723 -1781.0000000000
726 -1780.0000000000
728 -1779.0000000000
730 -1778.0000000000
734 -1777.0000000000
740 -1776.0000000000
741 -1774.0000000000
744 -1773.0000000000
746 -1772.0000000000
747 -1771.0000000000
748 -1770.0000000000
750 -1768.0000000000
762 -1767.0000000000
766 -1766.0000000000
769 -1765.0000000000
775 -1764.0000000000
779 -1762.0000000000
781 -1761.0000000000
787 -1760.0000000000
798 -1758.0000000000
799 -1756.0000000000
801 -1755.0000000000
811 -1754.0000000000
815 -1753.0000000000
818 -1752.0000000000
824 -1751.0000000000
831 -1749.0000000000
854 -1748.0000000000
858 -1746.0000000000
876 -1745.0000000000
879 -1743.0000000000
882 -1741.0000000000
886 -1740.0000000000
888 -1738.0000000000
891 -1737.0000000000
892 -1735.0000000000
897 -1733.0000000000
902 -1732.0000000000
903 -1731.0000000000
906 -1730.0000000000
911 -1729.0000000000
912 -1727.0000000000
918 -1726.0000000000
922 -1725.0000000000
925 -1724.0000000000
928 -1723.0000000000
929 -1722.0000000000
933 -1721.0000000000
936 -1720.0000000000
937 -1719.0000000000
942 -1718.0000000000
943 -1716.0000000000
949 -1715.0000000000
954 -1712.0000000000
957 -1710.0000000000
959 -1709.0000000000
965 -1708.0000000000
979 -1707.0000000000
981 -1706.0000000000
985 -1705.0000000000
988 -1704.0000000000
989 -1702.0000000000
992 -1699.0000000000
994 -1698.0000000000
995 -1697.0000000000
1000 -1696.0000000000
1014 -1695.0000000000
1017 -1694.0000000000
1018 -1693.0000000000
1020 -1692.0000000000
1025 -1691.0000000000
1031 -1690.0000000000
1039 -1689.0000000000
1045 -1688.0000000000
1052 -1687.0000000000
1053 -1686.0000000000
1055 -1685.0000000000
1057 -1684.0000000000
1063 -1683.0000000000
1064 -1682.0000000000
1065 -1681.0000000000
1068 -1680.0000000000
1071 -1679.0000000000
1075 -1678.0000000000
1086 -1677.0000000000
1087 -1676.0000000000
1095 -1675.0000000000
1097 -1674.0000000000
1101 -1672.0000000000
1112 -1670.0000000000
1113 -1669.0000000000
1120 -1668.0000000000
1124 -1667.0000000000
1132 -1665.0000000000
1141 -1664.0000000000
1142 -1663.0000000000
1148 -1662.0000000000
1150 -1661.0000000000
1163 -1660.0000000000
1164 -1659.0000000000
1165 -1658.0000000000
1167 -1656.0000000000
1173 -1655.0000000000
1185 -1654.0000000000
1192 -1653.0000000000
1197 -1652.0000000000
1202 -1651.0000000000
1214 -1650.0000000000
1230 -1648.0000000000
1240 -1647.0000000000
1244 -1646.0000000000
1245 -1645.0000000000
1251 -1643.0000000000
1259 -1641.0000000000
1261 -1640.0000000000
1269 -1638.0000000000
1280 -1637.0000000000
1287 -1636.0000000000
1288 -1635.0000000000
1289 -1634.0000000000
1291 -1633.0000000000
1292 -1632.0000000000
1299 -1631.0000000000
1302 -1630.0000000000
1311 -1629.0000000000
1317 -1628.0000000000
1321 -1626.0000000000
1322 -1624.0000000000
1330 -1622.0000000000
1334 -1621.0000000000
1338 -1619.0000000000
1340 -1618.0000000000
1347 -1617.0000000000
1349 -1615.0000000000
1354 -1614.0000000000
1356 -1613.0000000000
1357 -1612.0000000000
1360 -1611.0000000000
1365 -1610.0000000000
1369 -1608.0000000000
1381 -1607.0000000000
1383 -1605.0000000000
1385 -1604.0000000000
1386 -1603.0000000000
1393 -1601.0000000000
1395 -1600.0000000000
1408 -1599.0000000000
1409 -1598.0000000000
1410 -1596.0000000000
1413 -1595.0000000000
1414 -1594.0000000000
1422 -1592.0000000000
1425 -1591.0000000000
1430 -1590.0000000000
1441 -1589.0000000000
1443 -1588.0000000000
1447 -1587.0000000000
1463 -1585.0000000000
1464 -1584.0000000000
1466 -1583.0000000000
1470 -1582.0000000000
1474 -1581.0000000000
1476 -1580.0000000000
1481 -1579.0000000000
1487 -1578.0000000000
1490 -1577.0000000000
1492 -1575.0000000000
1499 -1573.0000000000
1502 -1572.0000000000
1509 -1569.0000000000
1512 -1568.0000000000
1516 -1567.0000000000
1517 -1566.0000000000
1531 -1565.0000000000
1532 -1564.0000000000
1549 -1563.0000000000
1554 -1562.0000000000
1562 -1561.0000000000
1563 -1560.0000000000
1569 -1559.0000000000
1575 -1558.0000000000
1577 -1557.0000000000
1579 -1556.0000000000
1589 -1555.0000000000
1595 -1554.0000000000
1616 -1553.0000000000
1617 -1552.0000000000
1620 -1550.0000000000
1623 -1548.0000000000
1634 -1547.0000000000
1636 -1545.0000000000
1637 -1544.0000000000
1640 -1543.0000000000
1642 -1542.0000000000
1643 -1541.0000000000
1645 -1540.0000000000
1646 -1539.0000000000
1652 -1538.0000000000
1662 -1537.0000000000
1667 -1536.0000000000
1678 -1535.0000000000
1681 -1534.0000000000
1692 -1533.0000000000
1706 -1532.0000000000
1707 -1531.0000000000
1713 -1530.0000000000
1717 -1528.0000000000
1721 -1527.0000000000
1722 -1526.0000000000
1726 -1525.0000000000
1739 -1523.0000000000
1740 -1522.0000000000
1743 -1521.0000000000
1747 -1518.0000000000
1750 -1517.0000000000
1758 -1516.0000000000
1759 -1515.0000000000
1765 -1514.0000000000
1768 -1513.0000000000
1769 -1512.0000000000
1770 -1511.0000000000
1775 -1510.0000000000
1777 -1509.0000000000
1778 -1508.0000000000
1782 -1507.0000000000
1785 -1506.0000000000
1786 -1505.0000000000
1788 -1504.0000000000
1802 -1503.0000000000
1810 -1501.0000000000
1817 -1500.0000000000
1819 -1499.0000000000
1826 -1498.0000000000
1827 -1497.0000000000
1833 -1495.0000000000
1837 -1494.0000000000
1841 -1493.0000000000
1842 -1491.0000000000
1849 -1490.0000000000
1850 -1488.0000000000
1855 -1487.0000000000
1862 -1486.0000000000
1863 -1485.0000000000
1864 -1484.0000000000
1865 -1483.0000000000
1868 -1481.0000000000
1871 -1480.0000000000
1875 -1478.0000000000
1877 -1477.0000000000
1883 -1476.0000000000
1890 -1475.0000000000
1896 -1474.0000000000
1899 -1473.0000000000
1900 -1471.0000000000
1903 -1469.0000000000
1905 -1468.0000000000
1911 -1466.0000000000
1913 -1463.0000000000
1921 -1462.0000000000
1924 -1461.0000000000
1927 -1460.0000000000
1933 -1458.0000000000
1947 -1457.0000000000
1949 -1456.0000000000
1956 -1455.0000000000
1961 -1454.0000000000
1967 -1453.0000000000
1969 -1452.0000000000
1973 -1451.0000000000
1984 -1450.0000000000
1995 -1449.0000000000
2005 -1448.0000000000
2029 -1445.0000000000
2035 -1444.0000000000
2040 -1441.0000000000
2049 -1440.0000000000
2062 -1438.0000000000
2065 -1437.0000000000
2066 -1436.0000000000
2073 -1434.0000000000
2076 -1433.0000000000
2078 -1432.0000000000
2084 -1431.0000000000
2087 -1430.0000000000
2100 -1429.0000000000
2111 -1428.0000000000
2123 -1427.0000000000
2124 -1426.0000000000
2133 -1425.0000000000
2145 -1424.0000000000
2154 -1423.0000000000
2156 -1422.0000000000
2159 -1421.0000000000
2163 -1420.0000000000
2171 -1419.0000000000
2172 -1418.0000000000
2175 -1417.0000000000
2177 -1416.0000000000
2182 -1415.0000000000
2185 -1413.0000000000
2191 -1412.0000000000
2193 -1411.0000000000
2194 -1410.0000000000
2197 -1408.0000000000
2202 -1407.0000000000
2203 -1406.0000000000
2205 -1405.0000000000
2218 -1404.0000000000
2225 -1403.0000000000
2226 -1401.0000000000
2232 -1400.0000000000
2233 -1399.0000000000
2237 -1398.0000000000
2243 -1397.0000000000
2245 -1396.0000000000
2256 -1394.0000000000
2272 -1393.0000000000
2276 -1392.0000000000
2277 -1391.0000000000
2278 -1390.0000000000
2290 -1389.0000000000
2291 -1388.0000000000
2293 -1387.0000000000
2303 -1386.0000000000
2309 -1385.0000000000
2315 -1384.0000000000
2328 -1383.0000000000
2337 -1382.0000000000
2346 -1381.0000000000
2348 -1380.0000000000
2363 -1379.0000000000
2364 -1378.0000000000
2368 -1377.0000000000
2370 -1375.0000000000
2372 -1372.0000000000
2376 -1370.0000000000
2377 -1369.0000000000
2389 -1368.0000000000
2394 -1367.0000000000
2398 -1366.0000000000
2399 -1365.0000000000
2407 -1364.0000000000
2418 -1362.0000000000
2419 -1360.0000000000
2423 -1358.0000000000
2427 -1357.0000000000
2439 -1355.0000000000
2453 -1353.0000000000
2454 -1352.0000000000
2458 -1351.0000000000
2462 -1350.0000000000
2472 -1349.0000000000
2489 -1348.0000000000
2494 -1347.0000000000
2508 -1346.0000000000
2510 -1345.0000000000
2511 -1344.0000000000
2526 -1343.0000000000
2528 -1342.0000000000
2544 -1341.0000000000
2545 -1340.0000000000
2549 -1339.0000000000
2552 -1338.0000000000
2557 -1337.0000000000
2571 -1335.0000000000
2586 -1333.0000000000
2589 -1332.0000000000
2600 -1330.0000000000
2605 -1328.0000000000
2611 -1327.0000000000
2614 -1326.0000000000
2617 -1325.0000000000
2618 -1324.0000000000
2620 -1323.0000000000
2624 -1322.0000000000
2625 -1321.0000000000
2628 -1320.0000000000
2639 -1319.0000000000
2642 -1318.0000000000
2657 -1317.0000000000
2666 -1316.0000000000
2671 -1315.0000000000
2672 -1313.0000000000
2674 -1312.0000000000
2675 -1311.0000000000
2679 -1310.0000000000
2686 -1309.0000000000
2693 -1308.0000000000
2694 -1307.0000000000
2697 -1305.0000000000
2713 -1304.0000000000
2714 -1303.0000000000
2724 -1300.0000000000
2741 -1299.0000000000
2747 -1298.0000000000
2750 -1297.0000000000
2760 -1295.0000000000
2765 -1294.0000000000
2777 -1293.0000000000
2781 -1292.0000000000
2786 -1291.0000000000
2787 -1290.0000000000
2803 -1288.0000000000
2810 -1287.0000000000
2813 -1286.0000000000
2816 -1285.0000000000
2818 -1284.0000000000
2819 -1282.0000000000
2822 -1281.0000000000
2830 -1280.0000000000
2840 -1278.0000000000
2846 -1277.0000000000
2855 -1276.0000000000
2863 -1274.0000000000
2866 -1273.0000000000
2871 -1272.0000000000
2878 -1269.0000000000
2884 -1268.0000000000
2886 -1267.0000000000
2889 -1266.0000000000
2890 -1265.0000000000
2892 -1264.0000000000
2896 -1263.0000000000
2900 -1262.0000000000
2910 -1260.0000000000
2911 -1259.0000000000
2921 -1258.0000000000
2939 -1257.0000000000
2940 -1256.0000000000
2944 -1253.0000000000
2957 -1252.0000000000
2974 -1251.0000000000
2977 -1250.0000000000
2978 -1249.0000000000
2989 -1248.0000000000
3001 -1247.0000000000
3005 -1246.0000000000
3007 -1245.0000000000
3009 -1244.0000000000
3015 -1243.0000000000
3034 -1242.0000000000
3043 -1241.0000000000
3049 -1239.0000000000
3050 -1238.0000000000
3058 -1236.0000000000
3071 -1235.0000000000
3074 -1234.0000000000
3075 -1233.0000000000
3076 -1232.0000000000
3081 -1231.0000000000
3096 -1230.0000000000
3098 -1228.0000000000
3101 -1227.0000000000
3102 -1226.0000000000
3107 -1225.0000000000
3118 -1224.0000000000
3119 -1223.0000000000
3121 -1222.0000000000
3133 -1220.0000000000
3136 -1219.0000000000
3144 -1218.0000000000
3147 -1217.0000000000
3151 -1216.0000000000
3154 -1215.0000000000
3158 -1214.0000000000
3163 -1213.0000000000
3165 -1212.0000000000
3166 -1211.0000000000
3177 -1210.0000000000
3182 -1209.0000000000
3185 -1208.0000000000
3187 -1207.0000000000
3190 -1205.0000000000
3192 -1204.0000000000
3200 -1203.0000000000
3203 -1200.0000000000
3207 -1199.0000000000
3214 -1198.0000000000
3231 -1197.0000000000
3244 -1196.0000000000
3245 -1194.0000000000
3247 -1193.0000000000
3265 -1192.0000000000
3274 -1191.0000000000
3277 -1190.0000000000
3283 -1189.0000000000
3285 -1188.0000000000
3287 -1186.0000000000
3289 -1185.0000000000
3294 -1184.0000000000
3295 -1183.0000000000
3302 -1182.0000000000
3308 -1181.0000000000
3318 -1180.0000000000
3333 -1179.0000000000
3334 -1178.0000000000
3335 -1177.0000000000
3345 -1176.0000000000
3354 -1175.0000000000
3359 -1174.0000000000
3364 -1173.0000000000
3376 -1172.0000000000
3384 -1171.0000000000
3389 -1170.0000000000
3391 -1169.0000000000
3394 -1168.0000000000
3400 -1167.0000000000
3408 -1166.0000000000
3416 -1164.0000000000
3419 -1160.0000000000
3420 -1159.0000000000
3425 -1157.0000000000
3429 -1156.0000000000
3432 -1155.0000000000
3436 -1154.0000000000
3437 -1153.0000000000
3445 -1152.0000000000
3460 -1151.0000000000
3462 -1149.0000000000
3464 -1148.0000000000
3498 -1147.0000000000
3505 -1145.0000000000
3510 -1143.0000000000
3515 -1142.0000000000
3518 -1141.0000000000
3526 -1140.0000000000
3535 -1137.0000000000
3553 -1136.0000000000
3561 -1134.0000000000
3563 -1133.0000000000
3579 -1132.0000000000
3592 -1131.0000000000
3602 -1130.0000000000
3605 -1129.0000000000
3609 -1128.0000000000
3612 -1127.0000000000
3621 -1126.0000000000
3623 -1125.0000000000
3624 -1124.0000000000
3639 -1123.0000000000
3640 -1122.0000000000
3643 -1120.0000000000
3644 -1119.0000000000
3645 -1118.0000000000
3659 -1117.0000000000
3662 -1115.0000000000
3676 -1114.0000000000
3685 -1113.0000000000
3698 -1112.0000000000
3702 -1111.0000000000
3706 -1110.0000000000
3712 -1109.0000000000
3718 -1108.0000000000
3719 -1107.0000000000
3721 -1106.0000000000
3724 -1105.0000000000
3725 -1104.0000000000
3754 -1103.0000000000
3756 -1102.0000000000
3758 -1100.0000000000
3759 -1099.0000000000
3769 -1098.0000000000
3780 -1097.0000000000
3799 -1096.0000000000
3807 -1095.0000000000
3809 -1094.0000000000
3810 -1093.0000000000
3814 -1092.0000000000
3825 -1091.0000000000
3841 -1090.0000000000
3854 -1088.0000000000
3855 -1086.0000000000
3860 -1085.0000000000
3876 -1084.0000000000
3880 -1083.0000000000
3881 -1082.0000000000
3886 -1081.0000000000
3890 -1079.0000000000
3892 -1078.0000000000
3896 -1077.0000000000
3903 -1076.0000000000
3908 -1075.0000000000
3914 -1074.0000000000
3921 -1073.0000000000
3927 -1072.0000000000
3937 -1071.0000000000
3946 -1070.0000000000
3966 -1068.0000000000
3970 -1067.0000000000
3977 -1066.0000000000
3981 -1063.0000000000
4002 -1062.0000000000
4003 -1061.0000000000
4014 -1060.0000000000
4026 -1059.0000000000
4040 -1057.0000000000
4058 -1055.0000000000
4059 -1054.0000000000
4068 -1053.0000000000
4071 -1052.0000000000
4077 -1051.0000000000
4078 -1050.0000000000
4085 -1049.0000000000
4093 -1048.0000000000
4104 -1047.0000000000
4117 -1046.0000000000
4134 -1045.0000000000
4136 -1044.0000000000
4137 -1043.0000000000
4148 -1042.0000000000
4156 -1041.0000000000
4157 -1040.0000000000
4162 -1039.0000000000
4166 -1038.0000000000
4170 -1036.0000000000
4174 -1035.0000000000
4185 -1034.0000000000
4188 -1033.0000000000
4191 -1032.0000000000
4193 -1031.0000000000
4204 -1030.0000000000
4208 -1029.0000000000
4219 -1028.0000000000
4222 -1027.0000000000
4225 -1026.0000000000
4238 -1025.0000000000
4247 -1024.0000000000
4250 -1023.0000000000
4251 -1022.0000000000
4254 -1021.0000000000
4255 -1020.0000000000
4264 -1018.0000000000
4266 -1017.0000000000
4280 -1016.0000000000
4290 -1015.0000000000
4300 -1014.0000000000
4307 -1013.0000000000
4315 -1012.0000000000
4316 -1011.0000000000
4323 -1010.0000000000
4326 -1007.0000000000
4328 -1006.0000000000
4367 -1005.0000000000
4372 -1004.0000000000
4382 -1003.0000000000
4395 -1001.0000000000
4408 -1000.0000000000
4415 -999.0000000000
4417 -997.0000000000
4423 -996.0000000000
4426 -995.0000000000
4432 -994.0000000000
4433 -992.0000000000
4439 -991.0000000000
4463 -990.0000000000
4469 -989.0000000000
4470 -988.0000000000
4473 -987.0000000000
4505 -986.0000000000
4509 -985.0000000000
4518 -984.0000000000
4554 -983.0000000000
4575 -982.0000000000
4578 -981.0000000000
4580 -980.0000000000
4588 -979.0000000000
4591 -978.0000000000
4604 -977.0000000000
4623 -976.0000000000
4624 -975.0000000000
4645 -974.0000000000
4664 -973.0000000000
4674 -972.0000000000
4677 -970.0000000000
4701 -969.0000000000
4707 -967.0000000000
4710 -966.0000000000
4711 -965.0000000000
4717 -964.0000000000
4724 -963.0000000000
4732 -962.0000000000
4746 -961.0000000000
4748 -959.0000000000
4765 -958.0000000000
4767 -957.0000000000
4776 -956.0000000000
4792 -955.0000000000
4797 -954.0000000000
4798 -953.0000000000
4800 -952.0000000000
4809 -951.0000000000
4827 -950.0000000000
4828 -949.0000000000
4836 -947.0000000000
4843 -946.0000000000
4848 -945.0000000000
4854 -944.0000000000
4855 -943.0000000000
4857 -942.0000000000
4873 -941.0000000000
4920 -940.0000000000
4925 -939.0000000000
4941 -938.0000000000
4954 -937.0000000000
4958 -934.0000000000
4960 -933.0000000000
4971 -932.0000000000
4990 -931.0000000000
4992 -930.0000000000
5004 -929.0000000000
5007 -928.0000000000
5011 -927.0000000000
5030 -925.0000000000
5035 -924.0000000000
5044 -923.0000000000
5058 -922.0000000000
5073 -921.0000000000
5075 -919.0000000000
5079 -917.0000000000
5086 -916.0000000000
5111 -915.0000000000
5126 -914.0000000000
5138 -913.0000000000
5164 -912.0000000000
5168 -911.0000000000
5180 -910.0000000000
5196 -909.0000000000
5227 -908.0000000000
5230 -907.0000000000
5246 -906.0000000000
5254 -905.0000000000
5257 -903.0000000000
5258 -902.0000000000
5270 -901.0000000000
5272 -899.0000000000
5273 -898.0000000000
5295 -897.0000000000
5296 -896.0000000000
5299 -895.0000000000
5307 -894.0000000000
5315 -893.0000000000
5334 -892.0000000000
5344 -891.0000000000
5373 -890.0000000000
5380 -889.0000000000
5387 -888.0000000000
5401 -887.0000000000
5410 -886.0000000000
5415 -885.0000000000
5425 -884.0000000000
5432 -883.0000000000
5436 -882.0000000000
5441 -881.0000000000
5453 -880.0000000000
5470 -879.0000000000
5493 -878.0000000000
5534 -876.0000000000
5538 -874.0000000000
5552 -873.0000000000
5557 -872.0000000000
5566 -871.0000000000
5569 -870.0000000000
5575 -869.0000000000
5577 -868.0000000000
5587 -867.0000000000
5591 -866.0000000000
5611 -865.0000000000
5621 -864.0000000000
5639 -863.0000000000
5655 -862.0000000000
5660 -861.0000000000
5663 -860.0000000000
5671 -859.0000000000
5686 -858.0000000000
5697 -857.0000000000
5704 -856.0000000000
5707 -855.0000000000
5733 -854.0000000000
5763 -853.0000000000
5771 -852.0000000000
5800 -851.0000000000
5804 -850.0000000000
5824 -849.0000000000
5840 -848.0000000000
5842 -847.0000000000
5853 -845.0000000000
5857 -844.0000000000
5859 -843.0000000000
5879 -842.0000000000
5888 -841.0000000000
5903 -840.0000000000
5915 -839.0000000000
5962 -838.0000000000
5964 -837.0000000000
5974 -836.0000000000
5977 -835.0000000000
5979 -834.0000000000
5993 -833.0000000000
5995 -832.0000000000
6005 -831.0000000000
6007 -830.0000000000
6030 -829.0000000000
6037 -828.0000000000
6038 -827.0000000000
6052 -826.0000000000
6055 -825.0000000000
6060 -824.0000000000
6079 -823.0000000000
6085 -822.0000000000
6090 -821.0000000000
6099 -820.0000000000
6103 -819.0000000000
6104 -818.0000000000
6114 -817.0000000000
6117 -816.0000000000
6126 -815.0000000000
6127 -814.0000000000
6143 -813.0000000000
6147 -812.0000000000
6153 -811.0000000000
6174 -810.0000000000
6177 -809.0000000000
6192 -808.0000000000
6220 -807.0000000000
6225 -806.0000000000
6229 -805.0000000000
6244 -803.0000000000
6250 -802.0000000000
6262 -801.0000000000
6272 -800.0000000000
6284 -799.0000000000
6287 -797.0000000000
6290 -796.0000000000
6302 -795.0000000000
6367 -794.0000000000
6388 -792.0000000000
6398 -790.0000000000
6400 -789.0000000000
6423 -788.0000000000
6426 -787.0000000000
6429 -786.0000000000
6434 -785.0000000000
6451 -784.0000000000
6488 -783.0000000000
6490 -782.0000000000
6500 -781.0000000000
6509 -780.0000000000
6510 -779.0000000000
6512 -778.0000000000
6520 -777.0000000000
6522 -776.0000000000
6528 -775.0000000000
6533 -773.0000000000
6540 -772.0000000000
6541 -771.0000000000
6550 -770.0000000000
6554 -769.0000000000
6602 -768.0000000000
6603 -767.0000000000
6610 -766.0000000000
6619 -765.0000000000
6623 -764.0000000000
6632 -763.0000000000
6654 -762.0000000000
6661 -761.0000000000
6664 -760.0000000000
6671 -759.0000000000
6689 -758.0000000000
6694 -757.0000000000
6715 -756.0000000000
6749 -755.0000000000
6750 -754.0000000000
6769 -753.0000000000
6770 -752.0000000000
6782 -751.0000000000
6796 -749.0000000000
6811 -748.0000000000
6819 -747.0000000000
6827 -746.0000000000
6829 -745.0000000000
6846 -743.0000000000
6848 -742.0000000000
6852 -741.0000000000
6856 -740.0000000000
6858 -739.0000000000
6891 -738.0000000000
6954 -737.0000000000
6955 -735.0000000000
6967 -733.0000000000
6987 -732.0000000000
6991 -731.0000000000
6994 -730.0000000000
7003 -729.0000000000
7010 -728.0000000000
7020 -727.0000000000
7023 -726.0000000000
7026 -725.0000000000
7044 -724.0000000000
7045 -723.0000000000
7050 -722.0000000000
7064 -721.0000000000
7069 -720.0000000000
7070 -719.0000000000
7111 -718.0000000000
7121 -716.0000000000
7128 -715.0000000000
7133 -714.0000000000
7155 -713.0000000000
7160 -712.0000000000
7164 -711.0000000000
7178 -710.0000000000
7189 -709.0000000000
7199 -708.0000000000
7202 -707.0000000000
7205 -706.0000000000
7223 -705.0000000000
7242 -704.0000000000
7271 -703.0000000000
7276 -702.0000000000
7294 -701.0000000000
7295 -700.0000000000
7299 -699.0000000000
7317 -698.0000000000
7349 -697.0000000000
7370 -696.0000000000
7374 -695.0000000000
7394 -694.0000000000
7406 -692.0000000000
7421 -690.0000000000
7429 -689.0000000000
7444 -688.0000000000
7456 -687.0000000000
7459 -686.0000000000
7473 -685.0000000000
7476 -684.0000000000
7483 -683.0000000000
7505 -682.0000000000
7537 -681.0000000000
7559 -680.0000000000
7578 -679.0000000000
7614 -677.0000000000
7689 -676.0000000000
7696 -675.0000000000
7699 -674.0000000000
7704 -673.0000000000
7785 -672.0000000000
7787 -671.0000000000
7799 -670.0000000000
7805 -669.0000000000
7826 -668.0000000000
7832 -667.0000000000
7846 -666.0000000000
7847 -665.0000000000
7849 -664.0000000000
7865 -663.0000000000
7888 -662.0000000000
7891 -660.0000000000
7895 -659.0000000000
7913 -657.0000000000
7934 -656.0000000000
7943 -655.0000000000
7945 -654.0000000000
7953 -652.0000000000
7976 -651.0000000000
7981 -650.0000000000
7982 -649.0000000000
8001 -647.0000000000
8034 -646.0000000000
8054 -645.0000000000
8070 -644.0000000000
8083 -643.0000000000
8092 -642.0000000000
8141 -641.0000000000
8159 -640.0000000000
8166 -639.0000000000
8197 -638.0000000000
8198 -637.0000000000
8201 -636.0000000000
8215 -635.0000000000
8236 -634.0000000000
8239 -633.0000000000
8242 -632.0000000000
8278 -631.0000000000
8280 -629.0000000000
8291 -625.0000000000
8294 -624.0000000000
8300 -623.0000000000
8302 -622.0000000000
8303 -621.0000000000
8304 -620.0000000000
8310 -619.0000000000
8312 -618.0000000000
8317 -617.0000000000
8361 -616.0000000000
8362 -615.0000000000
8418 -614.0000000000
8425 -613.0000000000
8426 -612.0000000000
8438 -611.0000000000
8447 -610.0000000000
8455 -609.0000000000
8463 -608.0000000000
8507 -607.0000000000
8516 -606.0000000000
8526 -605.0000000000
8552 -604.0000000000
8558 -602.0000000000
8565 -601.0000000000
8574 -600.0000000000
8580 -599.0000000000
8589 -598.0000000000
8617 -597.0000000000
8636 -596.0000000000
8644 -595.0000000000
8646 -594.0000000000
8655 -592.0000000000
8658 -591.0000000000
8672 -589.0000000000
8673 -588.0000000000
8677 -587.0000000000
8682 -586.0000000000
8688 -585.0000000000
8702 -583.0000000000
8709 -582.0000000000
8728 -581.0000000000
8738 -580.0000000000
8745 -579.0000000000
8759 -578.0000000000
8787 -577.0000000000
8813 -576.0000000000
8819 -575.0000000000
8833 -573.0000000000
8834 -572.0000000000
8837 -571.0000000000
8912 -570.0000000000
8915 -569.0000000000
8933 -567.0000000000
8946 -566.0000000000
8968 -564.0000000000
8979 -563.0000000000
8980 -562.0000000000
8984 -561.0000000000
9004 -560.0000000000
9019 -559.0000000000
9040 -558.0000000000
9042 -557.0000000000
9104 -556.0000000000
9117 -555.0000000000
9132 -553.0000000000
9143 -552.0000000000
9184 -551.0000000000
9186 -550.0000000000
9195 -549.0000000000
9196 -548.0000000000
9199 -547.0000000000
9218 -546.0000000000
9234 -545.0000000000
9259 -544.0000000000
9262 -543.0000000000
9293 -542.0000000000
9312 -540.0000000000
9328 -539.0000000000
9338 -538.0000000000
9346 -537.0000000000
9386 -536.0000000000
9393 -535.0000000000
9449 -534.0000000000
9451 -533.0000000000
9452 -532.0000000000
9462 -530.0000000000
9491 -529.0000000000
9493 -528.0000000000
9540 -527.0000000000
9558 -526.0000000000
9563 -525.0000000000
9586 -524.0000000000
9593 -523.0000000000
9611 -522.0000000000
9643 -521.0000000000
9652 -520.0000000000
9660 -518.0000000000
9661 -517.0000000000
9665 -516.0000000000
9682 -514.0000000000
9696 -513.0000000000
9705 -511.0000000000
9726 -509.0000000000
9826 -508.0000000000
9860 -507.0000000000
9870 -506.0000000000
9888 -505.0000000000
9915 -504.0000000000
9930 -503.0000000000
9967 -502.0000000000
9971 -501.0000000000
9972 -500.0000000000
9978 -499.0000000000
9979 -498.0000000000
10000 -498.0000000000
