evaluations raw_y
1 -2031.0000000000
4 -2030.0000000000
7 -2029.0000000000
12 -2028.0000000000
13 -2027.0000000000
20 -2026.0000000000
32 -2024.0000000000
48 -2023.0000000000
56 -2022.0000000000
60 -2020.0000000000
62 -2019.0000000000
63 -2017.0000000000
66 -2016.0000000000
73 -2015.0000000000
77 -2014.0000000000
79 -2013.0000000000
81 -2011.0000000000
82 -2009.0000000000
89 -2007.0000000000
94 -2005.0000000000
102 -2003.0000000000
122 -2002.0000000000
126 -2001.0000000000
129 -2000.0000000000
133 -1998.0000000000
141 -1997.0000000000
146 -1996.0000000000
148 -1995.0000000000
150 -1994.0000000000
154 -1993.0000000000
156 -1992.0000000000
157 -1991.0000000000
159 -1990.0000000000
161 -1989.0000000000
162 -1988.0000000000
164 -1987.0000000000
167 -1986.0000000000
168 -1985.0000000000
169 -1984.0000000000
180 -1983.0000000000
184 -1981.0000000000
186 -1980.0000000000
191 -1979.0000000000
192 -1978.0000000000
194 -1977.0000000000
201 -1976.0000000000
204 -1975.0000000000
208 -1973.0000000000
211 -1972.0000000000
217 -1971.0000000000
219 -1970.0000000000
232 -1967.0000000000
233 -1965.0000000000
235 -1963.0000000000
245 -1962.0000000000
247 -1961.0000000000
250 -1960.0000000000
251 -1959.0000000000
252 -1958.0000000000
254 -1957.0000000000
260 -1956.0000000000
262 -1955.0000000000
263 -1954.0000000000
265 -1953.0000000000
269 -1951.0000000000
270 -1950.0000000000
271 -1948.0000000000
274 -1947.0000000000
290 -1945.0000000000
292 -1944.0000000000
293 -1943.0000000000
296 -1942.0000000000
300 -1941.0000000000
306 -1940.0000000000
308 -1939.0000000000
313 -1938.0000000000
314 -1937.0000000000
323 -1935.0000000000
329 -1934.0000000000
335 -1933.0000000000
345 -1932.0000000000
347 -1931.0000000000
348 -1930.0000000000
350 -1929.0000000000
352 -1928.0000000000
355 -1927.0000000000
356 -1926.0000000000
360 -1925.0000000000
364 -1924.0000000000
366 -1922.0000000000
375 -1921.0000000000
378 -1920.0000000000
380 -1919.0000000000
402 -1917.0000000000
408 -1916.0000000000
411 -1915.0000000000
415 -1914.0000000000
417 -1913.0000000000
419 -1912.0000000000
424 -1910.0000000000
428 -1908.0000000000
430 -1907.0000000000
431 -1905.0000000000
434 -1904.0000000000
435 -1903.0000000000
447 -1901.0000000000
449 -1900.0000000000
456 -1898.0000000000
472 -1897.0000000000
477 -1896.0000000000
481 -1895.0000000000
484 -1894.0000000000
492 -1893.0000000000
502 -1892.0000000000
504 -1891.0000000000
513 -1890.0000000000
516 -1889.0000000000
522 -1887.0000000000
532 -1886.0000000000
533 -1884.0000000000
537 -1882.0000000000
538 -1881.0000000000
547 -1879.0000000000
554 -1878.0000000000
555 -1877.0000000000
556 -1876.0000000000
557 -1875.0000000000
560 -1874.0000000000
563 -1873.0000000000
564 -1871.0000000000
565 -1870.0000000000
571 -1869.0000000000
592 -1868.0000000000
595 -1867.0000000000
596 -1866.0000000000
598 -1865.0000000000
609 -1863.0000000000
614 -1862.0000000000
615 -1861.0000000000
617 -1860.0000000000
621 -1859.0000000000
622 -1858.0000000000
626 -1857.0000000000
627 -1856.0000000000
634 -1855.0000000000
635 -1854.0000000000
638 -1853.0000000000
658 -1852.0000000000
665 -1851.0000000000
670 -1850.0000000000
672 -1849.0000000000
675 -1848.0000000000
682 -1847.0000000000
692 -1846.0000000000
695 -1844.0000000000
701 -1843.0000000000
705 -1842.0000000000
707 -1841.0000000000
710 -1839.0000000000
720 -1838.0000000000
722 -1837.0000000000
726 -1836.0000000000
728 -1835.0000000000
729 -1834.0000000000
731 -1833.0000000000
744 -1832.0000000000
748 -1831.0000000000
749 -1830.0000000000
755 -1829.0000000000
761 -1826.0000000000
762 -1825.0000000000
763 -1824.0000000000
768 -1823.0000000000
771 -1821.0000000000
773 -1819.0000000000
774 -1818.0000000000
782 -1817.0000000000
783 -1816.0000000000
787 -1815.0000000000
797 -1814.0000000000
802 -1813.0000000000
807 -1812.0000000000
821 -1811.0000000000
822 -1810.0000000000
823 -1809.0000000000
824 -1808.0000000000
829 -1806.0000000000
832 -1805.0000000000
833 -1804.0000000000
839 -1803.0000000000
840 -1802.0000000000
846 -1801.0000000000
853 -1800.0000000000
855 -1797.0000000000
858 -1796.0000000000
862 -1795.0000000000
865 -1794.0000000000
871 -1793.0000000000
880 -1792.0000000000
888 -1791.0000000000
894 -1790.0000000000
897 -1788.0000000000
898 -1787.0000000000
906 -1786.0000000000
917 -1785.0000000000
919 -1784.0000000000
922 -1783.0000000000
923 -1779.0000000000
925 -1778.0000000000
927 -1777.0000000000
930 -1776.0000000000
945 -1775.0000000000
951 -1774.0000000000
957 -1773.0000000000
962 -1772.0000000000
963 -1770.0000000000
964 -1768.0000000000
966 -1767.0000000000
973 -1766.0000000000
979 -1765.0000000000
981 -1764.0000000000
988 -1762.0000000000
992 -1760.0000000000
996 -1759.0000000000
1001 -1758.0000000000
1019 -1757.0000000000
1021 -1754.0000000000
1023 -1753.0000000000
1028 -1751.0000000000
1034 -1750.0000000000
1038 -1749.0000000000
1039 -1748.0000000000
1041 -1746.0000000000
1042 -1745.0000000000
1043 -1744.0000000000
1046 -1743.0000000000
1048 -1742.0000000000
1055 -1741.0000000000
1059 -1740.0000000000
1062 -1739.0000000000
1068 -1737.0000000000
1070 -1736.0000000000
1078 -1735.0000000000
1083 -1734.0000000000
1085 -1732.0000000000
1094 -1730.0000000000
1099 -1729.0000000000
1109 -1727.0000000000
1111 -1726.0000000000
1114 -1725.0000000000
1120 -1724.0000000000
1123 -1723.0000000000
1130 -1722.0000000000
1143 -1721.0000000000
1147 -1720.0000000000
1151 -1719.0000000000
1152 -1717.0000000000
1155 -1716.0000000000
1159 -1715.0000000000
1161 -1714.0000000000
1162 -1713.0000000000
1165 -1712.0000000000
1171 -1711.0000000000
1173 -1710.0000000000
1182 -1709.0000000000
1188 -1708.0000000000
1193 -1707.0000000000
1194 -1706.0000000000
1197 -1705.0000000000
1201 -1704.0000000000
1202 -1703.0000000000
1203 -1701.0000000000
1206 -1700.0000000000
1208 -1698.0000000000
1213 -1697.0000000000
1220 -1696.0000000000
1224 -1695.0000000000
1231 -1694.0000000000
1234 -1693.0000000000
1236 -1692.0000000000
1243 -1691.0000000000
1244 -1690.0000000000
1249 -1688.0000000000
1254 -1687.0000000000
1265 -1686.0000000000
1273 -1685.0000000000
1277 -1684.0000000000
1281 -1683.0000000000
1290 -1682.0000000000
1297 -1681.0000000000
1299 -1680.0000000000
1305 -1679.0000000000
1310 -1678.0000000000
1312 -1677.0000000000
1317 -1676.0000000000
1319 -1675.0000000000
1320 -1674.0000000000
1323 -1672.0000000000
1338 -1671.0000000000
1339 -1670.0000000000
1349 -1669.0000000000
1354 -1668.0000000000
1358 -1667.0000000000
1362 -1666.0000000000
1376 -1665.0000000000
1377 -1664.0000000000
1379 -1663.0000000000
1381 -1662.0000000000
1389 -1661.0000000000
1397 -1660.0000000000
1398 -1657.0000000000
1399 -1656.0000000000
1401 -1654.0000000000
1404 -1653.0000000000
1405 -1652.0000000000
1408 -1651.0000000000
1414 -1648.0000000000
1416 -1647.0000000000
1417 -1646.0000000000
1418 -1645.0000000000
1420 -1643.0000000000
1422 -1641.0000000000
1426 -1640.0000000000
1443 -1639.0000000000
1451 -1638.0000000000
1456 -1637.0000000000
1460 -1636.0000000000
1461 -1635.0000000000
1464 -1634.0000000000
1466 -1633.0000000000
1471 -1630.0000000000
1484 -1628.0000000000
1485 -1627.0000000000
1486 -1626.0000000000
1488 -1625.0000000000
1489 -1624.0000000000
1490 -1623.0000000000
1496 -1621.0000000000
1505 -1620.0000000000
1507 -1619.0000000000
1511 -1618.0000000000
1518 -1616.0000000000
1520 -1615.0000000000
1521 -1613.0000000000
1525 -1612.0000000000
1529 -1611.0000000000
1533 -1610.0000000000
1536 -1609.0000000000
1537 -1608.0000000000
1543 -1606.0000000000
1551 -1604.0000000000
1552 -1603.0000000000
1563 -1602.0000000000
1564 -1601.0000000000
1565 -1599.0000000000
1567 -1598.0000000000
1568 -1597.0000000000
1570 -1596.0000000000
1572 -1595.0000000000
1586 -1594.0000000000
1589 -1592.0000000000
1592 -1590.0000000000
1603 -1589.0000000000
1604 -1588.0000000000
1607 -1587.0000000000
1613 -1586.0000000000
1615 -1585.0000000000
1621 -1583.0000000000
1624 -1582.0000000000
1625 -1581.0000000000
1634 -1580.0000000000
1637 -1579.0000000000
1648 -1578.0000000000
1649 -1577.0000000000
1650 -1576.0000000000
1656 -1575.0000000000
1658 -1574.0000000000
1665 -1573.0000000000
1666 -1572.0000000000
1684 -1571.0000000000
1685 -1570.0000000000
1691 -1568.0000000000
1694 -1567.0000000000
1695 -1566.0000000000
1700 -1564.0000000000
1713 -1563.0000000000
1728 -1562.0000000000
1735 -1561.0000000000
1739 -1560.0000000000
1748 -1559.0000000000
1749 -1558.0000000000
1750 -1557.0000000000
1758 -1556.0000000000
1761 -1554.0000000000
1765 -1553.0000000000
1773 -1552.0000000000
1775 -1551.0000000000
1777 -1550.0000000000
1781 -1549.0000000000
1786 -1547.0000000000
1793 -1544.0000000000
1794 -1543.0000000000
1799 -1542.0000000000
1806 -1540.0000000000
1807 -1539.0000000000
1808 -1538.0000000000
1811 -1537.0000000000
1812 -1535.0000000000
1815 -1534.0000000000
1821 -1533.0000000000
1825 -1532.0000000000
1828 -1531.0000000000
1837 -1529.0000000000
1838 -1528.0000000000
1842 -1527.0000000000
1843 -1525.0000000000
1845 -1524.0000000000
1852 -1521.0000000000
1856 -1519.0000000000
1858 -1518.0000000000
1866 -1517.0000000000
1869 -1515.0000000000
1876 -1514.0000000000
1879 -1513.0000000000
1882 -1512.0000000000
1890 -1511.0000000000
1906 -1509.0000000000
1908 -1507.0000000000
1911 -1506.0000000000
1914 -1505.0000000000
1919 -1504.0000000000
1925 -1503.0000000000
1928 -1502.0000000000
1935 -1501.0000000000
1937 -1500.0000000000
1939 -1499.0000000000
1942 -1498.0000000000
1943 -1497.0000000000
1945 -1496.0000000000
1958 -1494.0000000000
1961 -1493.0000000000
1966 -1492.0000000000
1971 -1491.0000000000
1975 -1489.0000000000
1977 -1488.0000000000
1985 -1487.0000000000
1989 -1486.0000000000
1997 -1485.0000000000
1998 -1484.0000000000
2010 -1483.0000000000
2011 -1482.0000000000
2024 -1481.0000000000
2025 -1480.0000000000
2033 -1479.0000000000
2036 -1478.0000000000
2040 -1477.0000000000
2042 -1475.0000000000
2043 -1474.0000000000
2045 -1473.0000000000
2055 -1472.0000000000
2057 -1471.0000000000
2058 -1470.0000000000
2068 -1469.0000000000
2069 -1467.0000000000
2075 -1466.0000000000
2096 -1463.0000000000
2097 -1462.0000000000
2108 -1461.0000000000
2110 -1460.0000000000
2115 -1459.0000000000
2119 -1458.0000000000
2122 -1457.0000000000
2123 -1455.0000000000
2132 -1454.0000000000
2141 -1453.0000000000
2158 -1452.0000000000
2169 -1451.0000000000
2179 -1450.0000000000
2184 -1449.0000000000
2187 -1447.0000000000
2193 -1446.0000000000
2195 -1445.0000000000
2211 -1444.0000000000
2215 -1443.0000000000
2222 -1441.0000000000
2224 -1439.0000000000
2225 -1438.0000000000
2230 -1437.0000000000
2240 -1436.0000000000
2242 -1435.0000000000
2245 -1434.0000000000
2247 -1433.0000000000
2248 -1432.0000000000
2250 -1431.0000000000
2277 -1429.0000000000
2278 -1428.0000000000
2281 -1427.0000000000
2287 -1425.0000000000
2294 -1424.0000000000
2301 -1423.0000000000
2306 -1421.0000000000
2310 -1419.0000000000
2322 -1418.0000000000
2329 -1417.0000000000
2338 -1415.0000000000
2345 -1414.0000000000
2347 -1413.0000000000
2352 -1412.0000000000
2353 -1411.0000000000
2356 -1410.0000000000
2358 -1409.0000000000
2374 -1408.0000000000
2376 -1407.0000000000
2386 -1406.0000000000
2388 -1405.0000000000
2400 -1404.0000000000
2408 -1403.0000000000
2411 -1402.0000000000
2422 -1401.0000000000
2425 -1400.0000000000
2428 -1398.0000000000
2432 -1397.0000000000
2440 -1396.0000000000
2442 -1395.0000000000
2450 -1394.0000000000
2452 -1393.0000000000
2457 -1392.0000000000
2466 -1391.0000000000
2467 -1389.0000000000
2471 -1388.0000000000
2476 -1387.0000000000
2484 -1386.0000000000
2493 -1385.0000000000
2510 -1384.0000000000
2516 -1383.0000000000
2517 -1382.0000000000
2520 -1380.0000000000
2521 -1379.0000000000
2523 -1378.0000000000
2526 -1377.0000000000
2532 -1376.0000000000
2538 -1375.0000000000
2540 -1374.0000000000
2542 -1373.0000000000
2556 -1372.0000000000
2564 -1371.0000000000
2565 -1370.0000000000
2567 -1369.0000000000
2568 -1368.0000000000
2575 -1366.0000000000
2577 -1365.0000000000
2584 -1364.0000000000
2586 -1363.0000000000
2591 -1362.0000000000
2592 -1361.0000000000
2605 -1360.0000000000
2607 -1359.0000000000
2612 -1358.0000000000
2625 -1355.0000000000
2626 -1354.0000000000
2633 -1352.0000000000
2641 -1350.0000000000
2647 -1349.0000000000
2650 -1348.0000000000
2652 -1347.0000000000
2657 -1345.0000000000
2658 -1343.0000000000
2670 -1342.0000000000
2676 -1341.0000000000
2683 -1340.0000000000
2691 -1339.0000000000
2693 -1338.0000000000
2697 -1337.0000000000
2707 -1336.0000000000
2719 -1335.0000000000
2722 -1333.0000000000
2723 -1332.0000000000
2724 -1331.0000000000
2727 -1330.0000000000
2736 -1329.0000000000
2739 -1328.0000000000
2742 -1327.0000000000
2745 -1326.0000000000
2746 -1325.0000000000
2748 -1324.0000000000
2749 -1323.0000000000
2752 -1322.0000000000
2756 -1321.0000000000
2759 -1320.0000000000
2762 -1319.0000000000
2766 -1318.0000000000
2767 -1317.0000000000
2770 -1316.0000000000
2772 -1315.0000000000
2776 -1314.0000000000
2782 -1313.0000000000
2786 -1312.0000000000
2794 -1311.0000000000
2811 -1310.0000000000
2826 -1307.0000000000
2827 -1306.0000000000
2830 -1305.0000000000
2831 -1304.0000000000
2833 -1303.0000000000
2836 -1302.0000000000
2842 -1301.0000000000
2846 -1300.0000000000
2850 -1299.0000000000
2852 -1298.0000000000
2856 -1296.0000000000
2857 -1293.0000000000
2862 -1292.0000000000
2881 -1290.0000000000
2886 -1289.0000000000
2889 -1288.0000000000
2892 -1287.0000000000
2902 -1285.0000000000
2903 -1284.0000000000
2909 -1282.0000000000
2922 -1281.0000000000
2940 -1279.0000000000
2941 -1278.0000000000
2949 -1277.0000000000
2959 -1276.0000000000
2964 -1275.0000000000
2966 -1274.0000000000
2983 -1273.0000000000
2985 -1272.0000000000
2990 -1271.0000000000
3003 -1270.0000000000
3004 -1269.0000000000
3017 -1266.0000000000
3023 -1265.0000000000
3028 -1264.0000000000
3031 -1263.0000000000
3032 -1262.0000000000
3036 -1260.0000000000
3038 -1258.0000000000
3040 -1257.0000000000
3048 -1256.0000000000
3056 -1255.0000000000
3058 -1254.0000000000
3059 -1253.0000000000
3062 -1252.0000000000
3071 -1251.0000000000
3096 -1250.0000000000
3098 -1249.0000000000
3099 -1248.0000000000
3100 -1247.0000000000
3102 -1246.0000000000
3104 -1245.0000000000
3107 -1243.0000000000
3124 -1242.0000000000
3131 -1241.0000000000
3133 -1240.0000000000
3137 -1239.0000000000
3140 -1237.0000000000
3144 -1236.0000000000
3154 -1235.0000000000
3160 -1234.0000000000
3162 -1233.0000000000
3164 -1232.0000000000
3179 -1230.0000000000
3185 -1229.0000000000
3193 -1228.0000000000
3235 -1227.0000000000
3243 -1226.0000000000
3244 -1225.0000000000
3247 -1224.0000000000
3249 -1223.0000000000
3251 -1222.0000000000
3253 -1221.0000000000
3259 -1220.0000000000
3261 -1219.0000000000
3264 -1218.0000000000
3267 -1217.0000000000
3287 -1216.0000000000
3290 -1215.0000000000
3293 -1214.0000000000
3299 -1213.0000000000
3300 -1212.0000000000
3303 -1211.0000000000
3304 -1210.0000000000
3308 -1209.0000000000
3311 -1206.0000000000
3314 -1205.0000000000
3323 -1204.0000000000
3347 -1203.0000000000
3354 -1202.0000000000
3372 -1201.0000000000
3374 -1200.0000000000
3376 -1198.0000000000
3378 -1197.0000000000
3379 -1194.0000000000
3384 -1191.0000000000
3397 -1189.0000000000
3399 -1188.0000000000
3402 -1186.0000000000
3405 -1185.0000000000
3406 -1184.0000000000
3413 -1183.0000000000
3420 -1182.0000000000
3437 -1180.0000000000
3441 -1179.0000000000
3442 -1178.0000000000
3450 -1177.0000000000
3461 -1176.0000000000
3469 -1175.0000000000
3476 -1174.0000000000
3477 -1172.0000000000
3483 -1170.0000000000
3489 -1169.0000000000
3494 -1168.0000000000
3498 -1167.0000000000
3502 -1165.0000000000
3517 -1164.0000000000
3528 -1163.0000000000
3530 -1162.0000000000
3535 -1161.0000000000
3547 -1160.0000000000
3549 -1159.0000000000
3560 -1158.0000000000
3561 -1157.0000000000
3568 -1156.0000000000
3569 -1155.0000000000
3576 -1154.0000000000
3592 -1153.0000000000
3597 -1152.0000000000
3598 -1151.0000000000
3600 -1150.0000000000
3602 -1149.0000000000
3610 -1148.0000000000
3625 -1146.0000000000
3648 -1144.0000000000
3655 -1143.0000000000
3656 -1142.0000000000
3676 -1141.0000000000
3700 -1140.0000000000
3714 -1139.0000000000
3719 -1138.0000000000
3720 -1137.0000000000
3729 -1136.0000000000
3764 -1135.0000000000
3767 -1134.0000000000
3781 -1133.0000000000
3795 -1132.0000000000
3801 -1131.0000000000
3802 -1130.0000000000
3804 -1129.0000000000
3811 -1128.0000000000
3812 -1127.0000000000
3828 -1125.0000000000
3832 -1124.0000000000
3846 -1122.0000000000
3848 -1121.0000000000
3866 -1120.0000000000
3868 -1118.0000000000
3870 -1116.0000000000
3875 -1115.0000000000
3876 -1114.0000000000
3886 -1113.0000000000
3889 -1112.0000000000
3892 -1111.0000000000
3912 -1110.0000000000
3916 -1109.0000000000
3919 -1108.0000000000
3927 -1107.0000000000
3947 -1106.0000000000
3953 -1105.0000000000
3974 -1104.0000000000
3977 -1103.0000000000
3982 -1102.0000000000
3986 -1101.0000000000
3990 -1100.0000000000
3994 -1099.0000000000
3996 -1098.0000000000
4006 -1097.0000000000
4008 -1096.0000000000
4011 -1095.0000000000
4023 -1094.0000000000
4026 -1093.0000000000
4033 -1091.0000000000
4036 -1090.0000000000
4039 -1089.0000000000
4070 -1088.0000000000
4075 -1086.0000000000
4078 -1085.0000000000
4090 -1084.0000000000
4093 -1083.0000000000
4108 -1082.0000000000
4112 -1081.0000000000
4114 -1080.0000000000
4115 -1079.0000000000
4117 -1078.0000000000
4123 -1077.0000000000
4124 -1076.0000000000
4136 -1075.0000000000
4144 -1073.0000000000
4145 -1072.0000000000
4154 -1071.0000000000
4155 -1068.0000000000
4157 -1067.0000000000
4159 -1065.0000000000
4166 -1063.0000000000
4168 -1062.0000000000
4177 -1061.0000000000
4186 -1060.0000000000
4217 -1059.0000000000
4225 -1058.0000000000
4229 -1057.0000000000
4251 -1055.0000000000
4263 -1054.0000000000
4276 -1053.0000000000
4280 -1052.0000000000
4299 -1051.0000000000
4305 -1050.0000000000
4306 -1049.0000000000
4310 -1048.0000000000
4316 -1047.0000000000
4324 -1046.0000000000
4345 -1045.0000000000
4350 -1044.0000000000
4356 -1043.0000000000
4367 -1042.0000000000
4374 -1041.0000000000
4376 -1040.0000000000
4379 -1039.0000000000
4406 -1038.0000000000
4415 -1036.0000000000
4422 -1035.0000000000
4423 -1034.0000000000
4425 -1033.0000000000
4428 -1032.0000000000
4431 -1031.0000000000
4438 -1030.0000000000
4455 -1029.0000000000
4458 -1028.0000000000
4460 -1027.0000000000
4475 -1026.0000000000
4477 -1025.0000000000
4479 -1024.0000000000
4483 -1022.0000000000
4511 -1021.0000000000
4514 -1020.0000000000
4522 -1019.0000000000
4529 -1018.0000000000
4532 -1017.0000000000
4539 -1016.0000000000
4547 -1015.0000000000
4548 -1014.0000000000
4554 -1013.0000000000
4555 -1012.0000000000
4561 -1011.0000000000
4562 -1010.0000000000
4566 -1009.0000000000
4575 -1008.0000000000
4585 -1007.0000000000
4594 -1006.0000000000
4601 -1005.0000000000
4625 -1004.0000000000
4627 -1003.0000000000
4632 -1002.0000000000
4641 -1001.0000000000
4648 -1000.0000000000
4654 -999.0000000000
4668 -998.0000000000
4680 -997.0000000000
4706 -996.0000000000
4718 -995.0000000000
4720 -994.0000000000
4737 -993.0000000000
4753 -992.0000000000
4767 -991.0000000000
4779 -990.0000000000
4781 -989.0000000000
4785 -988.0000000000
4790 -987.0000000000
4793 -986.0000000000
4805 -985.0000000000
4810 -984.0000000000
4820 -982.0000000000
4841 -981.0000000000
4854 -980.0000000000
4858 -979.0000000000
4865 -978.0000000000
4867 -977.0000000000
4878 -976.0000000000
4880 -974.0000000000
4882 -973.0000000000
4891 -971.0000000000
4893 -970.0000000000
4898 -968.0000000000
4902 -967.0000000000
4911 -966.0000000000
4928 -965.0000000000
4949 -964.0000000000
4955 -963.0000000000
4961 -962.0000000000
4987 -961.0000000000
5004 -959.0000000000
5006 -958.0000000000
5010 -957.0000000000
5012 -956.0000000000
5026 -955.0000000000
5028 -954.0000000000
5045 -953.0000000000
5046 -952.0000000000
5048 -951.0000000000
5051 -950.0000000000
5060 -949.0000000000
5066 -948.0000000000
5069 -947.0000000000
5085 -946.0000000000
5091 -945.0000000000
5098 -944.0000000000
5102 -942.0000000000
5130 -941.0000000000
5149 -940.0000000000
5153 -939.0000000000
5156 -938.0000000000
5157 -937.0000000000
5184 -936.0000000000
5192 -935.0000000000
5233 -934.0000000000
5235 -933.0000000000
5256 -932.0000000000
5261 -931.0000000000
5262 -930.0000000000
5266 -929.0000000000
5283 -927.0000000000
5289 -926.0000000000
5308 -925.0000000000
5316 -924.0000000000
5333 -923.0000000000
5338 -922.0000000000
5342 -921.0000000000
5347 -920.0000000000
5351 -919.0000000000
5352 -918.0000000000
5358 -917.0000000000
5359 -916.0000000000
5374 -915.0000000000
5376 -914.0000000000
5398 -913.0000000000
5400 -912.0000000000
5415 -911.0000000000
5417 -910.0000000000
5428 -908.0000000000
5429 -907.0000000000
5434 -906.0000000000
5441 -905.0000000000
5442 -903.0000000000
5447 -902.0000000000
5451 -901.0000000000
5452 -900.0000000000
5454 -899.0000000000
5462 -898.0000000000
5494 -897.0000000000
5509 -896.0000000000
5520 -895.0000000000
5531 -894.0000000000
5539 -893.0000000000
5545 -892.0000000000
5555 -891.0000000000
5557 -890.0000000000
5571 -888.0000000000
5575 -887.0000000000
5576 -885.0000000000
5585 -884.0000000000
5593 -883.0000000000
5594 -882.0000000000
5596 -880.0000000000
5603 -879.0000000000
5610 -878.0000000000
5614 -877.0000000000
5625 -876.0000000000
5628 -875.0000000000
5629 -874.0000000000
5633 -872.0000000000
5644 -871.0000000000
5668 -869.0000000000
5733 -868.0000000000
5734 -867.0000000000
5736 -865.0000000000
5741 -864.0000000000
5757 -863.0000000000
5767 -862.0000000000
5768 -861.0000000000
5831 -860.0000000000
5861 -859.0000000000
5880 -858.0000000000
5881 -857.0000000000
5899 -856.0000000000
5908 -855.0000000000
5914 -854.0000000000
5921 -853.0000000000
5934 -852.0000000000
5950 -851.0000000000
5956 -850.0000000000
5966 -849.0000000000
5985 -848.0000000000
5994 -847.0000000000
6022 -846.0000000000
6047 -844.0000000000
6067 -843.0000000000
6086 -842.0000000000
6097 -841.0000000000
6116 -840.0000000000
6122 -839.0000000000
6133 -838.0000000000
6145 -837.0000000000
6149 -836.0000000000
6150 -835.0000000000
6153 -833.0000000000
6173 -832.0000000000
6176 -831.0000000000
6178 -830.0000000000
6194 -829.0000000000
6196 -828.0000000000
6197 -827.0000000000
6204 -826.0000000000
6212 -825.0000000000
6214 -823.0000000000
6219 -822.0000000000
6224 -821.0000000000
6235 -820.0000000000
6253 -819.0000000000
6254 -818.0000000000
6256 -817.0000000000
6264 -816.0000000000
6277 -815.0000000000
6295 -813.0000000000
6299 -812.0000000000
6317 -811.0000000000
6323 -810.0000000000
6324 -809.0000000000
6341 -808.0000000000
6351 -807.0000000000
6355 -806.0000000000
6386 -805.0000000000
6390 -804.0000000000
6425 -802.0000000000
6428 -801.0000000000
6429 -800.0000000000
6432 -799.0000000000
6438 -797.0000000000
6448 -796.0000000000
6466 -794.0000000000
6476 -793.0000000000
6511 -792.0000000000
6526 -790.0000000000
6536 -789.0000000000
6538 -788.0000000000
6539 -787.0000000000
6542 -786.0000000000
6546 -785.0000000000
6558 -784.0000000000
6600 -783.0000000000
6601 -782.0000000000
6622 -781.0000000000
6626 -780.0000000000
6627 -779.0000000000
6628 -778.0000000000
6660 -777.0000000000
6661 -776.0000000000
6671 -775.0000000000
6675 -774.0000000000
6676 -772.0000000000
6684 -771.0000000000
6690 -770.0000000000
6692 -769.0000000000
6693 -768.0000000000
6709 -766.0000000000
6752 -765.0000000000
6769 -764.0000000000
6776 -763.0000000000
6793 -762.0000000000
6796 -761.0000000000
6797 -759.0000000000
6846 -758.0000000000
6853 -757.0000000000
6857 -756.0000000000
6864 -755.0000000000
6873 -754.0000000000
6876 -753.0000000000
6878 -751.0000000000
6881 -750.0000000000
6899 -748.0000000000
6910 -747.0000000000
6915 -746.0000000000
6932 -745.0000000000
6951 -744.0000000000
6959 -743.0000000000
6967 -742.0000000000
6968 -741.0000000000
6991 -740.0000000000
6992 -739.0000000000
7003 -738.0000000000
7038 -737.0000000000
7039 -736.0000000000
7056 -735.0000000000
7086 -733.0000000000
7103 -732.0000000000
7118 -730.0000000000
7149 -729.0000000000
7155 -728.0000000000
7190 -727.0000000000
7198 -726.0000000000
7199 -725.0000000000
7221 -723.0000000000
7225 -722.0000000000
7237 -721.0000000000
7246 -720.0000000000
7268 -719.0000000000
7277 -718.0000000000
7308 -717.0000000000
7315 -716.0000000000
7319 -714.0000000000
7339 -713.0000000000
7350 -712.0000000000
7382 -711.0000000000
7402 -710.0000000000
7409 -709.0000000000
7413 -708.0000000000
7424 -707.0000000000
7428 -705.0000000000
7443 -704.0000000000
7446 -702.0000000000
7452 -701.0000000000
7486 -700.0000000000
7498 -699.0000000000
7514 -698.0000000000
7516 -697.0000000000
7526 -696.0000000000
7540 -695.0000000000
7557 -694.0000000000
7564 -693.0000000000
7589 -692.0000000000
7592 -691.0000000000
7607 -690.0000000000
7610 -689.0000000000
7612 -688.0000000000
7613 -687.0000000000
7623 -686.0000000000
7624 -685.0000000000
7634 -684.0000000000
7651 -683.0000000000
7652 -682.0000000000
7653 -681.0000000000
7666 -680.0000000000
7705 -679.0000000000
7723 -678.0000000000
7776 -677.0000000000
7787 -676.0000000000
7797 -675.0000000000
7802 -674.0000000000
7805 -672.0000000000
7806 -671.0000000000
7828 -670.0000000000
7841 -669.0000000000
7874 -668.0000000000
7885 -667.0000000000
7895 -666.0000000000
7901 -665.0000000000
7916 -664.0000000000
7933 -662.0000000000
7943 -661.0000000000
7944 -660.0000000000
7962 -659.0000000000
7969 -658.0000000000
7972 -657.0000000000
8006 -656.0000000000
8010 -655.0000000000
8022 -654.0000000000
8034 -652.0000000000
8059 -651.0000000000
8060 -650.0000000000
8069 -649.0000000000
8070 -648.0000000000
8074 -647.0000000000
8103 -646.0000000000
8127 -645.0000000000
8156 -644.0000000000
8166 -643.0000000000
8168 -642.0000000000
8176 -641.0000000000
8185 -640.0000000000
8201 -639.0000000000
8240 -638.0000000000
8245 -637.0000000000
8246 -636.0000000000
8257 -635.0000000000
8271 -634.0000000000
8283 -632.0000000000
8299 -631.0000000000
8308 -630.0000000000
8315 -628.0000000000
8335 -627.0000000000
8356 -626.0000000000
8363 -625.0000000000
8383 -624.0000000000
8404 -623.0000000000
8407 -622.0000000000
8411 -621.0000000000
8416 -619.0000000000
8451 -618.0000000000
8453 -617.0000000000
8464 -616.0000000000
8480 -614.0000000000
8496 -613.0000000000
8509 -612.0000000000
8510 -611.0000000000
8535 -610.0000000000
8581 -609.0000000000
8601 -608.0000000000
8602 -607.0000000000
8614 -606.0000000000
8632 -605.0000000000
8646 -604.0000000000
8687 -603.0000000000
8754 -602.0000000000
8767 -601.0000000000
8768 -600.0000000000
8800 -599.0000000000
8804 -598.0000000000
8812 -597.0000000000
8821 -596.0000000000
8827 -595.0000000000
8835 -594.0000000000
8837 -593.0000000000
8843 -592.0000000000
8850 -591.0000000000
8855 -590.0000000000
8887 -589.0000000000
8889 -588.0000000000
8890 -587.0000000000
8895 -586.0000000000
8901 -585.0000000000
8910 -584.0000000000
8924 -583.0000000000
8934 -582.0000000000
8955 -581.0000000000
8968 -580.0000000000
8977 -579.0000000000
9009 -578.0000000000
9023 -577.0000000000
9029 -576.0000000000
9055 -574.0000000000
9087 -573.0000000000
9088 -572.0000000000
9122 -571.0000000000
9131 -570.0000000000
9138 -569.0000000000
9141 -568.0000000000
9147 -567.0000000000
9152 -566.0000000000
9154 -565.0000000000
9166 -564.0000000000
9207 -562.0000000000
9250 -561.0000000000
9307 -560.0000000000
9315 -559.0000000000
9351 -558.0000000000
9356 -557.0000000000
9359 -556.0000000000
9371 -555.0000000000
9378 -554.0000000000
9432 -553.0000000000
9435 -552.0000000000
9439 -551.0000000000
9440 -550.0000000000
9450 -549.0000000000
9469 -548.0000000000
9486 -547.0000000000
9507 -546.0000000000
9512 -545.0000000000
9515 -544.0000000000
9574 -543.0000000000
9602 -542.0000000000
9674 -541.0000000000
9679 -540.0000000000
9687 -539.0000000000
9696 -538.0000000000
9698 -537.0000000000
9720 -536.0000000000
9759 -535.0000000000
9777 -534.0000000000
9796 -533.0000000000
9829 -532.0000000000
9831 -531.0000000000
9880 -530.0000000000
9893 -529.0000000000
9906 -528.0000000000
9909 -527.0000000000
9932 -526.0000000000
9943 -525.0000000000
9980 -524.0000000000
9983 -523.0000000000
10000 -524.0000000000
