evaluations raw_y
1 -1930.0000000000
2 -1901.0000000000
8 -1896.0000000000
32 -1889.0000000000
42 -1859.0000000000
57 -1855.0000000000
61 -1845.0000000000
67 -1809.0000000000
105 -1808.0000000000
112 -1801.0000000000
119 -1788.0000000000
137 -1772.0000000000
161 -1763.0000000000
164 -1758.0000000000
180 -1756.0000000000
182 -1738.0000000000
207 -1736.0000000000
225 -1734.0000000000
229 -1733.0000000000
230 -1732.0000000000
231 -1730.0000000000
241 -1726.0000000000
242 -1715.0000000000
291 -1704.0000000000
296 -1698.0000000000
309 -1694.0000000000
321 -1691.0000000000
322 -1684.0000000000
348 -1679.0000000000
388 -1678.0000000000
389 -1670.0000000000
423 -1668.0000000000
447 -1667.0000000000
470 -1664.0000000000
493 -1663.0000000000
502 -1661.0000000000
542 -1660.0000000000
550 -1658.0000000000
567 -1654.0000000000
591 -1652.0000000000
635 -1650.0000000000
652 -1649.0000000000
707 -1647.0000000000
710 -1646.0000000000
756 -1643.0000000000
780 -1642.0000000000
794 -1641.0000000000
806 -1640.0000000000
815 -1639.0000000000
854 -1637.0000000000
862 -1635.0000000000
865 -1634.0000000000
884 -1632.0000000000
896 -1631.0000000000
904 -1630.0000000000
923 -1628.0000000000
944 -1625.0000000000
972 -1624.0000000000
983 -1622.0000000000
989 -1621.0000000000
1002 -1618.0000000000
1052 -1617.0000000000
1065 -1615.0000000000
1083 -1613.0000000000
1107 -1612.0000000000
1114 -1611.0000000000
1126 -1610.0000000000
1141 -1608.0000000000
1156 -1607.0000000000
1182 -1606.0000000000
1196 -1604.0000000000
1200 -1601.0000000000
1222 -1599.0000000000
1256 -1598.0000000000
1271 -1597.0000000000
1282 -1596.0000000000
1307 -1595.0000000000
1308 -1594.0000000000
1328 -1593.0000000000
1336 -1591.0000000000
1361 -1588.0000000000
1373 -1587.0000000000
1382 -1586.0000000000
1402 -1585.0000000000
1410 -1584.0000000000
1437 -1583.0000000000
1450 -1582.0000000000
1454 -1581.0000000000
1487 -1580.0000000000
1499 -1579.0000000000
1502 -1578.0000000000
1533 -1576.0000000000
1548 -1574.0000000000
1566 -1573.0000000000
1580 -1570.0000000000
1581 -1569.0000000000
1603 -1567.0000000000
1625 -1566.0000000000
1665 -1565.0000000000
1668 -1563.0000000000
1684 -1562.0000000000
1696 -1561.0000000000
1705 -1560.0000000000
1722 -1557.0000000000
1752 -1556.0000000000
1782 -1555.0000000000
1787 -1553.0000000000
1820 -1552.0000000000
1821 -1551.0000000000
1841 -1550.0000000000
1880 -1549.0000000000
1882 -1548.0000000000
1903 -1547.0000000000
1908 -1546.0000000000
1931 -1544.0000000000
1935 -1543.0000000000
1962 -1542.0000000000
1974 -1540.0000000000
2003 -1539.0000000000
2026 -1537.0000000000
2040 -1536.0000000000
2059 -1534.0000000000
2081 -1532.0000000000
2113 -1531.0000000000
2123 -1530.0000000000
2126 -1529.0000000000
2143 -1528.0000000000
2156 -1527.0000000000
2164 -1526.0000000000
2183 -1522.0000000000
2227 -1520.0000000000
2253 -1518.0000000000
2267 -1516.0000000000
2311 -1514.0000000000
2323 -1513.0000000000
2344 -1512.0000000000
2354 -1511.0000000000
2378 -1510.0000000000
2391 -1509.0000000000
2408 -1508.0000000000
2422 -1507.0000000000
2427 -1505.0000000000
2454 -1504.0000000000
2456 -1503.0000000000
2476 -1497.0000000000
2500 -1494.0000000000
2533 -1493.0000000000
2547 -1491.0000000000
2581 -1490.0000000000
2585 -1489.0000000000
2608 -1488.0000000000
2617 -1487.0000000000
2644 -1486.0000000000
2668 -1485.0000000000
2670 -1483.0000000000
2684 -1481.0000000000
2702 -1480.0000000000
2740 -1476.0000000000
2763 -1475.0000000000
2764 -1474.0000000000
2771 -1473.0000000000
2815 -1471.0000000000
2833 -1469.0000000000
2845 -1468.0000000000
2863 -1467.0000000000
2898 -1466.0000000000
2927 -1465.0000000000
2931 -1464.0000000000
2942 -1463.0000000000
2972 -1462.0000000000
3001 -1460.0000000000
3014 -1459.0000000000
3016 -1458.0000000000
3049 -1457.0000000000
3050 -1454.0000000000
3064 -1453.0000000000
3082 -1451.0000000000
3105 -1450.0000000000
3123 -1447.0000000000
3145 -1446.0000000000
3149 -1444.0000000000
3165 -1442.0000000000
3185 -1441.0000000000
3196 -1439.0000000000
3203 -1437.0000000000
3241 -1436.0000000000
3244 -1434.0000000000
3286 -1433.0000000000
3302 -1431.0000000000
3322 -1430.0000000000
3342 -1429.0000000000
3362 -1427.0000000000
3377 -1426.0000000000
3389 -1425.0000000000
3411 -1424.0000000000
3413 -1423.0000000000
3441 -1422.0000000000
3453 -1421.0000000000
3465 -1420.0000000000
3468 -1419.0000000000
3502 -1417.0000000000
3515 -1415.0000000000
3555 -1414.0000000000
3575 -1412.0000000000
3596 -1410.0000000000
3613 -1409.0000000000
3646 -1406.0000000000
3648 -1404.0000000000
3667 -1402.0000000000
3679 -1401.0000000000
3701 -1400.0000000000
3716 -1398.0000000000
3718 -1397.0000000000
3749 -1395.0000000000
3768 -1392.0000000000
3790 -1391.0000000000
3806 -1390.0000000000
3822 -1389.0000000000
3827 -1388.0000000000
3831 -1387.0000000000
3874 -1386.0000000000
3875 -1384.0000000000
3883 -1382.0000000000
3930 -1381.0000000000
3939 -1379.0000000000
3961 -1378.0000000000
3964 -1377.0000000000
3995 -1376.0000000000
4002 -1375.0000000000
4016 -1374.0000000000
4040 -1372.0000000000
4062 -1368.0000000000
4082 -1367.0000000000
4089 -1366.0000000000
4102 -1365.0000000000
4138 -1364.0000000000
4145 -1361.0000000000
4193 -1358.0000000000
4246 -1356.0000000000
4260 -1355.0000000000
4271 -1354.0000000000
4290 -1353.0000000000
4323 -1352.0000000000
4333 -1351.0000000000
4345 -1350.0000000000
4369 -1346.0000000000
4401 -1345.0000000000
4404 -1342.0000000000
4427 -1341.0000000000
4458 -1340.0000000000
4475 -1339.0000000000
4501 -1338.0000000000
4518 -1337.0000000000
4521 -1336.0000000000
4527 -1335.0000000000
4547 -1334.0000000000
4560 -1333.0000000000
4579 -1330.0000000000
4591 -1328.0000000000
4606 -1326.0000000000
4626 -1321.0000000000
4641 -1320.0000000000
4664 -1319.0000000000
4672 -1318.0000000000
4694 -1317.0000000000
4703 -1316.0000000000
4723 -1315.0000000000
4732 -1314.0000000000
4763 -1312.0000000000
4806 -1310.0000000000
4813 -1309.0000000000
4829 -1307.0000000000
4862 -1306.0000000000
4876 -1305.0000000000
4882 -1304.0000000000
4903 -1303.0000000000
4907 -1302.0000000000
4938 -1300.0000000000
4952 -1298.0000000000
4961 -1297.0000000000
4989 -1296.0000000000
5002 -1295.0000000000
5022 -1292.0000000000
5054 -1291.0000000000
5064 -1290.0000000000
5069 -1289.0000000000
5090 -1287.0000000000
5101 -1285.0000000000
5128 -1284.0000000000
5146 -1283.0000000000
5150 -1282.0000000000
5152 -1280.0000000000
5190 -1279.0000000000
5192 -1278.0000000000
5203 -1277.0000000000
5208 -1276.0000000000
5222 -1274.0000000000
5254 -1273.0000000000
5264 -1271.0000000000
5286 -1270.0000000000
5287 -1269.0000000000
5301 -1266.0000000000
5343 -1263.0000000000
5368 -1262.0000000000
5405 -1261.0000000000
5410 -1259.0000000000
5451 -1258.0000000000
5458 -1256.0000000000
5461 -1254.0000000000
5526 -1253.0000000000
5541 -1252.0000000000
5545 -1250.0000000000
5593 -1249.0000000000
5594 -1248.0000000000
5616 -1246.0000000000
5627 -1245.0000000000
5650 -1244.0000000000
5657 -1242.0000000000
5701 -1241.0000000000
5705 -1240.0000000000
5727 -1238.0000000000
5743 -1236.0000000000
5762 -1235.0000000000
5763 -1233.0000000000
5797 -1232.0000000000
5801 -1231.0000000000
5821 -1230.0000000000
5866 -1229.0000000000
5879 -1228.0000000000
5891 -1227.0000000000
5905 -1225.0000000000
5926 -1224.0000000000
5949 -1222.0000000000
5961 -1221.0000000000
6000 -1219.0000000000
6021 -1218.0000000000
6043 -1217.0000000000
6070 -1216.0000000000
6079 -1215.0000000000
6089 -1214.0000000000
6101 -1213.0000000000
6129 -1212.0000000000
6132 -1211.0000000000
6147 -1210.0000000000
6168 -1209.0000000000
6182 -1208.0000000000
6195 -1207.0000000000
6205 -1206.0000000000
6229 -1205.0000000000
6239 -1204.0000000000
6242 -1203.0000000000
6261 -1202.0000000000
6287 -1200.0000000000
6301 -1195.0000000000
6371 -1194.0000000000
6399 -1193.0000000000
6409 -1191.0000000000
6448 -1190.0000000000
6474 -1189.0000000000
6481 -1185.0000000000
6529 -1184.0000000000
6545 -1182.0000000000
6561 -1181.0000000000
6583 -1180.0000000000
6606 -1179.0000000000
6627 -1178.0000000000
6632 -1177.0000000000
6650 -1176.0000000000
6681 -1172.0000000000
6704 -1170.0000000000
6722 -1167.0000000000
6747 -1165.0000000000
6782 -1164.0000000000
6806 -1163.0000000000
6823 -1161.0000000000
6843 -1159.0000000000
6864 -1158.0000000000
6881 -1156.0000000000
6902 -1153.0000000000
6949 -1152.0000000000
6966 -1151.0000000000
6984 -1150.0000000000
7008 -1147.0000000000
7030 -1146.0000000000
7046 -1144.0000000000
7071 -1143.0000000000
7089 -1142.0000000000
7097 -1141.0000000000
7102 -1140.0000000000
7127 -1138.0000000000
7142 -1137.0000000000
7163 -1133.0000000000
7204 -1132.0000000000
7231 -1130.0000000000
7249 -1127.0000000000
7284 -1125.0000000000
7301 -1123.0000000000
7339 -1122.0000000000
7349 -1121.0000000000
7361 -1120.0000000000
7383 -1119.0000000000
7401 -1118.0000000000
7402 -1117.0000000000
7426 -1115.0000000000
7462 -1114.0000000000
7471 -1113.0000000000
7508 -1112.0000000000
7514 -1111.0000000000
7535 -1110.0000000000
7542 -1109.0000000000
7552 -1108.0000000000
7562 -1106.0000000000
7598 -1104.0000000000
7626 -1103.0000000000
7643 -1101.0000000000
7662 -1100.0000000000
7670 -1099.0000000000
7687 -1098.0000000000
7702 -1094.0000000000
7746 -1093.0000000000
7750 -1091.0000000000
7767 -1090.0000000000
7792 -1087.0000000000
7806 -1086.0000000000
7822 -1085.0000000000
7829 -1082.0000000000
7841 -1081.0000000000
7850 -1079.0000000000
7886 -1078.0000000000
7922 -1075.0000000000
7928 -1074.0000000000
7966 -1073.0000000000
7995 -1072.0000000000
8005 -1070.0000000000
8032 -1069.0000000000
8036 -1068.0000000000
8046 -1065.0000000000
8102 -1064.0000000000
8150 -1063.0000000000
8167 -1061.0000000000
8168 -1060.0000000000
8185 -1058.0000000000
8202 -1056.0000000000
8241 -1054.0000000000
8299 -1053.0000000000
8301 -1051.0000000000
8330 -1049.0000000000
8390 -1048.0000000000
8411 -1044.0000000000
8457 -1042.0000000000
8459 -1041.0000000000
8478 -1040.0000000000
8488 -1037.0000000000
8533 -1036.0000000000
8576 -1035.0000000000
8577 -1034.0000000000
8605 -1033.0000000000
8607 -1032.0000000000
8622 -1031.0000000000
8643 -1030.0000000000
8671 -1029.0000000000
8685 -1027.0000000000
8742 -1024.0000000000
8785 -1023.0000000000
8831 -1022.0000000000
8834 -1021.0000000000
8845 -1020.0000000000
8856 -1019.0000000000
8869 -1018.0000000000
8887 -1017.0000000000
8902 -1016.0000000000
8904 -1015.0000000000
8936 -1013.0000000000
8983 -1012.0000000000
8992 -1011.0000000000
9004 -1010.0000000000
9037 -1009.0000000000
9049 -1007.0000000000
9081 -1006.0000000000
9093 -1005.0000000000
9103 -1003.0000000000
9134 -1002.0000000000
9141 -1001.0000000000
9164 -1000.0000000000
9174 -998.0000000000
9211 -996.0000000000
9228 -995.0000000000
9256 -993.0000000000
9261 -992.0000000000
9306 -990.0000000000
9340 -989.0000000000
9352 -988.0000000000
9362 -986.0000000000
9386 -985.0000000000
9394 -983.0000000000
9432 -982.0000000000
9462 -981.0000000000
9490 -980.0000000000
9520 -979.0000000000
9522 -978.0000000000
9543 -977.0000000000
9559 -976.0000000000
9581 -975.0000000000
9601 -974.0000000000
9608 -972.0000000000
9627 -971.0000000000
9647 -970.0000000000
9663 -969.0000000000
9675 -968.0000000000
9707 -967.0000000000
9710 -966.0000000000
9723 -964.0000000000
9744 -962.0000000000
9767 -961.0000000000
9784 -959.0000000000
9823 -958.0000000000
9828 -957.0000000000
9840 -955.0000000000
9863 -954.0000000000
9873 -953.0000000000
9900 -952.0000000000
9907 -951.0000000000
9924 -950.0000000000
9943 -949.0000000000
9946 -945.0000000000
9986 -944.0000000000
10000 -946.0000000000
