evaluations raw_y
1 -1942.0000000000
3 -1941.0000000000
4 -1940.0000000000
5 -1938.0000000000
8 -1937.0000000000
9 -1936.0000000000
11 -1934.0000000000
12 -1933.0000000000
21 -1932.0000000000
24 -1931.0000000000
28 -1930.0000000000
31 -1928.0000000000
34 -1927.0000000000
39 -1926.0000000000
41 -1924.0000000000
45 -1923.0000000000
50 -1922.0000000000
53 -1920.0000000000
54 -1918.0000000000
55 -1917.0000000000
56 -1916.0000000000
57 -1915.0000000000
60 -1914.0000000000
63 -1913.0000000000
64 -1912.0000000000
66 -1911.0000000000
67 -1910.0000000000
80 -1907.0000000000
81 -1906.0000000000
93 -1905.0000000000
96 -1904.0000000000
97 -1903.0000000000
99 -1902.0000000000
101 -1901.0000000000
102 -1900.0000000000
109 -1899.0000000000
111 -1898.0000000000
113 -1897.0000000000
114 -1896.0000000000
120 -1895.0000000000
123 -1894.0000000000
124 -1891.0000000000
125 -1890.0000000000
130 -1889.0000000000
140 -1886.0000000000
145 -1885.0000000000
154 -1884.0000000000
156 -1882.0000000000
163 -1881.0000000000
170 -1880.0000000000
171 -1879.0000000000
177 -1878.0000000000
178 -1876.0000000000
181 -1875.0000000000
183 -1873.0000000000
184 -1872.0000000000
185 -1870.0000000000
186 -1869.0000000000
191 -1867.0000000000
192 -1866.0000000000
195 -1865.0000000000
202 -1864.0000000000
203 -1863.0000000000
206 -1860.0000000000
215 -1859.0000000000
218 -1858.0000000000
219 -1857.0000000000
230 -1856.0000000000
233 -1855.0000000000
234 -1854.0000000000
237 -1853.0000000000
240 -1852.0000000000
241 -1850.0000000000
244 -1849.0000000000
252 -1848.0000000000
257 -1847.0000000000
259 -1846.0000000000
263 -1843.0000000000
267 -1842.0000000000
268 -1841.0000000000
270 -1840.0000000000
271 -1839.0000000000
272 -1837.0000000000
273 -1836.0000000000
283 -1835.0000000000
284 -1834.0000000000
287 -1833.0000000000
290 -1832.0000000000
293 -1831.0000000000
294 -1830.0000000000
295 -1829.0000000000
298 -1828.0000000000
300 -1827.0000000000
302 -1826.0000000000
306 -1824.0000000000
310 -1823.0000000000
311 -1822.0000000000
319 -1821.0000000000
321 -1819.0000000000
326 -1818.0000000000
330 -1817.0000000000
331 -1816.0000000000
335 -1815.0000000000
336 -1814.0000000000
341 -1813.0000000000
348 -1812.0000000000
353 -1811.0000000000
360 -1809.0000000000
362 -1808.0000000000
363 -1806.0000000000
371 -1805.0000000000
375 -1804.0000000000
386 -1803.0000000000
406 -1802.0000000000
408 -1801.0000000000
409 -1800.0000000000
412 -1799.0000000000
414 -1798.0000000000
418 -1797.0000000000
419 -1796.0000000000
430 -1795.0000000000
431 -1794.0000000000
433 -1793.0000000000
434 -1792.0000000000
443 -1791.0000000000
449 -1790.0000000000
450 -1788.0000000000
466 -1787.0000000000
468 -1786.0000000000
469 -1785.0000000000
471 -1784.0000000000
472 -1782.0000000000
473 -1781.0000000000
474 -1780.0000000000
478 -1778.0000000000
487 -1777.0000000000
490 -1776.0000000000
492 -1775.0000000000
502 -1774.0000000000
503 -1772.0000000000
515 -1771.0000000000
542 -1768.0000000000
545 -1767.0000000000
547 -1766.0000000000
555 -1765.0000000000
556 -1763.0000000000
560 -1761.0000000000
583 -1760.0000000000
589 -1757.0000000000
595 -1756.0000000000
596 -1755.0000000000
597 -1752.0000000000
598 -1750.0000000000
603 -1749.0000000000
610 -1748.0000000000
613 -1747.0000000000
614 -1746.0000000000
615 -1745.0000000000
616 -1744.0000000000
626 -1743.0000000000
634 -1741.0000000000
635 -1740.0000000000
638 -1738.0000000000
643 -1737.0000000000
648 -1736.0000000000
651 -1735.0000000000
660 -1734.0000000000
662 -1732.0000000000
669 -1730.0000000000
675 -1729.0000000000
685 -1728.0000000000
691 -1727.0000000000
697 -1726.0000000000
698 -1725.0000000000
700 -1723.0000000000
701 -1722.0000000000
707 -1720.0000000000
722 -1718.0000000000
729 -1717.0000000000
731 -1715.0000000000
738 -1714.0000000000
740 -1713.0000000000
742 -1712.0000000000
746 -1711.0000000000
747 -1710.0000000000
749 -1709.0000000000
762 -1708.0000000000
769 -1706.0000000000
771 -1703.0000000000
784 -1701.0000000000
788 -1699.0000000000
797 -1698.0000000000
798 -1697.0000000000
805 -1695.0000000000
807 -1694.0000000000
808 -1693.0000000000
810 -1692.0000000000
818 -1691.0000000000
822 -1689.0000000000
831 -1688.0000000000
839 -1687.0000000000
840 -1685.0000000000
842 -1684.0000000000
849 -1683.0000000000
851 -1682.0000000000
855 -1681.0000000000
861 -1680.0000000000
862 -1679.0000000000
863 -1678.0000000000
872 -1677.0000000000
877 -1676.0000000000
879 -1675.0000000000
886 -1674.0000000000
892 -1673.0000000000
894 -1672.0000000000
895 -1671.0000000000
896 -1670.0000000000
900 -1667.0000000000
902 -1666.0000000000
907 -1665.0000000000
910 -1663.0000000000
923 -1662.0000000000
924 -1660.0000000000
926 -1659.0000000000
936 -1658.0000000000
939 -1656.0000000000
940 -1654.0000000000
941 -1653.0000000000
944 -1652.0000000000
945 -1651.0000000000
946 -1650.0000000000
947 -1649.0000000000
948 -1647.0000000000
957 -1646.0000000000
968 -1645.0000000000
971 -1644.0000000000
972 -1642.0000000000
985 -1641.0000000000
987 -1640.0000000000
989 -1639.0000000000
992 -1637.0000000000
998 -1636.0000000000
1000 -1635.0000000000
1007 -1634.0000000000
1021 -1633.0000000000
1026 -1632.0000000000
1029 -1630.0000000000
1030 -1629.0000000000
1034 -1628.0000000000
1035 -1627.0000000000
1041 -1626.0000000000
1046 -1625.0000000000
1059 -1624.0000000000
1060 -1623.0000000000
1061 -1622.0000000000
1071 -1620.0000000000
1072 -1619.0000000000
1076 -1618.0000000000
1080 -1617.0000000000
1084 -1615.0000000000
1096 -1613.0000000000
1099 -1612.0000000000
1121 -1611.0000000000
1135 -1610.0000000000
1137 -1609.0000000000
1139 -1608.0000000000
1142 -1607.0000000000
1145 -1605.0000000000
1150 -1604.0000000000
1153 -1603.0000000000
1157 -1602.0000000000
1162 -1601.0000000000
1169 -1600.0000000000
1175 -1599.0000000000
1183 -1598.0000000000
1191 -1597.0000000000
1200 -1596.0000000000
1209 -1595.0000000000
1219 -1594.0000000000
1235 -1593.0000000000
1238 -1592.0000000000
1241 -1591.0000000000
1242 -1590.0000000000
1252 -1589.0000000000
1264 -1588.0000000000
1265 -1587.0000000000
1271 -1586.0000000000
1285 -1585.0000000000
1287 -1584.0000000000
1291 -1583.0000000000
1299 -1582.0000000000
1303 -1581.0000000000
1304 -1580.0000000000
1308 -1579.0000000000
1313 -1578.0000000000
1316 -1577.0000000000
1324 -1576.0000000000
1328 -1575.0000000000
1337 -1574.0000000000
1341 -1573.0000000000
1343 -1572.0000000000
1344 -1571.0000000000
1346 -1570.0000000000
1351 -1569.0000000000
1358 -1568.0000000000
1360 -1566.0000000000
1361 -1565.0000000000
1363 -1564.0000000000
1364 -1563.0000000000
1365 -1562.0000000000
1368 -1561.0000000000
1383 -1560.0000000000
1386 -1559.0000000000
1387 -1558.0000000000
1394 -1557.0000000000
1395 -1556.0000000000
1403 -1555.0000000000
1406 -1553.0000000000
1407 -1551.0000000000
1409 -1550.0000000000
1415 -1548.0000000000
1417 -1547.0000000000
1419 -1545.0000000000
1430 -1544.0000000000
1436 -1542.0000000000
1443 -1541.0000000000
1448 -1540.0000000000
1450 -1539.0000000000
1451 -1537.0000000000
1452 -1536.0000000000
1456 -1535.0000000000
1459 -1534.0000000000
1468 -1533.0000000000
1478 -1532.0000000000
1479 -1531.0000000000
1485 -1530.0000000000
1489 -1529.0000000000
1494 -1528.0000000000
1503 -1527.0000000000
1507 -1526.0000000000
1509 -1525.0000000000
1517 -1524.0000000000
1518 -1523.0000000000
1522 -1522.0000000000
1527 -1521.0000000000
1529 -1520.0000000000
1539 -1519.0000000000
1546 -1517.0000000000
1547 -1516.0000000000
1551 -1514.0000000000
1557 -1512.0000000000
1559 -1511.0000000000
1560 -1510.0000000000
1568 -1509.0000000000
1569 -1507.0000000000
1581 -1506.0000000000
1582 -1505.0000000000
1584 -1504.0000000000
1589 -1501.0000000000
1590 -1500.0000000000
1595 -1499.0000000000
1607 -1498.0000000000
1615 -1497.0000000000
1622 -1496.0000000000
1625 -1495.0000000000
1628 -1494.0000000000
1629 -1493.0000000000
1634 -1492.0000000000
1635 -1491.0000000000
1639 -1489.0000000000
1642 -1488.0000000000
1644 -1487.0000000000
1651 -1485.0000000000
1659 -1484.0000000000
1669 -1483.0000000000
1672 -1482.0000000000
1677 -1481.0000000000
1687 -1480.0000000000
1691 -1479.0000000000
1699 -1478.0000000000
1703 -1477.0000000000
1704 -1476.0000000000
1707 -1475.0000000000
1713 -1474.0000000000
1714 -1472.0000000000
1715 -1471.0000000000
1734 -1470.0000000000
1741 -1469.0000000000
1742 -1468.0000000000
1752 -1467.0000000000
1755 -1466.0000000000
1757 -1465.0000000000
1770 -1464.0000000000
1773 -1463.0000000000
1778 -1462.0000000000
1781 -1461.0000000000
1790 -1460.0000000000
1799 -1458.0000000000
1803 -1457.0000000000
1809 -1456.0000000000
1816 -1455.0000000000
1826 -1454.0000000000
1830 -1453.0000000000
1831 -1452.0000000000
1834 -1451.0000000000
1845 -1450.0000000000
1846 -1449.0000000000
1850 -1448.0000000000
1852 -1447.0000000000
1870 -1446.0000000000
1875 -1445.0000000000
1886 -1444.0000000000
1899 -1443.0000000000
1904 -1442.0000000000
1906 -1441.0000000000
1909 -1440.0000000000
1914 -1439.0000000000
1918 -1438.0000000000
1922 -1437.0000000000
1925 -1436.0000000000
1927 -1435.0000000000
1929 -1434.0000000000
1931 -1433.0000000000
1932 -1432.0000000000
1937 -1431.0000000000
1951 -1430.0000000000
1958 -1429.0000000000
1964 -1428.0000000000
1968 -1427.0000000000
1969 -1425.0000000000
1986 -1424.0000000000
1989 -1423.0000000000
1999 -1421.0000000000
2001 -1420.0000000000
2010 -1419.0000000000
2012 -1418.0000000000
2024 -1417.0000000000
2030 -1416.0000000000
2031 -1415.0000000000
2037 -1413.0000000000
2040 -1412.0000000000
2061 -1411.0000000000
2071 -1410.0000000000
2080 -1409.0000000000
2085 -1408.0000000000
2089 -1407.0000000000
2106 -1406.0000000000
2108 -1405.0000000000
2110 -1404.0000000000
2115 -1402.0000000000
2117 -1400.0000000000
2125 -1399.0000000000
2133 -1397.0000000000
2135 -1395.0000000000
2144 -1394.0000000000
2145 -1392.0000000000
2148 -1391.0000000000
2150 -1390.0000000000
2151 -1389.0000000000
2155 -1388.0000000000
2166 -1387.0000000000
2169 -1386.0000000000
2172 -1385.0000000000
2178 -1384.0000000000
2185 -1383.0000000000
2192 -1382.0000000000
2193 -1380.0000000000
2203 -1378.0000000000
2204 -1377.0000000000
2205 -1376.0000000000
2206 -1374.0000000000
2210 -1372.0000000000
2212 -1371.0000000000
2214 -1369.0000000000
2234 -1367.0000000000
2242 -1366.0000000000
2253 -1365.0000000000
2256 -1364.0000000000
2259 -1362.0000000000
2264 -1361.0000000000
2266 -1360.0000000000
2275 -1359.0000000000
2276 -1358.0000000000
2292 -1357.0000000000
2296 -1356.0000000000
2297 -1355.0000000000
2299 -1354.0000000000
2307 -1353.0000000000
2323 -1352.0000000000
2326 -1351.0000000000
2328 -1350.0000000000
2331 -1349.0000000000
2340 -1348.0000000000
2355 -1347.0000000000
2356 -1345.0000000000
2368 -1344.0000000000
2376 -1343.0000000000
2401 -1342.0000000000
2406 -1341.0000000000
2415 -1340.0000000000
2418 -1339.0000000000
2426 -1338.0000000000
2430 -1337.0000000000
2431 -1335.0000000000
2445 -1334.0000000000
2446 -1333.0000000000
2447 -1332.0000000000
2466 -1331.0000000000
2469 -1330.0000000000
2472 -1329.0000000000
2502 -1328.0000000000
2505 -1327.0000000000
2512 -1326.0000000000
2514 -1325.0000000000
2523 -1324.0000000000
2524 -1323.0000000000
2535 -1322.0000000000
2539 -1321.0000000000
2554 -1319.0000000000
2555 -1318.0000000000
2568 -1317.0000000000
2570 -1316.0000000000
2573 -1315.0000000000
2574 -1314.0000000000
2580 -1313.0000000000
2620 -1312.0000000000
2627 -1311.0000000000
2640 -1309.0000000000
2645 -1308.0000000000
2646 -1307.0000000000
2647 -1306.0000000000
2650 -1305.0000000000
2651 -1304.0000000000
2653 -1303.0000000000
2659 -1302.0000000000
2672 -1301.0000000000
2680 -1300.0000000000
2681 -1299.0000000000
2684 -1298.0000000000
2693 -1297.0000000000
2695 -1296.0000000000
2699 -1295.0000000000
2713 -1294.0000000000
2726 -1293.0000000000
2741 -1292.0000000000
2756 -1291.0000000000
2759 -1289.0000000000
2762 -1288.0000000000
2764 -1287.0000000000
2767 -1285.0000000000
2774 -1284.0000000000
2778 -1283.0000000000
2783 -1282.0000000000
2797 -1281.0000000000
2812 -1280.0000000000
2815 -1279.0000000000
2818 -1278.0000000000
2819 -1277.0000000000
2827 -1276.0000000000
2835 -1275.0000000000
2836 -1274.0000000000
2837 -1273.0000000000
2841 -1272.0000000000
2849 -1271.0000000000
2851 -1270.0000000000
2860 -1269.0000000000
2885 -1268.0000000000
2888 -1267.0000000000
2897 -1266.0000000000
2898 -1265.0000000000
2903 -1264.0000000000
2905 -1262.0000000000
2912 -1261.0000000000
2931 -1260.0000000000
2938 -1259.0000000000
2939 -1258.0000000000
2940 -1256.0000000000
2959 -1255.0000000000
2968 -1254.0000000000
2971 -1253.0000000000
2973 -1252.0000000000
2975 -1251.0000000000
3003 -1250.0000000000
3024 -1249.0000000000
3029 -1248.0000000000
3030 -1247.0000000000
3031 -1246.0000000000
3041 -1243.0000000000
3043 -1241.0000000000
3052 -1240.0000000000
3061 -1239.0000000000
3062 -1238.0000000000
3066 -1237.0000000000
3069 -1236.0000000000
3073 -1235.0000000000
3078 -1233.0000000000
3083 -1232.0000000000
3093 -1231.0000000000
3100 -1230.0000000000
3107 -1228.0000000000
3108 -1227.0000000000
3111 -1226.0000000000
3115 -1225.0000000000
3123 -1224.0000000000
3139 -1223.0000000000
3143 -1222.0000000000
3148 -1219.0000000000
3149 -1218.0000000000
3151 -1216.0000000000
3152 -1215.0000000000
3162 -1214.0000000000
3171 -1213.0000000000
3181 -1212.0000000000
3192 -1211.0000000000
3204 -1210.0000000000
3206 -1209.0000000000
3213 -1208.0000000000
3216 -1206.0000000000
3240 -1205.0000000000
3243 -1204.0000000000
3245 -1203.0000000000
3252 -1202.0000000000
3253 -1201.0000000000
3262 -1200.0000000000
3263 -1198.0000000000
3265 -1196.0000000000
3271 -1194.0000000000
3272 -1193.0000000000
3274 -1192.0000000000
3284 -1191.0000000000
3308 -1190.0000000000
3311 -1189.0000000000
3316 -1188.0000000000
3318 -1186.0000000000
3319 -1185.0000000000
3321 -1184.0000000000
3325 -1183.0000000000
3335 -1181.0000000000
3345 -1180.0000000000
3348 -1179.0000000000
3349 -1178.0000000000
3355 -1177.0000000000
3380 -1176.0000000000
3382 -1175.0000000000
3389 -1174.0000000000
3399 -1173.0000000000
3411 -1172.0000000000
3418 -1170.0000000000
3427 -1169.0000000000
3441 -1168.0000000000
3453 -1167.0000000000
3459 -1165.0000000000
3474 -1164.0000000000
3479 -1163.0000000000
3482 -1162.0000000000
3488 -1161.0000000000
3498 -1160.0000000000
3499 -1159.0000000000
3510 -1158.0000000000
3511 -1157.0000000000
3512 -1156.0000000000
3533 -1155.0000000000
3534 -1153.0000000000
3539 -1152.0000000000
3548 -1150.0000000000
3549 -1149.0000000000
3554 -1148.0000000000
3570 -1145.0000000000
3595 -1144.0000000000
3605 -1142.0000000000
3622 -1141.0000000000
3624 -1140.0000000000
3628 -1139.0000000000
3635 -1138.0000000000
3653 -1137.0000000000
3661 -1136.0000000000
3675 -1134.0000000000
3688 -1133.0000000000
3689 -1132.0000000000
3690 -1131.0000000000
3694 -1130.0000000000
3712 -1129.0000000000
3716 -1128.0000000000
3730 -1127.0000000000
3738 -1126.0000000000
3740 -1125.0000000000
3745 -1124.0000000000
3747 -1123.0000000000
3754 -1122.0000000000
3765 -1121.0000000000
3766 -1120.0000000000
3796 -1119.0000000000
3803 -1117.0000000000
3826 -1116.0000000000
3831 -1115.0000000000
3834 -1114.0000000000
3842 -1113.0000000000
3844 -1112.0000000000
3845 -1111.0000000000
3846 -1110.0000000000
3850 -1109.0000000000
3853 -1108.0000000000
3869 -1107.0000000000
3872 -1106.0000000000
3876 -1105.0000000000
3884 -1104.0000000000
3887 -1102.0000000000
3889 -1100.0000000000
3892 -1099.0000000000
3893 -1098.0000000000
3900 -1097.0000000000
3913 -1096.0000000000
3924 -1095.0000000000
3943 -1094.0000000000
3952 -1093.0000000000
3954 -1092.0000000000
3955 -1091.0000000000
3968 -1090.0000000000
3974 -1089.0000000000
3976 -1088.0000000000
3978 -1087.0000000000
3982 -1086.0000000000
3993 -1085.0000000000
3994 -1084.0000000000
4003 -1083.0000000000
4018 -1082.0000000000
4031 -1081.0000000000
4036 -1080.0000000000
4039 -1079.0000000000
4059 -1078.0000000000
4060 -1077.0000000000
4080 -1076.0000000000
4085 -1074.0000000000
4087 -1073.0000000000
4090 -1072.0000000000
4110 -1071.0000000000
4124 -1070.0000000000
4127 -1069.0000000000
4132 -1068.0000000000
4141 -1067.0000000000
4145 -1063.0000000000
4152 -1062.0000000000
4158 -1061.0000000000
4163 -1060.0000000000
4185 -1059.0000000000
4188 -1058.0000000000
4193 -1057.0000000000
4197 -1056.0000000000
4204 -1055.0000000000
4223 -1053.0000000000
4224 -1050.0000000000
4235 -1049.0000000000
4257 -1048.0000000000
4267 -1047.0000000000
4276 -1046.0000000000
4288 -1045.0000000000
4293 -1044.0000000000
4300 -1043.0000000000
4301 -1042.0000000000
4307 -1041.0000000000
4315 -1040.0000000000
4324 -1039.0000000000
4339 -1038.0000000000
4349 -1037.0000000000
4372 -1036.0000000000
4373 -1035.0000000000
4379 -1034.0000000000
4384 -1032.0000000000
4389 -1031.0000000000
4397 -1030.0000000000
4410 -1029.0000000000
4426 -1028.0000000000
4430 -1026.0000000000
4432 -1025.0000000000
4434 -1024.0000000000
4438 -1023.0000000000
4441 -1022.0000000000
4451 -1021.0000000000
4456 -1020.0000000000
4464 -1019.0000000000
4466 -1018.0000000000
4469 -1017.0000000000
4476 -1016.0000000000
4516 -1015.0000000000
4517 -1014.0000000000
4518 -1012.0000000000
4527 -1011.0000000000
4539 -1010.0000000000
4545 -1009.0000000000
4547 -1008.0000000000
4549 -1007.0000000000
4550 -1006.0000000000
4557 -1005.0000000000
4561 -1004.0000000000
4566 -1003.0000000000
4568 -1002.0000000000
4576 -1001.0000000000
4579 -999.0000000000
4586 -998.0000000000
4591 -997.0000000000
4607 -996.0000000000
4615 -994.0000000000
4620 -993.0000000000
4633 -992.0000000000
4641 -991.0000000000
4665 -990.0000000000
4676 -989.0000000000
4680 -988.0000000000
4682 -987.0000000000
4698 -985.0000000000
4699 -984.0000000000
4700 -983.0000000000
4731 -981.0000000000
4735 -980.0000000000
4738 -979.0000000000
4740 -978.0000000000
4741 -977.0000000000
4753 -976.0000000000
4754 -975.0000000000
4774 -974.0000000000
4779 -973.0000000000
4791 -972.0000000000
4803 -971.0000000000
4808 -970.0000000000
4825 -969.0000000000
4844 -968.0000000000
4847 -967.0000000000
4848 -966.0000000000
4851 -965.0000000000
4856 -964.0000000000
4859 -963.0000000000
4861 -962.0000000000
4870 -961.0000000000
4921 -960.0000000000
4932 -959.0000000000
4934 -958.0000000000
4971 -956.0000000000
4998 -954.0000000000
5002 -952.0000000000
5024 -951.0000000000
5041 -950.0000000000
5046 -948.0000000000
5049 -947.0000000000
5050 -946.0000000000
5051 -944.0000000000
5052 -943.0000000000
5058 -942.0000000000
5062 -941.0000000000
5065 -939.0000000000
5070 -938.0000000000
5079 -937.0000000000
5097 -936.0000000000
5115 -935.0000000000
5131 -932.0000000000
5145 -930.0000000000
5149 -929.0000000000
5157 -928.0000000000
5159 -927.0000000000
5164 -926.0000000000
5175 -923.0000000000
5185 -922.0000000000
5199 -921.0000000000
5204 -920.0000000000
5225 -919.0000000000
5228 -918.0000000000
5231 -917.0000000000
5242 -916.0000000000
5261 -915.0000000000
5264 -914.0000000000
5269 -913.0000000000
5275 -912.0000000000
5276 -911.0000000000
5302 -910.0000000000
5320 -909.0000000000
5325 -908.0000000000
5326 -907.0000000000
5328 -906.0000000000
5330 -905.0000000000
5345 -903.0000000000
5353 -902.0000000000
5379 -900.0000000000
5380 -899.0000000000
5382 -898.0000000000
5401 -897.0000000000
5423 -896.0000000000
5450 -894.0000000000
5453 -893.0000000000
5465 -892.0000000000
5473 -890.0000000000
5487 -889.0000000000
5488 -888.0000000000
5489 -886.0000000000
5500 -885.0000000000
5504 -884.0000000000
5516 -883.0000000000
5523 -882.0000000000
5532 -881.0000000000
5533 -880.0000000000
5539 -879.0000000000
5544 -878.0000000000
5553 -877.0000000000
5559 -876.0000000000
5564 -874.0000000000
5576 -873.0000000000
5578 -872.0000000000
5594 -871.0000000000
5609 -870.0000000000
5619 -869.0000000000
5626 -868.0000000000
5644 -867.0000000000
5649 -866.0000000000
5654 -865.0000000000
5661 -864.0000000000
5665 -863.0000000000
5668 -862.0000000000
5675 -861.0000000000
5691 -860.0000000000
5700 -859.0000000000
5720 -858.0000000000
5743 -857.0000000000
5763 -856.0000000000
5772 -855.0000000000
5778 -854.0000000000
5790 -853.0000000000
5792 -852.0000000000
5793 -851.0000000000
5799 -850.0000000000
5802 -849.0000000000
5818 -848.0000000000
5820 -847.0000000000
5821 -846.0000000000
5832 -845.0000000000
5835 -844.0000000000
5845 -843.0000000000
5849 -842.0000000000
5850 -841.0000000000
5853 -840.0000000000
5869 -839.0000000000
5890 -838.0000000000
5899 -837.0000000000
5905 -836.0000000000
5911 -835.0000000000
5960 -834.0000000000
5961 -833.0000000000
5977 -832.0000000000
5978 -831.0000000000
5993 -829.0000000000
5995 -828.0000000000
5999 -827.0000000000
6009 -826.0000000000
6010 -825.0000000000
6018 -824.0000000000
6042 -822.0000000000
6050 -821.0000000000
6078 -820.0000000000
6082 -819.0000000000
6088 -818.0000000000
6095 -817.0000000000
6124 -816.0000000000
6127 -815.0000000000
6134 -814.0000000000
6138 -813.0000000000
6161 -812.0000000000
6180 -811.0000000000
6182 -810.0000000000
6183 -809.0000000000
6189 -808.0000000000
6203 -806.0000000000
6225 -805.0000000000
6227 -804.0000000000
6247 -803.0000000000
6259 -802.0000000000
6266 -801.0000000000
6323 -800.0000000000
6326 -799.0000000000
6327 -798.0000000000
6337 -797.0000000000
6347 -796.0000000000
6349 -795.0000000000
6352 -794.0000000000
6364 -793.0000000000
6391 -791.0000000000
6408 -790.0000000000
6412 -786.0000000000
6418 -785.0000000000
6425 -784.0000000000
6428 -783.0000000000
6431 -782.0000000000
6435 -781.0000000000
6445 -780.0000000000
6448 -778.0000000000
6450 -777.0000000000
6465 -776.0000000000
6495 -775.0000000000
6498 -774.0000000000
6500 -773.0000000000
6515 -771.0000000000
6553 -770.0000000000
6564 -769.0000000000
6571 -768.0000000000
6577 -767.0000000000
6582 -766.0000000000
6632 -765.0000000000
6635 -764.0000000000
6659 -763.0000000000
6660 -762.0000000000
6670 -761.0000000000
6674 -760.0000000000
6678 -759.0000000000
6679 -758.0000000000
6681 -757.0000000000
6694 -756.0000000000
6700 -755.0000000000
6709 -754.0000000000
6742 -753.0000000000
6743 -752.0000000000
6750 -751.0000000000
6752 -750.0000000000
6757 -748.0000000000
6761 -747.0000000000
6772 -746.0000000000
6776 -745.0000000000
6779 -744.0000000000
6780 -743.0000000000
6799 -742.0000000000
6806 -741.0000000000
6812 -740.0000000000
6819 -739.0000000000
6820 -738.0000000000
6821 -737.0000000000
6828 -736.0000000000
6858 -735.0000000000
6885 -734.0000000000
6888 -732.0000000000
6891 -731.0000000000
6912 -730.0000000000
6913 -729.0000000000
6914 -728.0000000000
6950 -727.0000000000
6961 -726.0000000000
6981 -725.0000000000
7014 -724.0000000000
7017 -723.0000000000
7025 -722.0000000000
7029 -721.0000000000
7046 -720.0000000000
7049 -719.0000000000
7072 -718.0000000000
7090 -717.0000000000
7101 -716.0000000000
7104 -715.0000000000
7105 -714.0000000000
7120 -712.0000000000
7144 -711.0000000000
7149 -709.0000000000
7196 -708.0000000000
7259 -707.0000000000
7279 -706.0000000000
7300 -704.0000000000
7313 -703.0000000000
7323 -702.0000000000
7349 -701.0000000000
7360 -700.0000000000
7382 -699.0000000000
7394 -698.0000000000
7425 -697.0000000000
7428 -696.0000000000
7437 -695.0000000000
7444 -694.0000000000
7448 -693.0000000000
7449 -692.0000000000
7468 -691.0000000000
7469 -690.0000000000
7477 -688.0000000000
7508 -686.0000000000
7521 -685.0000000000
7558 -684.0000000000
7560 -683.0000000000
7603 -682.0000000000
7610 -681.0000000000
7635 -679.0000000000
7674 -677.0000000000
7680 -676.0000000000
7690 -675.0000000000
7710 -674.0000000000
7718 -673.0000000000
7730 -672.0000000000
7740 -671.0000000000
7766 -670.0000000000
7788 -669.0000000000
7793 -668.0000000000
7830 -667.0000000000
7851 -666.0000000000
7867 -664.0000000000
7878 -663.0000000000
7891 -661.0000000000
7903 -660.0000000000
7910 -659.0000000000
7936 -658.0000000000
7953 -657.0000000000
7966 -656.0000000000
7998 -655.0000000000
8034 -654.0000000000
8038 -653.0000000000
8039 -652.0000000000
8052 -651.0000000000
8102 -650.0000000000
8111 -649.0000000000
8117 -648.0000000000
8118 -647.0000000000
8160 -646.0000000000
8177 -645.0000000000
8198 -644.0000000000
8201 -643.0000000000
8206 -642.0000000000
8236 -641.0000000000
8237 -640.0000000000
8262 -639.0000000000
8270 -638.0000000000
8278 -637.0000000000
8292 -636.0000000000
8309 -635.0000000000
8341 -634.0000000000
8357 -633.0000000000
8400 -632.0000000000
8414 -631.0000000000
8416 -630.0000000000
8417 -629.0000000000
8467 -628.0000000000
8473 -627.0000000000
8492 -626.0000000000
8533 -625.0000000000
8534 -624.0000000000
8545 -623.0000000000
8600 -622.0000000000
8603 -621.0000000000
8634 -620.0000000000
8638 -619.0000000000
8651 -618.0000000000
8654 -617.0000000000
8664 -616.0000000000
8694 -615.0000000000
8733 -614.0000000000
8792 -613.0000000000
8814 -612.0000000000
8818 -611.0000000000
8852 -610.0000000000
8855 -609.0000000000
8868 -608.0000000000
8871 -607.0000000000
8882 -606.0000000000
8885 -605.0000000000
8903 -604.0000000000
8904 -603.0000000000
8906 -602.0000000000
8939 -601.0000000000
8963 -600.0000000000
8966 -598.0000000000
8970 -597.0000000000
8984 -596.0000000000
9002 -595.0000000000
9003 -594.0000000000
9004 -593.0000000000
9011 -592.0000000000
9014 -591.0000000000
9048 -590.0000000000
9053 -589.0000000000
9056 -588.0000000000
9059 -587.0000000000
9079 -586.0000000000
9083 -585.0000000000
9085 -584.0000000000
9100 -583.0000000000
9107 -582.0000000000
9112 -580.0000000000
9118 -579.0000000000
9127 -578.0000000000
9129 -577.0000000000
9157 -576.0000000000
9160 -575.0000000000
9170 -574.0000000000
9181 -573.0000000000
9186 -571.0000000000
9187 -570.0000000000
9213 -569.0000000000
9223 -568.0000000000
9275 -567.0000000000
9302 -566.0000000000
9308 -565.0000000000
9322 -564.0000000000
9356 -563.0000000000
9366 -562.0000000000
9369 -561.0000000000
9392 -560.0000000000
9467 -559.0000000000
9473 -558.0000000000
9483 -557.0000000000
9533 -556.0000000000
9559 -555.0000000000
9624 -554.0000000000
9627 -552.0000000000
9643 -551.0000000000
9655 -550.0000000000
9664 -549.0000000000
9682 -547.0000000000
9715 -545.0000000000
9728 -544.0000000000
9739 -543.0000000000
9740 -542.0000000000
9749 -541.0000000000
9750 -540.0000000000
9759 -539.0000000000
9774 -538.0000000000
9787 -537.0000000000
9793 -536.0000000000
9797 -535.0000000000
9799 -534.0000000000
9831 -533.0000000000
9849 -532.0000000000
9867 -531.0000000000
9872 -530.0000000000
9887 -529.0000000000
9889 -528.0000000000
9957 -527.0000000000
9963 -526.0000000000
9969 -525.0000000000
9980 -524.0000000000
9984 -523.0000000000
9990 -522.0000000000
10000 -524.0000000000
