evaluations raw_y
1 -1931.0000000000
2 -1901.0000000000
6 -1866.0000000000
7 -1860.0000000000
21 -1841.0000000000
41 -1839.0000000000
45 -1831.0000000000
57 -1826.0000000000
67 -1814.0000000000
76 -1806.0000000000
85 -1801.0000000000
94 -1797.0000000000
113 -1788.0000000000
114 -1783.0000000000
121 -1763.0000000000
154 -1762.0000000000
163 -1743.0000000000
182 -1730.0000000000
221 -1729.0000000000
224 -1725.0000000000
244 -1722.0000000000
263 -1719.0000000000
274 -1716.0000000000
276 -1714.0000000000
284 -1711.0000000000
289 -1709.0000000000
303 -1708.0000000000
306 -1707.0000000000
326 -1704.0000000000
331 -1702.0000000000
342 -1696.0000000000
363 -1693.0000000000
384 -1677.0000000000
441 -1675.0000000000
444 -1674.0000000000
461 -1673.0000000000
464 -1667.0000000000
501 -1665.0000000000
522 -1664.0000000000
538 -1662.0000000000
542 -1659.0000000000
556 -1658.0000000000
577 -1656.0000000000
603 -1655.0000000000
605 -1653.0000000000
623 -1652.0000000000
642 -1651.0000000000
644 -1650.0000000000
665 -1648.0000000000
683 -1647.0000000000
705 -1646.0000000000
728 -1645.0000000000
737 -1643.0000000000
753 -1642.0000000000
765 -1641.0000000000
782 -1640.0000000000
788 -1639.0000000000
807 -1638.0000000000
835 -1636.0000000000
842 -1635.0000000000
849 -1633.0000000000
882 -1632.0000000000
885 -1631.0000000000
903 -1630.0000000000
911 -1628.0000000000
935 -1627.0000000000
943 -1626.0000000000
964 -1625.0000000000
969 -1622.0000000000
1003 -1621.0000000000
1017 -1620.0000000000
1021 -1619.0000000000
1041 -1617.0000000000
1073 -1616.0000000000
1096 -1615.0000000000
1102 -1612.0000000000
1124 -1611.0000000000
1145 -1609.0000000000
1164 -1607.0000000000
1195 -1605.0000000000
1205 -1604.0000000000
1220 -1603.0000000000
1239 -1601.0000000000
1268 -1600.0000000000
1287 -1598.0000000000
1305 -1596.0000000000
1331 -1595.0000000000
1361 -1594.0000000000
1364 -1593.0000000000
1385 -1590.0000000000
1400 -1589.0000000000
1428 -1588.0000000000
1452 -1586.0000000000
1477 -1585.0000000000
1483 -1584.0000000000
1499 -1583.0000000000
1501 -1582.0000000000
1512 -1581.0000000000
1528 -1579.0000000000
1562 -1577.0000000000
1581 -1576.0000000000
1613 -1575.0000000000
1636 -1574.0000000000
1656 -1573.0000000000
1663 -1570.0000000000
1699 -1569.0000000000
1705 -1567.0000000000
1723 -1565.0000000000
1732 -1564.0000000000
1748 -1563.0000000000
1761 -1562.0000000000
1777 -1560.0000000000
1821 -1557.0000000000
1863 -1555.0000000000
1890 -1554.0000000000
1907 -1553.0000000000
1922 -1552.0000000000
1926 -1550.0000000000
1960 -1549.0000000000
1971 -1548.0000000000
1986 -1547.0000000000
2003 -1545.0000000000
2049 -1543.0000000000
2063 -1542.0000000000
2086 -1540.0000000000
2110 -1539.0000000000
2121 -1535.0000000000
2130 -1532.0000000000
2166 -1529.0000000000
2191 -1527.0000000000
2220 -1526.0000000000
2222 -1525.0000000000
2245 -1524.0000000000
2262 -1522.0000000000
2278 -1521.0000000000
2286 -1520.0000000000
2302 -1517.0000000000
2327 -1515.0000000000
2344 -1512.0000000000
2382 -1508.0000000000
2405 -1507.0000000000
2427 -1505.0000000000
2461 -1504.0000000000
2494 -1503.0000000000
2509 -1501.0000000000
2516 -1499.0000000000
2529 -1498.0000000000
2538 -1497.0000000000
2543 -1496.0000000000
2548 -1495.0000000000
2571 -1494.0000000000
2589 -1493.0000000000
2600 -1491.0000000000
2609 -1487.0000000000
2645 -1486.0000000000
2668 -1485.0000000000
2681 -1483.0000000000
2707 -1482.0000000000
2728 -1481.0000000000
2745 -1480.0000000000
2767 -1479.0000000000
2772 -1478.0000000000
2781 -1477.0000000000
2792 -1476.0000000000
2807 -1474.0000000000
2830 -1472.0000000000
2849 -1471.0000000000
2871 -1470.0000000000
2884 -1468.0000000000
2902 -1465.0000000000
2949 -1464.0000000000
2968 -1463.0000000000
2974 -1462.0000000000
2990 -1461.0000000000
3015 -1460.0000000000
3034 -1458.0000000000
3047 -1456.0000000000
3061 -1453.0000000000
3113 -1452.0000000000
3121 -1450.0000000000
3161 -1449.0000000000
3163 -1448.0000000000
3165 -1446.0000000000
3201 -1445.0000000000
3227 -1444.0000000000
3244 -1443.0000000000
3270 -1442.0000000000
3289 -1439.0000000000
3306 -1436.0000000000
3322 -1435.0000000000
3329 -1434.0000000000
3384 -1433.0000000000
3407 -1432.0000000000
3420 -1431.0000000000
3442 -1430.0000000000
3469 -1426.0000000000
3503 -1425.0000000000
3505 -1424.0000000000
3510 -1423.0000000000
3540 -1421.0000000000
3556 -1420.0000000000
3565 -1416.0000000000
3601 -1415.0000000000
3605 -1414.0000000000
3621 -1413.0000000000
3628 -1412.0000000000
3649 -1409.0000000000
3664 -1406.0000000000
3686 -1405.0000000000
3706 -1403.0000000000
3726 -1401.0000000000
3755 -1400.0000000000
3782 -1398.0000000000
3793 -1397.0000000000
3805 -1396.0000000000
3821 -1395.0000000000
3843 -1394.0000000000
3844 -1393.0000000000
3865 -1392.0000000000
3883 -1390.0000000000
3900 -1389.0000000000
3920 -1388.0000000000
3925 -1385.0000000000
3948 -1384.0000000000
3971 -1383.0000000000
3975 -1382.0000000000
4000 -1380.0000000000
4007 -1378.0000000000
4036 -1376.0000000000
4043 -1375.0000000000
4066 -1372.0000000000
4081 -1371.0000000000
4104 -1370.0000000000
4122 -1369.0000000000
4139 -1368.0000000000
4165 -1366.0000000000
4172 -1365.0000000000
4185 -1364.0000000000
4186 -1363.0000000000
4222 -1361.0000000000
4241 -1360.0000000000
4263 -1358.0000000000
4304 -1355.0000000000
4322 -1354.0000000000
4350 -1353.0000000000
4369 -1352.0000000000
4381 -1351.0000000000
4392 -1349.0000000000
4421 -1348.0000000000
4427 -1346.0000000000
4442 -1345.0000000000
4469 -1344.0000000000
4485 -1343.0000000000
4490 -1342.0000000000
4529 -1340.0000000000
4541 -1339.0000000000
4567 -1338.0000000000
4581 -1336.0000000000
4606 -1335.0000000000
4623 -1334.0000000000
4662 -1333.0000000000
4682 -1332.0000000000
4685 -1330.0000000000
4698 -1328.0000000000
4728 -1327.0000000000
4729 -1326.0000000000
4746 -1325.0000000000
4756 -1324.0000000000
4783 -1322.0000000000
4799 -1321.0000000000
4802 -1319.0000000000
4826 -1318.0000000000
4860 -1314.0000000000
4879 -1313.0000000000
4887 -1312.0000000000
4901 -1310.0000000000
4921 -1309.0000000000
4922 -1306.0000000000
4943 -1305.0000000000
4962 -1304.0000000000
4987 -1303.0000000000
5009 -1302.0000000000
5032 -1301.0000000000
5044 -1299.0000000000
5055 -1298.0000000000
5063 -1297.0000000000
5076 -1296.0000000000
5088 -1294.0000000000
5105 -1292.0000000000
5133 -1291.0000000000
5145 -1290.0000000000
5156 -1288.0000000000
5183 -1287.0000000000
5221 -1286.0000000000
5242 -1285.0000000000
5267 -1284.0000000000
5274 -1283.0000000000
5307 -1280.0000000000
5332 -1278.0000000000
5368 -1277.0000000000
5382 -1275.0000000000
5391 -1274.0000000000
5402 -1273.0000000000
5405 -1272.0000000000
5442 -1270.0000000000
5457 -1269.0000000000
5481 -1268.0000000000
5484 -1267.0000000000
5501 -1266.0000000000
5524 -1265.0000000000
5540 -1264.0000000000
5551 -1262.0000000000
5563 -1261.0000000000
5582 -1260.0000000000
5589 -1259.0000000000
5626 -1258.0000000000
5636 -1257.0000000000
5642 -1255.0000000000
5661 -1254.0000000000
5691 -1251.0000000000
5724 -1248.0000000000
5743 -1247.0000000000
5769 -1246.0000000000
5790 -1245.0000000000
5798 -1244.0000000000
5800 -1243.0000000000
5813 -1242.0000000000
5833 -1241.0000000000
5851 -1239.0000000000
5886 -1238.0000000000
5914 -1236.0000000000
5929 -1235.0000000000
5957 -1232.0000000000
5970 -1230.0000000000
6002 -1229.0000000000
6004 -1228.0000000000
6061 -1226.0000000000
6081 -1225.0000000000
6091 -1224.0000000000
6104 -1223.0000000000
6120 -1222.0000000000
6156 -1221.0000000000
6158 -1220.0000000000
6161 -1219.0000000000
6186 -1218.0000000000
6202 -1217.0000000000
6232 -1216.0000000000
6242 -1215.0000000000
6246 -1214.0000000000
6253 -1213.0000000000
6273 -1211.0000000000
6282 -1209.0000000000
6328 -1208.0000000000
6334 -1205.0000000000
6342 -1204.0000000000
6364 -1202.0000000000
6397 -1201.0000000000
6406 -1200.0000000000
6438 -1196.0000000000
6482 -1195.0000000000
6484 -1194.0000000000
6517 -1192.0000000000
6528 -1191.0000000000
6542 -1188.0000000000
6564 -1186.0000000000
6597 -1184.0000000000
6623 -1181.0000000000
6658 -1180.0000000000
6669 -1179.0000000000
6671 -1175.0000000000
6720 -1174.0000000000
6741 -1173.0000000000
6748 -1172.0000000000
6776 -1171.0000000000
6790 -1170.0000000000
6811 -1169.0000000000
6829 -1168.0000000000
6838 -1167.0000000000
6863 -1166.0000000000
6889 -1165.0000000000
6892 -1163.0000000000
6906 -1162.0000000000
6926 -1161.0000000000
6946 -1159.0000000000
6964 -1158.0000000000
6989 -1157.0000000000
7003 -1155.0000000000
7035 -1154.0000000000
7061 -1153.0000000000
7063 -1152.0000000000
7094 -1151.0000000000
7098 -1150.0000000000
7130 -1148.0000000000
7167 -1147.0000000000
7195 -1144.0000000000
7209 -1143.0000000000
7242 -1142.0000000000
7267 -1141.0000000000
7290 -1139.0000000000
7310 -1138.0000000000
7332 -1136.0000000000
7346 -1134.0000000000
7409 -1133.0000000000
7431 -1132.0000000000
7451 -1131.0000000000
7464 -1130.0000000000
7477 -1129.0000000000
7484 -1128.0000000000
7487 -1127.0000000000
7490 -1126.0000000000
7526 -1125.0000000000
7550 -1123.0000000000
7587 -1122.0000000000
7613 -1121.0000000000
7628 -1120.0000000000
7646 -1119.0000000000
7651 -1118.0000000000
7684 -1117.0000000000
7703 -1116.0000000000
7724 -1114.0000000000
7736 -1113.0000000000
7765 -1112.0000000000
7791 -1111.0000000000
7795 -1109.0000000000
7824 -1108.0000000000
7849 -1107.0000000000
7866 -1105.0000000000
7913 -1104.0000000000
7944 -1102.0000000000
7978 -1101.0000000000
7983 -1100.0000000000
7999 -1099.0000000000
8024 -1098.0000000000
8044 -1097.0000000000
8072 -1095.0000000000
8089 -1094.0000000000
8106 -1093.0000000000
8128 -1090.0000000000
8150 -1089.0000000000
8182 -1088.0000000000
8214 -1086.0000000000
8261 -1085.0000000000
8286 -1084.0000000000
8312 -1083.0000000000
8351 -1080.0000000000
8365 -1077.0000000000
8391 -1075.0000000000
8428 -1074.0000000000
8455 -1072.0000000000
8502 -1071.0000000000
8521 -1070.0000000000
8525 -1069.0000000000
8548 -1068.0000000000
8565 -1067.0000000000
8571 -1066.0000000000
8581 -1065.0000000000
8628 -1063.0000000000
8663 -1062.0000000000
8672 -1061.0000000000
8682 -1060.0000000000
8714 -1059.0000000000
8770 -1058.0000000000
8781 -1055.0000000000
8840 -1054.0000000000
8847 -1053.0000000000
8867 -1052.0000000000
8877 -1050.0000000000
8898 -1049.0000000000
8918 -1048.0000000000
8921 -1046.0000000000
8948 -1044.0000000000
8965 -1043.0000000000
9003 -1042.0000000000
9036 -1041.0000000000
9045 -1039.0000000000
9072 -1038.0000000000
9090 -1037.0000000000
9104 -1036.0000000000
9107 -1034.0000000000
9141 -1033.0000000000
9157 -1030.0000000000
9193 -1029.0000000000
9202 -1028.0000000000
9224 -1026.0000000000
9251 -1025.0000000000
9262 -1024.0000000000
9284 -1023.0000000000
9291 -1021.0000000000
9334 -1019.0000000000
9341 -1018.0000000000
9381 -1017.0000000000
9391 -1016.0000000000
9393 -1015.0000000000
9414 -1013.0000000000
9443 -1011.0000000000
9461 -1010.0000000000
9512 -1009.0000000000
9526 -1008.0000000000
9542 -1007.0000000000
9553 -1006.0000000000
9584 -1005.0000000000
9618 -1003.0000000000
9646 -1002.0000000000
9652 -1001.0000000000
9666 -1000.0000000000
9684 -999.0000000000
9701 -998.0000000000
9709 -997.0000000000
9722 -996.0000000000
9741 -995.0000000000
9762 -994.0000000000
9790 -992.0000000000
9811 -991.0000000000
9855 -990.0000000000
9865 -989.0000000000
9881 -987.0000000000
9901 -986.0000000000
9905 -985.0000000000
9914 -984.0000000000
9947 -983.0000000000
9953 -982.0000000000
9968 -979.0000000000
9982 -978.0000000000
10000 -979.0000000000
