evaluations raw_y
1 -2000.0000000000
6 -1964.0000000000
7 -1962.0000000000
8 -1912.0000000000
36 -1909.0000000000
41 -1902.0000000000
48 -1895.0000000000
52 -1871.0000000000
63 -1865.0000000000
82 -1858.0000000000
102 -1857.0000000000
106 -1854.0000000000
111 -1843.0000000000
120 -1837.0000000000
127 -1818.0000000000
146 -1812.0000000000
149 -1810.0000000000
163 -1807.0000000000
188 -1802.0000000000
208 -1800.0000000000
216 -1797.0000000000
222 -1792.0000000000
225 -1786.0000000000
253 -1780.0000000000
261 -1779.0000000000
269 -1774.0000000000
285 -1773.0000000000
289 -1768.0000000000
328 -1762.0000000000
343 -1752.0000000000
366 -1751.0000000000
381 -1749.0000000000
385 -1744.0000000000
416 -1742.0000000000
442 -1741.0000000000
448 -1739.0000000000
459 -1733.0000000000
498 -1732.0000000000
526 -1730.0000000000
534 -1729.0000000000
545 -1728.0000000000
549 -1726.0000000000
582 -1725.0000000000
588 -1724.0000000000
590 -1723.0000000000
601 -1720.0000000000
629 -1719.0000000000
647 -1717.0000000000
660 -1715.0000000000
669 -1714.0000000000
684 -1713.0000000000
697 -1712.0000000000
707 -1710.0000000000
731 -1707.0000000000
745 -1706.0000000000
786 -1704.0000000000
805 -1701.0000000000
831 -1699.0000000000
834 -1698.0000000000
857 -1697.0000000000
867 -1696.0000000000
882 -1695.0000000000
889 -1694.0000000000
907 -1690.0000000000
938 -1688.0000000000
963 -1687.0000000000
973 -1686.0000000000
983 -1685.0000000000
1011 -1684.0000000000
1017 -1683.0000000000
1044 -1682.0000000000
1062 -1680.0000000000
1068 -1679.0000000000
1103 -1678.0000000000
1106 -1676.0000000000
1127 -1671.0000000000
1186 -1670.0000000000
1199 -1668.0000000000
1213 -1666.0000000000
1216 -1665.0000000000
1224 -1662.0000000000
1253 -1660.0000000000
1270 -1659.0000000000
1275 -1657.0000000000
1288 -1656.0000000000
1313 -1653.0000000000
1323 -1652.0000000000
1341 -1651.0000000000
1347 -1648.0000000000
1363 -1646.0000000000
1385 -1645.0000000000
1412 -1644.0000000000
1443 -1641.0000000000
1475 -1640.0000000000
1483 -1639.0000000000
1486 -1637.0000000000
1501 -1636.0000000000
1536 -1635.0000000000
1547 -1634.0000000000
1568 -1633.0000000000
1583 -1631.0000000000
1606 -1629.0000000000
1612 -1628.0000000000
1641 -1627.0000000000
1661 -1626.0000000000
1662 -1622.0000000000
1692 -1621.0000000000
1711 -1620.0000000000
1715 -1619.0000000000
1727 -1618.0000000000
1737 -1617.0000000000
1749 -1614.0000000000
1761 -1613.0000000000
1784 -1612.0000000000
1787 -1611.0000000000
1803 -1609.0000000000
1830 -1607.0000000000
1838 -1606.0000000000
1842 -1605.0000000000
1856 -1603.0000000000
1863 -1601.0000000000
1911 -1598.0000000000
1926 -1596.0000000000
1933 -1595.0000000000
1947 -1594.0000000000
1951 -1593.0000000000
1976 -1592.0000000000
1988 -1591.0000000000
2002 -1588.0000000000
2012 -1587.0000000000
2038 -1586.0000000000
2046 -1585.0000000000
2056 -1584.0000000000
2083 -1583.0000000000
2092 -1581.0000000000
2103 -1580.0000000000
2107 -1579.0000000000
2125 -1577.0000000000
2133 -1575.0000000000
2182 -1573.0000000000
2206 -1571.0000000000
2235 -1570.0000000000
2252 -1568.0000000000
2276 -1565.0000000000
2309 -1564.0000000000
2329 -1563.0000000000
2342 -1562.0000000000
2361 -1560.0000000000
2384 -1558.0000000000
2398 -1556.0000000000
2407 -1555.0000000000
2441 -1554.0000000000
2446 -1553.0000000000
2481 -1552.0000000000
2488 -1550.0000000000
2526 -1549.0000000000
2551 -1547.0000000000
2562 -1546.0000000000
2581 -1544.0000000000
2602 -1543.0000000000
2611 -1542.0000000000
2635 -1541.0000000000
2643 -1539.0000000000
2674 -1538.0000000000
2697 -1535.0000000000
2735 -1534.0000000000
2736 -1532.0000000000
2760 -1529.0000000000
2782 -1528.0000000000
2783 -1527.0000000000
2829 -1525.0000000000
2849 -1524.0000000000
2866 -1523.0000000000
2886 -1518.0000000000
2923 -1517.0000000000
2933 -1516.0000000000
2938 -1511.0000000000
2996 -1508.0000000000
3018 -1506.0000000000
3022 -1504.0000000000
3075 -1503.0000000000
3084 -1501.0000000000
3102 -1500.0000000000
3147 -1499.0000000000
3152 -1497.0000000000
3183 -1496.0000000000
3204 -1495.0000000000
3220 -1494.0000000000
3223 -1493.0000000000
3247 -1491.0000000000
3271 -1490.0000000000
3282 -1489.0000000000
3314 -1488.0000000000
3319 -1486.0000000000
3341 -1485.0000000000
3346 -1483.0000000000
3383 -1481.0000000000
3387 -1480.0000000000
3397 -1479.0000000000
3411 -1475.0000000000
3440 -1471.0000000000
3443 -1469.0000000000
3481 -1468.0000000000
3498 -1465.0000000000
3527 -1464.0000000000
3528 -1461.0000000000
3543 -1460.0000000000
3564 -1459.0000000000
3589 -1456.0000000000
3598 -1455.0000000000
3611 -1454.0000000000
3624 -1450.0000000000
3669 -1449.0000000000
3674 -1448.0000000000
3680 -1447.0000000000
3696 -1446.0000000000
3702 -1444.0000000000
3729 -1442.0000000000
3744 -1441.0000000000
3756 -1438.0000000000
3784 -1436.0000000000
3813 -1434.0000000000
3834 -1433.0000000000
3842 -1432.0000000000
3856 -1431.0000000000
3863 -1430.0000000000
3876 -1429.0000000000
3884 -1427.0000000000
3905 -1426.0000000000
3943 -1423.0000000000
3962 -1422.0000000000
3969 -1420.0000000000
3987 -1418.0000000000
4030 -1417.0000000000
4036 -1415.0000000000
4060 -1413.0000000000
4091 -1412.0000000000
4101 -1411.0000000000
4110 -1410.0000000000
4125 -1409.0000000000
4143 -1407.0000000000
4166 -1406.0000000000
4186 -1405.0000000000
4204 -1404.0000000000
4220 -1403.0000000000
4231 -1400.0000000000
4263 -1399.0000000000
4288 -1398.0000000000
4294 -1396.0000000000
4325 -1395.0000000000
4361 -1393.0000000000
4389 -1391.0000000000
4390 -1390.0000000000
4402 -1389.0000000000
4422 -1387.0000000000
4429 -1386.0000000000
4455 -1385.0000000000
4466 -1384.0000000000
4483 -1382.0000000000
4485 -1381.0000000000
4521 -1379.0000000000
4547 -1377.0000000000
4549 -1375.0000000000
4563 -1373.0000000000
4603 -1372.0000000000
4604 -1370.0000000000
4648 -1369.0000000000
4649 -1368.0000000000
4661 -1367.0000000000
4691 -1366.0000000000
4696 -1365.0000000000
4710 -1364.0000000000
4739 -1363.0000000000
4749 -1361.0000000000
4764 -1358.0000000000
4783 -1356.0000000000
4799 -1355.0000000000
4828 -1353.0000000000
4855 -1348.0000000000
4888 -1347.0000000000
4913 -1343.0000000000
4968 -1342.0000000000
4982 -1339.0000000000
5009 -1338.0000000000
5045 -1337.0000000000
5056 -1336.0000000000
5067 -1332.0000000000
5101 -1329.0000000000
5151 -1328.0000000000
5165 -1327.0000000000
5167 -1326.0000000000
5186 -1325.0000000000
5201 -1324.0000000000
5207 -1323.0000000000
5224 -1321.0000000000
5265 -1319.0000000000
5295 -1317.0000000000
5322 -1316.0000000000
5345 -1314.0000000000
5368 -1310.0000000000
5389 -1308.0000000000
5405 -1305.0000000000
5423 -1303.0000000000
5475 -1302.0000000000
5486 -1301.0000000000
5501 -1299.0000000000
5539 -1298.0000000000
5540 -1297.0000000000
5553 -1296.0000000000
5562 -1294.0000000000
5595 -1292.0000000000
5614 -1290.0000000000
5632 -1289.0000000000
5666 -1288.0000000000
5680 -1286.0000000000
5706 -1285.0000000000
5717 -1281.0000000000
5746 -1280.0000000000
5747 -1275.0000000000
5795 -1274.0000000000
5801 -1273.0000000000
5808 -1272.0000000000
5828 -1271.0000000000
5840 -1268.0000000000
5878 -1267.0000000000
5890 -1266.0000000000
5919 -1265.0000000000
5921 -1264.0000000000
5928 -1263.0000000000
5944 -1261.0000000000
5991 -1260.0000000000
6001 -1259.0000000000
6021 -1258.0000000000
6044 -1257.0000000000
6078 -1256.0000000000
6079 -1255.0000000000
6090 -1252.0000000000
6139 -1251.0000000000
6146 -1250.0000000000
6171 -1249.0000000000
6181 -1248.0000000000
6187 -1246.0000000000
6193 -1245.0000000000
6230 -1244.0000000000
6245 -1243.0000000000
6249 -1242.0000000000
6267 -1241.0000000000
6290 -1239.0000000000
6332 -1236.0000000000
6347 -1235.0000000000
6358 -1234.0000000000
6394 -1231.0000000000
6402 -1230.0000000000
6422 -1229.0000000000
6452 -1228.0000000000
6467 -1226.0000000000
6484 -1225.0000000000
6503 -1223.0000000000
6521 -1222.0000000000
6547 -1221.0000000000
6567 -1219.0000000000
6583 -1217.0000000000
6626 -1215.0000000000
6637 -1214.0000000000
6644 -1213.0000000000
6661 -1212.0000000000
6672 -1211.0000000000
6695 -1210.0000000000
6704 -1208.0000000000
6736 -1206.0000000000
6764 -1204.0000000000
6778 -1203.0000000000
6787 -1202.0000000000
6799 -1201.0000000000
6805 -1200.0000000000
6822 -1198.0000000000
6860 -1197.0000000000
6881 -1196.0000000000
6892 -1195.0000000000
6907 -1194.0000000000
6933 -1193.0000000000
6955 -1191.0000000000
6976 -1189.0000000000
6981 -1188.0000000000
7001 -1185.0000000000
7043 -1184.0000000000
7047 -1183.0000000000
7061 -1181.0000000000
7104 -1180.0000000000
7109 -1178.0000000000
7148 -1176.0000000000
7200 -1175.0000000000
7206 -1174.0000000000
7223 -1173.0000000000
7238 -1172.0000000000
7256 -1170.0000000000
7262 -1169.0000000000
7292 -1168.0000000000
7307 -1167.0000000000
7319 -1166.0000000000
7341 -1162.0000000000
7371 -1160.0000000000
7420 -1159.0000000000
7421 -1158.0000000000
7455 -1157.0000000000
7492 -1156.0000000000
7502 -1155.0000000000
7509 -1153.0000000000
7531 -1151.0000000000
7545 -1150.0000000000
7568 -1149.0000000000
7585 -1147.0000000000
7604 -1146.0000000000
7643 -1144.0000000000
7692 -1141.0000000000
7706 -1139.0000000000
7768 -1138.0000000000
7803 -1136.0000000000
7804 -1135.0000000000
7862 -1134.0000000000
7895 -1132.0000000000
7912 -1130.0000000000
7931 -1129.0000000000
7956 -1128.0000000000
7983 -1127.0000000000
8002 -1126.0000000000
8021 -1125.0000000000
8039 -1124.0000000000
8046 -1122.0000000000
8061 -1121.0000000000
8102 -1120.0000000000
8141 -1119.0000000000
8148 -1117.0000000000
8155 -1116.0000000000
8203 -1115.0000000000
8210 -1114.0000000000
8224 -1113.0000000000
8227 -1112.0000000000
8266 -1111.0000000000
8284 -1110.0000000000
8305 -1108.0000000000
8321 -1107.0000000000
8332 -1105.0000000000
8366 -1104.0000000000
8405 -1103.0000000000
8411 -1101.0000000000
8412 -1100.0000000000
8447 -1098.0000000000
8465 -1095.0000000000
8487 -1094.0000000000
8505 -1093.0000000000
8519 -1092.0000000000
8537 -1090.0000000000
8570 -1089.0000000000
8581 -1088.0000000000
8604 -1087.0000000000
8628 -1086.0000000000
8650 -1085.0000000000
8668 -1084.0000000000
8710 -1082.0000000000
8742 -1081.0000000000
8744 -1078.0000000000
8805 -1077.0000000000
8807 -1076.0000000000
8841 -1075.0000000000
8842 -1074.0000000000
8862 -1073.0000000000
8883 -1068.0000000000
8902 -1066.0000000000
8941 -1065.0000000000
8950 -1064.0000000000
8958 -1063.0000000000
8982 -1062.0000000000
9002 -1061.0000000000
9019 -1060.0000000000
9041 -1059.0000000000
9075 -1057.0000000000
9087 -1056.0000000000
9091 -1053.0000000000
9103 -1052.0000000000
9144 -1050.0000000000
9175 -1048.0000000000
9212 -1046.0000000000
9224 -1044.0000000000
9277 -1043.0000000000
9288 -1042.0000000000
9308 -1041.0000000000
9318 -1040.0000000000
9324 -1039.0000000000
9383 -1038.0000000000
9404 -1037.0000000000
9425 -1036.0000000000
9450 -1035.0000000000
9473 -1033.0000000000
9493 -1030.0000000000
9503 -1029.0000000000
9543 -1027.0000000000
9586 -1025.0000000000
9611 -1024.0000000000
9629 -1022.0000000000
9673 -1021.0000000000
9685 -1018.0000000000
9721 -1016.0000000000
9772 -1015.0000000000
9779 -1014.0000000000
9831 -1012.0000000000
9869 -1011.0000000000
9886 -1010.0000000000
9910 -1009.0000000000
9918 -1008.0000000000
9923 -1007.0000000000
9928 -1006.0000000000
9942 -1005.0000000000
9985 -1004.0000000000
9996 -1002.0000000000
10000 -1006.0000000000
