evaluations raw_y
1 -361.0000000000
6 -359.0000000000
8 -358.0000000000
15 -357.0000000000
21 -355.0000000000
22 -353.0000000000
28 -352.0000000000
41 -351.0000000000
48 -350.0000000000
50 -349.0000000000
57 -348.0000000000
58 -346.0000000000
68 -345.0000000000
69 -344.0000000000
70 -343.0000000000
77 -342.0000000000
82 -340.0000000000
86 -339.0000000000
98 -338.0000000000
102 -336.0000000000
107 -335.0000000000
111 -334.0000000000
112 -333.0000000000
116 -331.0000000000
117 -330.0000000000
118 -329.0000000000
126 -328.0000000000
129 -327.0000000000
130 -326.0000000000
132 -324.0000000000
135 -323.0000000000
136 -322.0000000000
140 -321.0000000000
143 -320.0000000000
146 -319.0000000000
153 -318.0000000000
156 -317.0000000000
160 -316.0000000000
161 -315.0000000000
163 -314.0000000000
177 -313.0000000000
180 -312.0000000000
192 -311.0000000000
199 -309.0000000000
200 -308.0000000000
207 -307.0000000000
219 -306.0000000000
223 -305.0000000000
231 -304.0000000000
246 -303.0000000000
263 -302.0000000000
267 -301.0000000000
272 -300.0000000000
273 -298.0000000000
275 -297.0000000000
279 -296.0000000000
284 -294.0000000000
288 -293.0000000000
293 -292.0000000000
294 -291.0000000000
295 -289.0000000000
302 -288.0000000000
309 -287.0000000000
315 -286.0000000000
317 -284.0000000000
326 -283.0000000000
329 -282.0000000000
334 -281.0000000000
335 -280.0000000000
343 -279.0000000000
346 -278.0000000000
352 -277.0000000000
359 -276.0000000000
363 -274.0000000000
364 -272.0000000000
371 -271.0000000000
374 -270.0000000000
376 -269.0000000000
380 -268.0000000000
387 -267.0000000000
389 -266.0000000000
393 -264.0000000000
395 -263.0000000000
413 -262.0000000000
419 -261.0000000000
421 -260.0000000000
428 -258.0000000000
434 -257.0000000000
440 -256.0000000000
441 -254.0000000000
448 -253.0000000000
449 -251.0000000000
459 -250.0000000000
478 -249.0000000000
486 -248.0000000000
498 -247.0000000000
512 -246.0000000000
527 -245.0000000000
529 -244.0000000000
531 -243.0000000000
538 -242.0000000000
539 -241.0000000000
549 -238.0000000000
550 -237.0000000000
552 -236.0000000000
555 -235.0000000000
556 -234.0000000000
558 -233.0000000000
559 -232.0000000000
572 -231.0000000000
573 -230.0000000000
574 -229.0000000000
576 -228.0000000000
592 -227.0000000000
598 -226.0000000000
604 -225.0000000000
605 -224.0000000000
609 -223.0000000000
610 -222.0000000000
613 -221.0000000000
621 -220.0000000000
623 -219.0000000000
627 -218.0000000000
631 -216.0000000000
632 -215.0000000000
633 -214.0000000000
637 -212.0000000000
643 -210.0000000000
653 -209.0000000000
656 -208.0000000000
657 -207.0000000000
661 -206.0000000000
663 -205.0000000000
667 -203.0000000000
668 -202.0000000000
669 -200.0000000000
683 -199.0000000000
686 -198.0000000000
689 -197.0000000000
716 -196.0000000000
723 -195.0000000000
724 -194.0000000000
738 -192.0000000000
744 -191.0000000000
754 -190.0000000000
761 -189.0000000000
768 -188.0000000000
777 -186.0000000000
789 -185.0000000000
794 -184.0000000000
798 -183.0000000000
803 -182.0000000000
806 -181.0000000000
810 -180.0000000000
820 -179.0000000000
827 -178.0000000000
841 -177.0000000000
850 -176.0000000000
866 -175.0000000000
881 -174.0000000000
894 -173.0000000000
901 -172.0000000000
904 -170.0000000000
918 -169.0000000000
920 -168.0000000000
933 -166.0000000000
937 -165.0000000000
939 -163.0000000000
942 -162.0000000000
950 -161.0000000000
957 -160.0000000000
963 -159.0000000000
965 -158.0000000000
976 -157.0000000000
981 -156.0000000000
997 -155.0000000000
1016 -154.0000000000
1018 -153.0000000000
1021 -152.0000000000
1048 -151.0000000000
1057 -150.0000000000
1058 -149.0000000000
1117 -147.0000000000
1120 -146.0000000000
1135 -145.0000000000
1145 -144.0000000000
1150 -143.0000000000
1154 -142.0000000000
1183 -141.0000000000
1189 -140.0000000000
1204 -138.0000000000
1221 -137.0000000000
1226 -136.0000000000
1228 -135.0000000000
1229 -134.0000000000
1234 -133.0000000000
1244 -132.0000000000
1245 -131.0000000000
1252 -130.0000000000
1260 -129.0000000000
1261 -128.0000000000
1268 -127.0000000000
1314 -126.0000000000
1316 -125.0000000000
1321 -123.0000000000
1326 -122.0000000000
1377 -121.0000000000
1391 -120.0000000000
1397 -119.0000000000
1398 -118.0000000000
1401 -117.0000000000
1414 -116.0000000000
1417 -115.0000000000
1425 -114.0000000000
1468 -113.0000000000
1472 -112.0000000000
1473 -111.0000000000
1479 -110.0000000000
1485 -109.0000000000
1489 -108.0000000000
1520 -107.0000000000
1521 -106.0000000000
1539 -105.0000000000
1542 -104.0000000000
1548 -103.0000000000
1558 -102.0000000000
1561 -101.0000000000
1608 -100.0000000000
1619 -99.0000000000
1661 -98.0000000000
1686 -97.0000000000
1687 -96.0000000000
1715 -95.0000000000
1717 -94.0000000000
1749 -93.0000000000
1795 -92.0000000000
1796 -91.0000000000
1824 -90.0000000000
1830 -89.0000000000
1852 -88.0000000000
1872 -87.0000000000
1898 -86.0000000000
1935 -85.0000000000
1971 -84.0000000000
2008 -83.0000000000
2023 -82.0000000000
2035 -81.0000000000
2055 -80.0000000000
2065 -79.0000000000
2073 -78.0000000000
2101 -75.0000000000
2134 -74.0000000000
2155 -73.0000000000
2162 -72.0000000000
2176 -71.0000000000
2181 -70.0000000000
2231 -69.0000000000
2238 -68.0000000000
2240 -67.0000000000
2279 -66.0000000000
2294 -63.0000000000
2374 -62.0000000000
2377 -61.0000000000
2408 -60.0000000000
2420 -59.0000000000
2442 -58.0000000000
2450 -57.0000000000
2485 -56.0000000000
2492 -55.0000000000
2512 -54.0000000000
2580 -53.0000000000
2756 -52.0000000000
2758 -51.0000000000
2760 -50.0000000000
2776 -49.0000000000
2777 -47.0000000000
2831 -46.0000000000
2964 -45.0000000000
2990 -44.0000000000
3064 -43.0000000000
3103 -42.0000000000
3295 -41.0000000000
3332 -40.0000000000
3532 -39.0000000000
3650 -38.0000000000
3681 -37.0000000000
3685 -36.0000000000
3700 -35.0000000000
3708 -34.0000000000
3721 -33.0000000000
3855 -32.0000000000
3955 -31.0000000000
3994 -30.0000000000
4126 -29.0000000000
4220 -28.0000000000
4254 -27.0000000000
4261 -26.0000000000
4356 -25.0000000000
4374 -24.0000000000
4467 -23.0000000000
4550 -22.0000000000
4718 -21.0000000000
4719 -20.0000000000
4735 -19.0000000000
4926 -18.0000000000
4939 -17.0000000000
5030 -16.0000000000
5051 -15.0000000000
5248 -14.0000000000
5254 -13.0000000000
5287 -12.0000000000
5368 -11.0000000000
5534 -10.0000000000
5589 -9.0000000000
5805 -8.0000000000
6088 -7.0000000000
6294 -6.0000000000
6396 -5.0000000000
6527 -4.0000000000
6593 -3.0000000000
6680 -2.0000000000
6682 -1.0000000000
6716 580.0000000000
6879 583.0000000000
6893 603.0000000000
7291 618.0000000000
7531 621.0000000000
7538 631.0000000000
7626 632.0000000000
7633 634.0000000000
7653 635.0000000000
7789 636.0000000000
7827 638.0000000000
10000 -1.0000000000
