evaluations raw_y
1 -298.0000000000
3 -297.0000000000
5 -296.0000000000
15 -295.0000000000
22 -294.0000000000
55 -293.0000000000
73 -292.0000000000
75 -291.0000000000
121 -290.0000000000
489 -289.0000000000
2137 -287.0000000000
3837 -285.0000000000
6418 -283.0000000000
10000 -297.0000000000
evaluations raw_y
1 -278.0000000000
57 -277.0000000000
186 -276.0000000000
619 -275.0000000000
747 -274.0000000000
2111 -273.0000000000
2367 -272.0000000000
7520 -271.0000000000
9757 -267.0000000000
10000 -277.0000000000
evaluations raw_y
1 -290.0000000000
2 -289.0000000000
7 -288.0000000000
8 -286.0000000000
98 -284.0000000000
121 -283.0000000000
513 -282.0000000000
1187 -281.0000000000
2168 -278.0000000000
10000 -290.0000000000
evaluations raw_y
1 -271.0000000000
5 -270.0000000000
10 -269.0000000000
37 -268.0000000000
56 -267.0000000000
71 -266.0000000000
689 -265.0000000000
1074 -264.0000000000
1247 -263.0000000000
1367 -262.0000000000
6902 -261.0000000000
10000 -265.0000000000
evaluations raw_y
1 -297.0000000000
3 -296.0000000000
7 -295.0000000000
12 -294.0000000000
43 -292.0000000000
55 -291.0000000000
83 -290.0000000000
263 -288.0000000000
482 -287.0000000000
615 -285.0000000000
626 -283.0000000000
1787 -282.0000000000
10000 -298.0000000000
evaluations raw_y
1 -297.0000000000
2 -296.0000000000
3 -295.0000000000
14 -294.0000000000
16 -293.0000000000
74 -292.0000000000
186 -291.0000000000
307 -290.0000000000
463 -289.0000000000
1134 -288.0000000000
1314 -287.0000000000
2423 -286.0000000000
2867 -285.0000000000
10000 -289.0000000000
evaluations raw_y
1 -283.0000000000
2 -282.0000000000
4 -281.0000000000
17 -279.0000000000
150 -278.0000000000
393 -277.0000000000
763 -276.0000000000
1168 -274.0000000000
7630 -273.0000000000
10000 -282.0000000000
evaluations raw_y
1 -288.0000000000
8 -287.0000000000
33 -286.0000000000
99 -285.0000000000
114 -284.0000000000
187 -283.0000000000
228 -282.0000000000
412 -281.0000000000
2303 -279.0000000000
6222 -275.0000000000
10000 -288.0000000000
evaluations raw_y
1 -290.0000000000
11 -289.0000000000
15 -288.0000000000
18 -287.0000000000
24 -286.0000000000
32 -285.0000000000
40 -284.0000000000
142 -283.0000000000
161 -282.0000000000
332 -280.0000000000
4297 -279.0000000000
10000 -290.0000000000
evaluations raw_y
1 -279.0000000000
2 -278.0000000000
15 -277.0000000000
55 -276.0000000000
97 -275.0000000000
137 -274.0000000000
275 -273.0000000000
414 -272.0000000000
1564 -271.0000000000
4388 -270.0000000000
6463 -269.0000000000
10000 -276.0000000000
evaluations raw_y
1 -278.0000000000
14 -277.0000000000
41 -276.0000000000
115 -275.0000000000
154 -274.0000000000
388 -273.0000000000
2271 -272.0000000000
3181 -271.0000000000
10000 -282.0000000000
evaluations raw_y
1 -295.0000000000
9 -294.0000000000
41 -293.0000000000
118 -292.0000000000
456 -290.0000000000
982 -289.0000000000
1684 -288.0000000000
4796 -286.0000000000
6627 -285.0000000000
10000 -296.0000000000
evaluations raw_y
1 -280.0000000000
9 -279.0000000000
27 -278.0000000000
117 -277.0000000000
434 -276.0000000000
1334 -275.0000000000
2393 -274.0000000000
2983 -273.0000000000
4735 -272.0000000000
9234 -271.0000000000
10000 -281.0000000000
evaluations raw_y
1 -277.0000000000
4 -274.0000000000
13 -273.0000000000
167 -271.0000000000
382 -270.0000000000
510 -268.0000000000
2798 -267.0000000000
4297 -266.0000000000
10000 -277.0000000000
evaluations raw_y
1 -297.0000000000
3 -296.0000000000
4 -295.0000000000
10 -294.0000000000
13 -291.0000000000
188 -288.0000000000
816 -287.0000000000
2742 -286.0000000000
7624 -285.0000000000
10000 -296.0000000000
evaluations raw_y
1 -306.0000000000
6 -305.0000000000
13 -304.0000000000
16 -303.0000000000
63 -301.0000000000
304 -299.0000000000
1191 -296.0000000000
1234 -295.0000000000
5830 -294.0000000000
10000 -308.0000000000
evaluations raw_y
1 -297.0000000000
2 -296.0000000000
9 -294.0000000000
55 -292.0000000000
235 -291.0000000000
481 -290.0000000000
616 -289.0000000000
1033 -288.0000000000
1218 -287.0000000000
2521 -286.0000000000
4429 -284.0000000000
10000 -300.0000000000
evaluations raw_y
1 -290.0000000000
3 -289.0000000000
4 -288.0000000000
11 -287.0000000000
38 -286.0000000000
69 -285.0000000000
105 -283.0000000000
224 -282.0000000000
258 -281.0000000000
7864 -278.0000000000
10000 -293.0000000000
evaluations raw_y
1 -278.0000000000
4 -277.0000000000
5 -274.0000000000
116 -273.0000000000
139 -272.0000000000
611 -271.0000000000
803 -270.0000000000
2756 -269.0000000000
10000 -278.0000000000
evaluations raw_y
1 -302.0000000000
15 -300.0000000000
48 -298.0000000000
53 -296.0000000000
70 -294.0000000000
112 -293.0000000000
198 -292.0000000000
661 -291.0000000000
2848 -290.0000000000
10000 -303.0000000000
evaluations raw_y
1 -284.0000000000
4 -283.0000000000
54 -282.0000000000
93 -281.0000000000
186 -280.0000000000
787 -279.0000000000
1481 -278.0000000000
1726 -277.0000000000
4355 -276.0000000000
6722 -275.0000000000
10000 -288.0000000000
evaluations raw_y
1 -291.0000000000
3 -290.0000000000
11 -289.0000000000
37 -288.0000000000
41 -287.0000000000
77 -286.0000000000
82 -285.0000000000
533 -284.0000000000
895 -283.0000000000
1348 -282.0000000000
1547 -281.0000000000
9393 -280.0000000000
10000 -293.0000000000
evaluations raw_y
1 -302.0000000000
3 -301.0000000000
6 -300.0000000000
86 -299.0000000000
135 -298.0000000000
291 -297.0000000000
710 -296.0000000000
1083 -294.0000000000
1138 -293.0000000000
2585 -292.0000000000
3250 -291.0000000000
6537 -289.0000000000
10000 -302.0000000000
evaluations raw_y
1 -295.0000000000
3 -294.0000000000
9 -293.0000000000
16 -291.0000000000
100 -289.0000000000
184 -287.0000000000
324 -286.0000000000
380 -282.0000000000
5742 -281.0000000000
6299 -280.0000000000
10000 -298.0000000000
evaluations raw_y
1 -292.0000000000
6 -291.0000000000
10 -290.0000000000
17 -289.0000000000
41 -287.0000000000
69 -285.0000000000
891 -284.0000000000
1136 -283.0000000000
4574 -282.0000000000
6515 -281.0000000000
8865 -280.0000000000
10000 -289.0000000000
evaluations raw_y
1 -272.0000000000
3 -271.0000000000
10 -269.0000000000
17 -267.0000000000
48 -266.0000000000
82 -265.0000000000
280 -264.0000000000
1085 -263.0000000000
1097 -262.0000000000
4604 -261.0000000000
6054 -260.0000000000
10000 -273.0000000000
evaluations raw_y
1 -267.0000000000
8 -266.0000000000
9 -265.0000000000
38 -264.0000000000
200 -262.0000000000
1471 -261.0000000000
2361 -259.0000000000
8606 -258.0000000000
10000 -273.0000000000
evaluations raw_y
1 -285.0000000000
5 -284.0000000000
7 -283.0000000000
36 -282.0000000000
147 -280.0000000000
308 -279.0000000000
522 -278.0000000000
1077 -277.0000000000
4019 -276.0000000000
6422 -274.0000000000
10000 -286.0000000000
evaluations raw_y
1 -268.0000000000
2 -267.0000000000
6 -266.0000000000
23 -264.0000000000
206 -262.0000000000
1408 -261.0000000000
2319 -260.0000000000
5105 -259.0000000000
10000 -266.0000000000
evaluations raw_y
1 -283.0000000000
2 -281.0000000000
12 -280.0000000000
22 -279.0000000000
55 -277.0000000000
83 -276.0000000000
205 -275.0000000000
588 -274.0000000000
1203 -273.0000000000
1961 -272.0000000000
9109 -271.0000000000
10000 -281.0000000000
