evaluations raw_y
1 0.0000000000
52 1.0000000000
131 2.0000000000
405 3.0000000000
411 4.0000000000
520 5.0000000000
534 6.0000000000
781 7.0000000000
812 8.0000000000
820 9.0000000000
1462 10.0000000000
1507 11.0000000000
1547 12.0000000000
1559 13.0000000000
1673 14.0000000000
1863 15.0000000000
1947 16.0000000000
2358 17.0000000000
2370 18.0000000000
2379 19.0000000000
2467 20.0000000000
2475 22.0000000000
2511 23.0000000000
2532 24.0000000000
2533 25.0000000000
2610 26.0000000000
2765 27.0000000000
2852 28.0000000000
2920 29.0000000000
3105 30.0000000000
3148 31.0000000000
3446 33.0000000000
3532 34.0000000000
3616 35.0000000000
3674 36.0000000000
3700 37.0000000000
3760 38.0000000000
3905 39.0000000000
4042 41.0000000000
4219 42.0000000000
4486 43.0000000000
4815 44.0000000000
5102 45.0000000000
5267 46.0000000000
5312 47.0000000000
5422 48.0000000000
5438 50.0000000000
5532 51.0000000000
5688 52.0000000000
5905 53.0000000000
5957 54.0000000000
6161 55.0000000000
6486 57.0000000000
6829 58.0000000000
7116 60.0000000000
7156 63.0000000000
7879 64.0000000000
7954 65.0000000000
8464 66.0000000000
8693 68.0000000000
9079 69.0000000000
9221 71.0000000000
9280 72.0000000000
9392 73.0000000000
9449 74.0000000000
9638 75.0000000000
9778 76.0000000000
9860 77.0000000000
10039 78.0000000000
10585 80.0000000000
10956 81.0000000000
11042 82.0000000000
11128 83.0000000000
11287 84.0000000000
11290 85.0000000000
11710 86.0000000000
11960 87.0000000000
12443 88.0000000000
12522 90.0000000000
13022 93.0000000000
13589 95.0000000000
14250 97.0000000000
14536 98.0000000000
15046 100.0000000000
evaluations raw_y
1 0.0000000000
222 1.0000000000
264 2.0000000000
332 3.0000000000
574 4.0000000000
765 5.0000000000
784 6.0000000000
980 7.0000000000
986 8.0000000000
1027 9.0000000000
1309 10.0000000000
1343 11.0000000000
1367 12.0000000000
1886 13.0000000000
1982 14.0000000000
2163 15.0000000000
2236 16.0000000000
2340 17.0000000000
2398 18.0000000000
2421 19.0000000000
2520 22.0000000000
2525 23.0000000000
3045 24.0000000000
3166 25.0000000000
3220 26.0000000000
3250 27.0000000000
3437 28.0000000000
3592 29.0000000000
3864 30.0000000000
4582 31.0000000000
5017 32.0000000000
5428 33.0000000000
5509 34.0000000000
5571 35.0000000000
5731 37.0000000000
5749 38.0000000000
5814 39.0000000000
6099 40.0000000000
6105 42.0000000000
6137 44.0000000000
6252 46.0000000000
6605 47.0000000000
6923 48.0000000000
7026 49.0000000000
7128 51.0000000000
7175 52.0000000000
7207 53.0000000000
7806 54.0000000000
8219 56.0000000000
8426 58.0000000000
8616 59.0000000000
8631 60.0000000000
8703 61.0000000000
8911 62.0000000000
8923 63.0000000000
9386 64.0000000000
9547 66.0000000000
9563 67.0000000000
9735 68.0000000000
9793 69.0000000000
10377 70.0000000000
10512 72.0000000000
11042 73.0000000000
11091 74.0000000000
11155 75.0000000000
11468 76.0000000000
12081 77.0000000000
12560 78.0000000000
12661 79.0000000000
12867 80.0000000000
13516 81.0000000000
13927 83.0000000000
14556 84.0000000000
14574 86.0000000000
15134 88.0000000000
15416 89.0000000000
15424 90.0000000000
16146 93.0000000000
16272 100.0000000000
evaluations raw_y
1 0.0000000000
57 1.0000000000
167 2.0000000000
212 3.0000000000
215 4.0000000000
362 5.0000000000
555 6.0000000000
562 7.0000000000
575 8.0000000000
756 9.0000000000
829 10.0000000000
924 12.0000000000
1103 13.0000000000
1342 15.0000000000
1363 16.0000000000
1434 17.0000000000
1610 19.0000000000
1740 20.0000000000
1808 22.0000000000
1989 23.0000000000
2091 24.0000000000
2438 25.0000000000
2447 26.0000000000
2476 27.0000000000
2621 28.0000000000
2719 29.0000000000
2952 30.0000000000
3016 31.0000000000
3051 34.0000000000
3242 35.0000000000
3272 36.0000000000
3355 38.0000000000
3421 39.0000000000
3516 40.0000000000
3757 43.0000000000
3932 44.0000000000
4107 45.0000000000
4117 46.0000000000
4133 48.0000000000
4207 51.0000000000
4284 52.0000000000
4441 53.0000000000
4534 54.0000000000
4853 55.0000000000
4946 56.0000000000
5046 57.0000000000
5156 58.0000000000
5294 59.0000000000
5301 60.0000000000
5537 61.0000000000
5672 62.0000000000
5850 63.0000000000
6152 64.0000000000
6410 66.0000000000
6593 67.0000000000
6713 68.0000000000
6998 69.0000000000
7218 70.0000000000
7343 71.0000000000
7541 73.0000000000
7824 74.0000000000
7863 76.0000000000
7916 77.0000000000
8301 79.0000000000
8417 80.0000000000
8513 84.0000000000
8894 85.0000000000
9244 86.0000000000
9277 87.0000000000
9572 88.0000000000
9631 89.0000000000
10051 90.0000000000
10275 91.0000000000
10515 92.0000000000
10964 94.0000000000
11128 96.0000000000
11220 99.0000000000
11371 100.0000000000
evaluations raw_y
1 1.0000000000
23 2.0000000000
63 4.0000000000
149 5.0000000000
172 6.0000000000
363 7.0000000000
482 8.0000000000
702 9.0000000000
870 10.0000000000
943 11.0000000000
1058 12.0000000000
1115 13.0000000000
1146 14.0000000000
1218 15.0000000000
1347 16.0000000000
1376 17.0000000000
1382 18.0000000000
1650 19.0000000000
1727 20.0000000000
1886 21.0000000000
2168 23.0000000000
2275 24.0000000000
2456 25.0000000000
2502 26.0000000000
2606 27.0000000000
2968 29.0000000000
3031 30.0000000000
3076 31.0000000000
3347 33.0000000000
3400 37.0000000000
3642 38.0000000000
3687 39.0000000000
3700 40.0000000000
4051 41.0000000000
4143 42.0000000000
4361 43.0000000000
4577 44.0000000000
4612 45.0000000000
4793 46.0000000000
5203 48.0000000000
5259 51.0000000000
5296 52.0000000000
5599 53.0000000000
5603 54.0000000000
5998 55.0000000000
6285 56.0000000000
6420 57.0000000000
6535 58.0000000000
6867 59.0000000000
7202 61.0000000000
7366 62.0000000000
7798 65.0000000000
8196 67.0000000000
8359 68.0000000000
8388 70.0000000000
8584 71.0000000000
8939 73.0000000000
9018 74.0000000000
9165 75.0000000000
9218 76.0000000000
9517 82.0000000000
9550 83.0000000000
9559 84.0000000000
9896 85.0000000000
10045 87.0000000000
10175 88.0000000000
10469 90.0000000000
10966 91.0000000000
11183 93.0000000000
11329 96.0000000000
11532 99.0000000000
11774 100.0000000000
evaluations raw_y
1 0.0000000000
116 1.0000000000
285 2.0000000000
338 3.0000000000
724 4.0000000000
806 5.0000000000
870 6.0000000000
930 8.0000000000
940 9.0000000000
961 10.0000000000
982 11.0000000000
1210 12.0000000000
1242 13.0000000000
1248 14.0000000000
1504 16.0000000000
1511 17.0000000000
1595 18.0000000000
1800 19.0000000000
1848 20.0000000000
1869 23.0000000000
2065 24.0000000000
2183 25.0000000000
2398 26.0000000000
2624 27.0000000000
2701 28.0000000000
2966 30.0000000000
3207 31.0000000000
3445 32.0000000000
3613 33.0000000000
4038 35.0000000000
4973 36.0000000000
5420 37.0000000000
5494 38.0000000000
5511 39.0000000000
5703 40.0000000000
5734 41.0000000000
6071 44.0000000000
6377 45.0000000000
6492 46.0000000000
6632 47.0000000000
7049 49.0000000000
7275 50.0000000000
7467 51.0000000000
7501 52.0000000000
8005 53.0000000000
8267 54.0000000000
8437 55.0000000000
9138 58.0000000000
9149 60.0000000000
9273 62.0000000000
9357 63.0000000000
9439 64.0000000000
9773 65.0000000000
10667 66.0000000000
10858 67.0000000000
10872 68.0000000000
12089 70.0000000000
12280 72.0000000000
12528 75.0000000000
12549 77.0000000000
12694 79.0000000000
13001 81.0000000000
13123 82.0000000000
13234 83.0000000000
13479 85.0000000000
13817 86.0000000000
13947 89.0000000000
14079 92.0000000000
14104 93.0000000000
14534 95.0000000000
15148 97.0000000000
15188 98.0000000000
15264 99.0000000000
15404 100.0000000000
evaluations raw_y
1 0.0000000000
76 1.0000000000
273 2.0000000000
289 3.0000000000
434 4.0000000000
594 5.0000000000
656 6.0000000000
658 7.0000000000
846 8.0000000000
891 9.0000000000
902 10.0000000000
1032 11.0000000000
1116 12.0000000000
1301 13.0000000000
1487 14.0000000000
1540 15.0000000000
1578 16.0000000000
1900 17.0000000000
1970 18.0000000000
2094 20.0000000000
2146 22.0000000000
2163 23.0000000000
2190 24.0000000000
2257 26.0000000000
2288 27.0000000000
2293 28.0000000000
2550 29.0000000000
2564 30.0000000000
2635 32.0000000000
2671 33.0000000000
2748 34.0000000000
2800 35.0000000000
2887 37.0000000000
3054 39.0000000000
3146 40.0000000000
3285 41.0000000000
3457 42.0000000000
3543 43.0000000000
3751 44.0000000000
3981 45.0000000000
4096 48.0000000000
4201 50.0000000000
4382 51.0000000000
4726 52.0000000000
4779 54.0000000000
4797 56.0000000000
5021 57.0000000000
5253 58.0000000000
5369 60.0000000000
5370 61.0000000000
5409 62.0000000000
5418 63.0000000000
5564 64.0000000000
5890 66.0000000000
6039 67.0000000000
6143 69.0000000000
6476 71.0000000000
6613 73.0000000000
6713 75.0000000000
6997 76.0000000000
7007 77.0000000000
7039 79.0000000000
7263 82.0000000000
7332 83.0000000000
7338 84.0000000000
7472 88.0000000000
8355 89.0000000000
8419 90.0000000000
8995 92.0000000000
9042 93.0000000000
9597 94.0000000000
9838 95.0000000000
10060 98.0000000000
10073 99.0000000000
10408 100.0000000000
evaluations raw_y
1 0.0000000000
99 1.0000000000
178 2.0000000000
191 3.0000000000
246 4.0000000000
570 6.0000000000
633 7.0000000000
703 8.0000000000
722 9.0000000000
767 10.0000000000
973 11.0000000000
1001 12.0000000000
1199 13.0000000000
1460 14.0000000000
1514 15.0000000000
1551 16.0000000000
1596 18.0000000000
1643 19.0000000000
1883 21.0000000000
2072 22.0000000000
2082 23.0000000000
2128 24.0000000000
2217 26.0000000000
2437 27.0000000000
2486 28.0000000000
2499 29.0000000000
2682 31.0000000000
2699 32.0000000000
2717 33.0000000000
2990 34.0000000000
2997 35.0000000000
3040 38.0000000000
3175 40.0000000000
3257 42.0000000000
3354 43.0000000000
3614 45.0000000000
3697 48.0000000000
3727 50.0000000000
3810 51.0000000000
4157 52.0000000000
4199 53.0000000000
4383 54.0000000000
4462 55.0000000000
4706 56.0000000000
4972 57.0000000000
5464 58.0000000000
5589 59.0000000000
5974 60.0000000000
6142 61.0000000000
6604 63.0000000000
6620 64.0000000000
6624 66.0000000000
6760 68.0000000000
6980 69.0000000000
7146 70.0000000000
7210 71.0000000000
7243 72.0000000000
7407 73.0000000000
7495 76.0000000000
7669 78.0000000000
7955 79.0000000000
8458 80.0000000000
8693 81.0000000000
9384 82.0000000000
9584 83.0000000000
9792 85.0000000000
9811 91.0000000000
10084 92.0000000000
10088 93.0000000000
10507 95.0000000000
10808 97.0000000000
10897 98.0000000000
11015 99.0000000000
11085 100.0000000000
evaluations raw_y
1 0.0000000000
84 2.0000000000
203 3.0000000000
230 4.0000000000
298 5.0000000000
410 6.0000000000
472 7.0000000000
750 8.0000000000
761 9.0000000000
906 10.0000000000
1333 11.0000000000
1354 12.0000000000
1355 13.0000000000
1511 14.0000000000
1553 15.0000000000
1562 17.0000000000
1575 18.0000000000
2060 19.0000000000
2124 21.0000000000
2125 22.0000000000
2167 24.0000000000
2282 25.0000000000
2283 26.0000000000
2398 27.0000000000
2738 29.0000000000
2996 31.0000000000
3019 32.0000000000
3100 34.0000000000
3308 37.0000000000
3501 38.0000000000
3523 40.0000000000
3540 42.0000000000
3548 43.0000000000
3559 44.0000000000
3664 45.0000000000
4266 46.0000000000
4282 47.0000000000
4376 48.0000000000
4487 49.0000000000
4507 50.0000000000
4526 51.0000000000
4546 53.0000000000
5240 55.0000000000
5303 56.0000000000
5470 57.0000000000
5863 58.0000000000
6227 59.0000000000
6339 60.0000000000
6411 61.0000000000
6551 62.0000000000
7815 63.0000000000
7894 65.0000000000
7899 67.0000000000
7958 68.0000000000
8175 71.0000000000
8248 75.0000000000
8302 77.0000000000
8539 78.0000000000
8582 79.0000000000
8605 81.0000000000
8766 82.0000000000
8779 83.0000000000
8966 85.0000000000
9173 88.0000000000
9194 89.0000000000
9386 93.0000000000
9391 96.0000000000
9409 97.0000000000
9947 98.0000000000
9998 99.0000000000
10108 100.0000000000
evaluations raw_y
1 0.0000000000
7 1.0000000000
86 2.0000000000
124 3.0000000000
358 4.0000000000
508 5.0000000000
642 6.0000000000
739 7.0000000000
931 8.0000000000
1002 9.0000000000
1114 10.0000000000
1181 11.0000000000
1364 12.0000000000
1476 13.0000000000
1532 14.0000000000
1554 15.0000000000
1599 16.0000000000
1807 17.0000000000
1949 18.0000000000
2111 19.0000000000
2221 20.0000000000
2252 21.0000000000
2277 22.0000000000
2316 23.0000000000
2366 24.0000000000
2445 26.0000000000
2766 27.0000000000
3053 28.0000000000
3092 31.0000000000
3128 32.0000000000
3145 33.0000000000
3353 34.0000000000
3588 35.0000000000
3654 36.0000000000
3797 37.0000000000
3859 38.0000000000
4055 39.0000000000
4252 40.0000000000
4377 42.0000000000
4381 44.0000000000
4566 45.0000000000
4723 46.0000000000
5086 47.0000000000
5415 48.0000000000
5431 49.0000000000
5484 50.0000000000
5487 51.0000000000
5771 52.0000000000
6360 54.0000000000
6425 55.0000000000
6532 57.0000000000
6670 59.0000000000
6715 61.0000000000
6919 62.0000000000
7436 63.0000000000
7807 64.0000000000
8442 65.0000000000
8575 66.0000000000
8969 68.0000000000
9776 70.0000000000
10010 71.0000000000
10140 73.0000000000
10362 75.0000000000
10649 76.0000000000
10941 77.0000000000
10981 80.0000000000
11130 83.0000000000
11224 84.0000000000
11883 86.0000000000
11974 88.0000000000
12094 90.0000000000
12135 92.0000000000
12286 95.0000000000
12401 98.0000000000
12489 100.0000000000
evaluations raw_y
1 0.0000000000
60 1.0000000000
169 2.0000000000
195 3.0000000000
351 4.0000000000
547 5.0000000000
610 6.0000000000
756 7.0000000000
1087 8.0000000000
1201 9.0000000000
1223 10.0000000000
1247 11.0000000000
1337 12.0000000000
1375 14.0000000000
1585 15.0000000000
1702 16.0000000000
2044 17.0000000000
2052 18.0000000000
2136 19.0000000000
2210 21.0000000000
2609 22.0000000000
2737 23.0000000000
2849 24.0000000000
2934 25.0000000000
2965 26.0000000000
3141 27.0000000000
3152 29.0000000000
3249 30.0000000000
3324 31.0000000000
3757 32.0000000000
3765 34.0000000000
4215 36.0000000000
4225 39.0000000000
4345 40.0000000000
4383 41.0000000000
4431 42.0000000000
4486 43.0000000000
4547 45.0000000000
4564 46.0000000000
4573 47.0000000000
4670 48.0000000000
4715 49.0000000000
4728 50.0000000000
4839 51.0000000000
4847 52.0000000000
4876 53.0000000000
4882 55.0000000000
4911 56.0000000000
4993 58.0000000000
5192 59.0000000000
5286 60.0000000000
5368 61.0000000000
5600 62.0000000000
5768 65.0000000000
6171 66.0000000000
6328 67.0000000000
6500 68.0000000000
6546 69.0000000000
6873 70.0000000000
7001 72.0000000000
7106 73.0000000000
7350 74.0000000000
7412 77.0000000000
7456 79.0000000000
7742 80.0000000000
7995 81.0000000000
8324 82.0000000000
8405 83.0000000000
8436 84.0000000000
9173 85.0000000000
9267 86.0000000000
10077 87.0000000000
10542 89.0000000000
10582 91.0000000000
10601 92.0000000000
10959 94.0000000000
11473 95.0000000000
11534 100.0000000000
