evaluations raw_y
1 -1926.0000000000
2 -1915.0000000000
3 -1887.0000000000
4 -1886.0000000000
11 -1881.0000000000
13 -1865.0000000000
22 -1863.0000000000
29 -1862.0000000000
43 -1859.0000000000
54 -1837.0000000000
56 -1826.0000000000
70 -1824.0000000000
71 -1818.0000000000
74 -1799.0000000000
81 -1773.0000000000
110 -1770.0000000000
136 -1769.0000000000
141 -1762.0000000000
159 -1759.0000000000
164 -1754.0000000000
175 -1747.0000000000
202 -1745.0000000000
212 -1737.0000000000
213 -1735.0000000000
222 -1725.0000000000
247 -1724.0000000000
254 -1716.0000000000
261 -1712.0000000000
291 -1711.0000000000
307 -1709.0000000000
315 -1707.0000000000
324 -1706.0000000000
332 -1702.0000000000
341 -1698.0000000000
374 -1696.0000000000
381 -1695.0000000000
411 -1694.0000000000
417 -1693.0000000000
437 -1691.0000000000
444 -1690.0000000000
448 -1689.0000000000
454 -1686.0000000000
488 -1685.0000000000
496 -1682.0000000000
501 -1681.0000000000
545 -1679.0000000000
579 -1678.0000000000
584 -1677.0000000000
587 -1676.0000000000
598 -1675.0000000000
609 -1673.0000000000
635 -1669.0000000000
652 -1667.0000000000
681 -1666.0000000000
694 -1664.0000000000
704 -1663.0000000000
709 -1660.0000000000
721 -1659.0000000000
736 -1658.0000000000
742 -1656.0000000000
774 -1655.0000000000
777 -1654.0000000000
784 -1650.0000000000
801 -1649.0000000000
821 -1648.0000000000
828 -1643.0000000000
866 -1642.0000000000
883 -1641.0000000000
891 -1639.0000000000
904 -1638.0000000000
911 -1637.0000000000
915 -1636.0000000000
927 -1635.0000000000
960 -1631.0000000000
973 -1630.0000000000
979 -1629.0000000000
995 -1628.0000000000
1002 -1627.0000000000
1013 -1626.0000000000
1042 -1625.0000000000
1069 -1623.0000000000
1084 -1622.0000000000
1104 -1621.0000000000
1120 -1619.0000000000
1122 -1617.0000000000
1163 -1614.0000000000
1186 -1612.0000000000
1198 -1610.0000000000
1216 -1609.0000000000
1227 -1607.0000000000
1244 -1604.0000000000
1263 -1603.0000000000
1284 -1602.0000000000
1287 -1601.0000000000
1315 -1600.0000000000
1332 -1599.0000000000
1344 -1597.0000000000
1370 -1596.0000000000
1382 -1595.0000000000
1408 -1594.0000000000
1426 -1592.0000000000
1460 -1590.0000000000
1465 -1588.0000000000
1505 -1587.0000000000
1524 -1586.0000000000
1536 -1585.0000000000
1545 -1584.0000000000
1557 -1582.0000000000
1564 -1580.0000000000
1586 -1579.0000000000
1590 -1578.0000000000
1615 -1577.0000000000
1627 -1571.0000000000
1670 -1569.0000000000
1690 -1568.0000000000
1702 -1567.0000000000
1703 -1566.0000000000
1711 -1565.0000000000
1713 -1564.0000000000
1742 -1563.0000000000
1759 -1561.0000000000
1766 -1558.0000000000
1788 -1556.0000000000
1823 -1553.0000000000
1853 -1552.0000000000
1863 -1550.0000000000
1876 -1549.0000000000
1883 -1544.0000000000
1955 -1543.0000000000
1969 -1541.0000000000
1990 -1539.0000000000
2023 -1537.0000000000
2059 -1536.0000000000
2061 -1535.0000000000
2064 -1534.0000000000
2086 -1533.0000000000
2096 -1529.0000000000
2121 -1527.0000000000
2124 -1525.0000000000
2152 -1520.0000000000
2176 -1519.0000000000
2182 -1517.0000000000
2201 -1516.0000000000
2222 -1515.0000000000
2253 -1512.0000000000
2258 -1510.0000000000
2282 -1509.0000000000
2283 -1504.0000000000
2346 -1503.0000000000
2356 -1502.0000000000
2380 -1501.0000000000
2382 -1500.0000000000
2421 -1499.0000000000
2424 -1498.0000000000
2434 -1497.0000000000
2452 -1494.0000000000
2467 -1493.0000000000
2485 -1492.0000000000
2490 -1491.0000000000
2511 -1486.0000000000
2570 -1485.0000000000
2582 -1484.0000000000
2593 -1482.0000000000
2603 -1480.0000000000
2620 -1478.0000000000
2623 -1477.0000000000
2652 -1476.0000000000
2658 -1472.0000000000
2682 -1471.0000000000
2717 -1470.0000000000
2728 -1468.0000000000
2742 -1466.0000000000
2763 -1465.0000000000
2765 -1463.0000000000
2806 -1462.0000000000
2817 -1461.0000000000
2825 -1460.0000000000
2838 -1457.0000000000
2851 -1456.0000000000
2863 -1454.0000000000
2921 -1453.0000000000
2926 -1452.0000000000
2943 -1450.0000000000
2986 -1448.0000000000
3001 -1447.0000000000
3012 -1445.0000000000
3045 -1444.0000000000
3056 -1443.0000000000
3057 -1442.0000000000
3084 -1441.0000000000
3105 -1439.0000000000
3121 -1438.0000000000
3128 -1437.0000000000
3142 -1435.0000000000
3165 -1432.0000000000
3184 -1429.0000000000
3218 -1428.0000000000
3241 -1427.0000000000
3268 -1424.0000000000
3290 -1423.0000000000
3307 -1422.0000000000
3328 -1421.0000000000
3345 -1419.0000000000
3354 -1418.0000000000
3362 -1417.0000000000
3374 -1416.0000000000
3387 -1414.0000000000
3396 -1413.0000000000
3404 -1412.0000000000
3424 -1411.0000000000
3435 -1410.0000000000
3447 -1409.0000000000
3470 -1408.0000000000
3481 -1407.0000000000
3486 -1406.0000000000
3505 -1405.0000000000
3515 -1404.0000000000
3540 -1400.0000000000
3564 -1399.0000000000
3581 -1398.0000000000
3596 -1397.0000000000
3601 -1396.0000000000
3620 -1395.0000000000
3633 -1394.0000000000
3654 -1392.0000000000
3689 -1390.0000000000
3702 -1388.0000000000
3749 -1387.0000000000
3762 -1386.0000000000
3773 -1385.0000000000
3787 -1383.0000000000
3812 -1382.0000000000
3824 -1380.0000000000
3840 -1379.0000000000
3861 -1378.0000000000
3888 -1377.0000000000
3902 -1376.0000000000
3932 -1375.0000000000
3946 -1373.0000000000
3977 -1370.0000000000
4001 -1369.0000000000
4016 -1366.0000000000
4024 -1364.0000000000
4037 -1363.0000000000
4051 -1362.0000000000
4081 -1361.0000000000
4086 -1359.0000000000
4122 -1357.0000000000
4142 -1356.0000000000
4163 -1355.0000000000
4186 -1352.0000000000
4206 -1351.0000000000
4215 -1350.0000000000
4248 -1349.0000000000
4251 -1348.0000000000
4270 -1346.0000000000
4298 -1344.0000000000
4321 -1343.0000000000
4324 -1342.0000000000
4341 -1341.0000000000
4364 -1339.0000000000
4390 -1338.0000000000
4405 -1337.0000000000
4412 -1335.0000000000
4431 -1334.0000000000
4461 -1332.0000000000
4481 -1330.0000000000
4503 -1329.0000000000
4513 -1328.0000000000
4533 -1327.0000000000
4545 -1326.0000000000
4567 -1325.0000000000
4576 -1324.0000000000
4596 -1323.0000000000
4597 -1322.0000000000
4606 -1321.0000000000
4627 -1320.0000000000
4641 -1318.0000000000
4655 -1317.0000000000
4663 -1315.0000000000
4705 -1312.0000000000
4740 -1311.0000000000
4750 -1310.0000000000
4756 -1308.0000000000
4761 -1307.0000000000
4784 -1306.0000000000
4795 -1305.0000000000
4807 -1304.0000000000
4832 -1300.0000000000
4881 -1299.0000000000
4900 -1298.0000000000
4924 -1297.0000000000
4926 -1296.0000000000
4968 -1295.0000000000
4969 -1293.0000000000
4984 -1291.0000000000
5001 -1288.0000000000
5054 -1287.0000000000
5066 -1286.0000000000
5085 -1285.0000000000
5112 -1284.0000000000
5123 -1282.0000000000
5165 -1281.0000000000
5174 -1279.0000000000
5178 -1278.0000000000
5186 -1276.0000000000
5221 -1274.0000000000
5261 -1273.0000000000
5286 -1271.0000000000
5305 -1268.0000000000
5326 -1267.0000000000
5336 -1266.0000000000
5347 -1265.0000000000
5377 -1264.0000000000
5391 -1263.0000000000
5396 -1261.0000000000
5412 -1259.0000000000
5441 -1258.0000000000
5463 -1256.0000000000
5482 -1255.0000000000
5504 -1253.0000000000
5524 -1252.0000000000
5545 -1251.0000000000
5568 -1250.0000000000
5581 -1249.0000000000
5597 -1247.0000000000
5624 -1246.0000000000
5626 -1244.0000000000
5666 -1243.0000000000
5682 -1242.0000000000
5703 -1240.0000000000
5709 -1238.0000000000
5749 -1234.0000000000
5812 -1233.0000000000
5821 -1232.0000000000
5833 -1231.0000000000
5865 -1230.0000000000
5886 -1229.0000000000
5889 -1227.0000000000
5933 -1226.0000000000
5941 -1225.0000000000
5959 -1224.0000000000
5961 -1223.0000000000
5992 -1220.0000000000
6023 -1219.0000000000
6024 -1218.0000000000
6041 -1215.0000000000
6066 -1214.0000000000
6088 -1213.0000000000
6102 -1211.0000000000
6113 -1210.0000000000
6132 -1209.0000000000
6137 -1208.0000000000
6147 -1207.0000000000
6162 -1205.0000000000
6184 -1202.0000000000
6217 -1201.0000000000
6231 -1200.0000000000
6251 -1197.0000000000
6284 -1196.0000000000
6315 -1195.0000000000
6332 -1194.0000000000
6342 -1193.0000000000
6345 -1192.0000000000
6364 -1191.0000000000
6384 -1190.0000000000
6387 -1189.0000000000
6407 -1188.0000000000
6416 -1187.0000000000
6430 -1186.0000000000
6431 -1184.0000000000
6490 -1182.0000000000
6521 -1181.0000000000
6527 -1180.0000000000
6529 -1179.0000000000
6558 -1178.0000000000
6568 -1177.0000000000
6573 -1176.0000000000
6582 -1175.0000000000
6599 -1174.0000000000
6623 -1172.0000000000
6649 -1171.0000000000
6662 -1169.0000000000
6679 -1168.0000000000
6700 -1167.0000000000
6711 -1166.0000000000
6717 -1165.0000000000
6741 -1164.0000000000
6760 -1163.0000000000
6786 -1162.0000000000
6790 -1160.0000000000
6816 -1159.0000000000
6823 -1158.0000000000
6835 -1157.0000000000
6841 -1154.0000000000
6882 -1151.0000000000
6914 -1150.0000000000
6944 -1149.0000000000
6945 -1147.0000000000
6966 -1145.0000000000
6991 -1143.0000000000
7030 -1142.0000000000
7041 -1141.0000000000
7052 -1140.0000000000
7069 -1139.0000000000
7090 -1137.0000000000
7103 -1136.0000000000
7106 -1135.0000000000
7141 -1134.0000000000
7160 -1133.0000000000
7171 -1132.0000000000
7181 -1130.0000000000
7201 -1129.0000000000
7232 -1128.0000000000
7249 -1127.0000000000
7275 -1126.0000000000
7283 -1124.0000000000
7316 -1123.0000000000
7341 -1121.0000000000
7364 -1120.0000000000
7391 -1119.0000000000
7414 -1118.0000000000
7437 -1117.0000000000
7451 -1116.0000000000
7489 -1115.0000000000
7493 -1114.0000000000
7507 -1113.0000000000
7534 -1111.0000000000
7548 -1110.0000000000
7561 -1109.0000000000
7573 -1108.0000000000
7610 -1107.0000000000
7624 -1106.0000000000
7653 -1104.0000000000
7661 -1103.0000000000
7668 -1101.0000000000
7708 -1100.0000000000
7721 -1099.0000000000
7725 -1098.0000000000
7745 -1097.0000000000
7771 -1096.0000000000
7804 -1095.0000000000
7817 -1094.0000000000
7836 -1093.0000000000
7854 -1092.0000000000
7868 -1091.0000000000
7878 -1089.0000000000
7908 -1086.0000000000
7953 -1083.0000000000
7973 -1082.0000000000
8021 -1080.0000000000
8047 -1079.0000000000
8052 -1077.0000000000
8108 -1076.0000000000
8130 -1075.0000000000
8143 -1074.0000000000
8174 -1073.0000000000
8197 -1071.0000000000
8224 -1069.0000000000
8252 -1067.0000000000
8261 -1066.0000000000
8314 -1064.0000000000
8358 -1063.0000000000
8362 -1062.0000000000
8365 -1061.0000000000
8399 -1060.0000000000
8405 -1059.0000000000
8432 -1057.0000000000
8462 -1056.0000000000
8488 -1055.0000000000
8504 -1054.0000000000
8523 -1053.0000000000
8530 -1052.0000000000
8553 -1051.0000000000
8585 -1050.0000000000
8595 -1049.0000000000
8602 -1048.0000000000
8627 -1046.0000000000
8653 -1045.0000000000
8664 -1044.0000000000
8665 -1043.0000000000
8701 -1041.0000000000
8736 -1040.0000000000
8742 -1038.0000000000
8761 -1037.0000000000
8819 -1036.0000000000
8822 -1035.0000000000
8823 -1033.0000000000
8858 -1032.0000000000
8870 -1030.0000000000
8922 -1028.0000000000
8935 -1027.0000000000
8944 -1026.0000000000
8974 -1025.0000000000
8981 -1024.0000000000
8996 -1023.0000000000
9007 -1020.0000000000
9035 -1019.0000000000
9063 -1018.0000000000
9081 -1017.0000000000
9086 -1013.0000000000
9126 -1010.0000000000
9181 -1009.0000000000
9191 -1007.0000000000
9226 -1006.0000000000
9246 -1004.0000000000
9270 -1002.0000000000
9314 -1001.0000000000
9322 -1000.0000000000
9329 -998.0000000000
9373 -997.0000000000
9386 -996.0000000000
9406 -995.0000000000
9437 -992.0000000000
9507 -991.0000000000
9530 -989.0000000000
9549 -987.0000000000
9569 -986.0000000000
9603 -985.0000000000
9625 -982.0000000000
9641 -981.0000000000
9679 -980.0000000000
9699 -979.0000000000
9727 -977.0000000000
9742 -976.0000000000
9756 -975.0000000000
9787 -973.0000000000
9806 -972.0000000000
9821 -970.0000000000
9847 -968.0000000000
9863 -965.0000000000
9894 -963.0000000000
9927 -959.0000000000
9967 -958.0000000000
9990 -957.0000000000
10001 -955.0000000000
10022 -954.0000000000
10046 -953.0000000000
10049 -949.0000000000
10068 -948.0000000000
10090 -947.0000000000
10121 -946.0000000000
10142 -943.0000000000
10162 -942.0000000000
10182 -941.0000000000
10204 -939.0000000000
10235 -938.0000000000
10245 -937.0000000000
10252 -936.0000000000
10275 -934.0000000000
10313 -933.0000000000
10342 -932.0000000000
10364 -931.0000000000
10371 -927.0000000000
10422 -926.0000000000
10423 -924.0000000000
10451 -923.0000000000
10462 -922.0000000000
10481 -921.0000000000
10523 -918.0000000000
10569 -916.0000000000
10607 -915.0000000000
10642 -914.0000000000
10661 -912.0000000000
10691 -911.0000000000
10730 -910.0000000000
10747 -908.0000000000
10771 -906.0000000000
10821 -905.0000000000
10830 -903.0000000000
10852 -902.0000000000
10859 -900.0000000000
10883 -899.0000000000
10921 -897.0000000000
10944 -896.0000000000
10969 -895.0000000000
10970 -894.0000000000
10981 -893.0000000000
10987 -892.0000000000
11009 -891.0000000000
11023 -890.0000000000
11032 -889.0000000000
11057 -888.0000000000
11061 -887.0000000000
11092 -886.0000000000
11108 -884.0000000000
11148 -883.0000000000
11152 -882.0000000000
11203 -881.0000000000
11217 -880.0000000000
11222 -879.0000000000
11264 -878.0000000000
11290 -876.0000000000
11311 -874.0000000000
11334 -873.0000000000
11353 -872.0000000000
11361 -871.0000000000
11384 -870.0000000000
11392 -869.0000000000
11416 -868.0000000000
11431 -867.0000000000
11447 -865.0000000000
11470 -864.0000000000
11479 -863.0000000000
11508 -861.0000000000
11539 -860.0000000000
11563 -859.0000000000
11568 -858.0000000000
11600 -857.0000000000
11614 -856.0000000000
11662 -855.0000000000
11664 -854.0000000000
11671 -853.0000000000
11681 -852.0000000000
11703 -850.0000000000
11732 -849.0000000000
11742 -847.0000000000
11765 -846.0000000000
11785 -845.0000000000
11788 -844.0000000000
11814 -843.0000000000
11827 -842.0000000000
11854 -840.0000000000
11888 -839.0000000000
11898 -838.0000000000
11949 -837.0000000000
11956 -835.0000000000
11989 -834.0000000000
12046 -833.0000000000
12079 -832.0000000000
12095 -831.0000000000
12102 -830.0000000000
12125 -829.0000000000
12145 -827.0000000000
12203 -826.0000000000
12209 -825.0000000000
12227 -822.0000000000
12272 -821.0000000000
12285 -820.0000000000
12326 -819.0000000000
12346 -818.0000000000
12368 -817.0000000000
12382 -816.0000000000
12388 -815.0000000000
12427 -814.0000000000
12454 -813.0000000000
12491 -812.0000000000
12518 -811.0000000000
12545 -810.0000000000
12554 -809.0000000000
12557 -808.0000000000
12564 -807.0000000000
12606 -806.0000000000
12630 -802.0000000000
12645 -801.0000000000
12671 -800.0000000000
12688 -798.0000000000
12725 -797.0000000000
12733 -796.0000000000
12784 -794.0000000000
12786 -793.0000000000
12802 -792.0000000000
12803 -791.0000000000
12823 -790.0000000000
12850 -788.0000000000
12869 -787.0000000000
12899 -784.0000000000
12924 -783.0000000000
12960 -782.0000000000
12965 -781.0000000000
13014 -780.0000000000
13021 -779.0000000000
13055 -778.0000000000
13074 -777.0000000000
13079 -776.0000000000
13121 -775.0000000000
13137 -774.0000000000
13142 -773.0000000000
13151 -772.0000000000
13165 -771.0000000000
13196 -770.0000000000
13242 -769.0000000000
13248 -768.0000000000
13293 -767.0000000000
13308 -766.0000000000
13335 -765.0000000000
13352 -764.0000000000
13362 -763.0000000000
13401 -762.0000000000
13421 -760.0000000000
13457 -759.0000000000
13478 -757.0000000000
13505 -756.0000000000
13537 -755.0000000000
13540 -754.0000000000
13565 -753.0000000000
13592 -752.0000000000
13594 -751.0000000000
13637 -749.0000000000
13651 -747.0000000000
13707 -745.0000000000
13721 -744.0000000000
13764 -743.0000000000
13779 -742.0000000000
13780 -740.0000000000
13842 -739.0000000000
13847 -738.0000000000
13869 -737.0000000000
13895 -736.0000000000
13909 -735.0000000000
13956 -733.0000000000
13965 -732.0000000000
14007 -731.0000000000
14029 -730.0000000000
14042 -728.0000000000
14088 -727.0000000000
14123 -726.0000000000
14145 -725.0000000000
14183 -724.0000000000
14212 -723.0000000000
14233 -722.0000000000
14255 -721.0000000000
14299 -720.0000000000
14304 -719.0000000000
14324 -718.0000000000
14349 -717.0000000000
14397 -716.0000000000
14414 -715.0000000000
14416 -714.0000000000
14456 -711.0000000000
14536 -710.0000000000
14537 -709.0000000000
14577 -708.0000000000
14582 -706.0000000000
14612 -705.0000000000
14643 -703.0000000000
14680 -702.0000000000
14694 -701.0000000000
14722 -700.0000000000
14755 -699.0000000000
14797 -698.0000000000
14839 -697.0000000000
14848 -696.0000000000
14862 -695.0000000000
14902 -694.0000000000
14930 -692.0000000000
14951 -691.0000000000
14969 -690.0000000000
14982 -689.0000000000
15015 -688.0000000000
15027 -687.0000000000
15058 -684.0000000000
15101 -682.0000000000
15143 -681.0000000000
15173 -680.0000000000
15185 -679.0000000000
15208 -678.0000000000
15241 -677.0000000000
15246 -676.0000000000
15261 -675.0000000000
15304 -674.0000000000
15339 -673.0000000000
15377 -672.0000000000
15384 -670.0000000000
15464 -669.0000000000
15502 -668.0000000000
15520 -667.0000000000
15541 -666.0000000000
15569 -664.0000000000
15622 -663.0000000000
15630 -662.0000000000
15641 -661.0000000000
15676 -660.0000000000
15704 -659.0000000000
15726 -658.0000000000
15749 -657.0000000000
15761 -656.0000000000
15793 -655.0000000000
15812 -654.0000000000
15832 -653.0000000000
15861 -651.0000000000
15883 -649.0000000000
15919 -647.0000000000
15926 -646.0000000000
15931 -645.0000000000
15933 -644.0000000000
15981 -641.0000000000
16027 -640.0000000000
16079 -639.0000000000
16100 -638.0000000000
16102 -637.0000000000
16128 -636.0000000000
16145 -635.0000000000
16169 -632.0000000000
16221 -631.0000000000
16235 -629.0000000000
16275 -628.0000000000
16329 -627.0000000000
16362 -626.0000000000
16409 -625.0000000000
16434 -624.0000000000
16442 -623.0000000000
16464 -622.0000000000
16473 -621.0000000000
16501 -620.0000000000
16525 -619.0000000000
16534 -617.0000000000
16552 -616.0000000000
16591 -615.0000000000
16621 -614.0000000000
16649 -613.0000000000
16653 -612.0000000000
16681 -610.0000000000
16721 -609.0000000000
16742 -608.0000000000
16762 -606.0000000000
16798 -605.0000000000
16824 -604.0000000000
16855 -603.0000000000
16867 -602.0000000000
16881 -600.0000000000
16907 -599.0000000000
16942 -598.0000000000
16945 -597.0000000000
16985 -596.0000000000
17006 -595.0000000000
17022 -592.0000000000
17067 -591.0000000000
17088 -590.0000000000
17096 -589.0000000000
17106 -588.0000000000
17108 -587.0000000000
17132 -586.0000000000
17166 -584.0000000000
17195 -583.0000000000
17198 -582.0000000000
17231 -581.0000000000
17235 -580.0000000000
17245 -577.0000000000
17313 -575.0000000000
17351 -574.0000000000
17367 -572.0000000000
17386 -570.0000000000
17411 -568.0000000000
17447 -567.0000000000
17478 -565.0000000000
17510 -564.0000000000
17517 -562.0000000000
17592 -561.0000000000
17616 -558.0000000000
17661 -557.0000000000
17695 -556.0000000000
17722 -555.0000000000
17764 -554.0000000000
17773 -553.0000000000
17795 -552.0000000000
17816 -551.0000000000
17858 -550.0000000000
17875 -549.0000000000
17919 -548.0000000000
17942 -547.0000000000
17949 -546.0000000000
17985 -545.0000000000
18016 -544.0000000000
18025 -543.0000000000
18062 -541.0000000000
18069 -540.0000000000
18089 -539.0000000000
18101 -538.0000000000
18147 -537.0000000000
18168 -536.0000000000
18182 -535.0000000000
18231 -534.0000000000
18251 -533.0000000000
18264 -532.0000000000
18299 -531.0000000000
18303 -530.0000000000
18348 -529.0000000000
18354 -528.0000000000
18366 -527.0000000000
18385 -526.0000000000
18404 -524.0000000000
18467 -522.0000000000
18520 -519.0000000000
18561 -518.0000000000
18586 -517.0000000000
18616 -516.0000000000
18653 -515.0000000000
18665 -514.0000000000
18694 -513.0000000000
18712 -511.0000000000
18757 -510.0000000000
18791 -509.0000000000
18801 -507.0000000000
18834 -506.0000000000
18878 -504.0000000000
18914 -502.0000000000
18942 -500.0000000000
18986 -498.0000000000
19026 -497.0000000000
19055 -496.0000000000
19068 -495.0000000000
19084 -494.0000000000
19102 -493.0000000000
19113 -492.0000000000
19123 -491.0000000000
19145 -490.0000000000
19174 -489.0000000000
19217 -488.0000000000
19230 -487.0000000000
19266 -485.0000000000
19292 -484.0000000000
19356 -483.0000000000
19393 -481.0000000000
19403 -480.0000000000
19436 -479.0000000000
19450 -478.0000000000
19485 -477.0000000000
19501 -476.0000000000
19539 -475.0000000000
19550 -474.0000000000
19568 -472.0000000000
19593 -471.0000000000
19601 -470.0000000000
19626 -469.0000000000
19629 -468.0000000000
19681 -467.0000000000
19712 -466.0000000000
19745 -465.0000000000
19748 -464.0000000000
19774 -463.0000000000
19796 -462.0000000000
19818 -461.0000000000
19869 -460.0000000000
19878 -459.0000000000
19909 -456.0000000000
19957 -455.0000000000
20022 -454.0000000000
20044 -453.0000000000
20068 -451.0000000000
20082 -450.0000000000
20120 -449.0000000000
20124 -446.0000000000
20181 -445.0000000000
20184 -442.0000000000
20251 -441.0000000000
20283 -439.0000000000
20341 -438.0000000000
20352 -437.0000000000
20383 -435.0000000000
20386 -434.0000000000
20437 -433.0000000000
20451 -432.0000000000
20491 -431.0000000000
20531 -429.0000000000
20566 -428.0000000000
20594 -427.0000000000
20622 -426.0000000000
20655 -425.0000000000
20662 -424.0000000000
20665 -423.0000000000
20683 -422.0000000000
20720 -421.0000000000
20738 -420.0000000000
20746 -419.0000000000
20765 -418.0000000000
20812 -417.0000000000
20852 -416.0000000000
20867 -415.0000000000
20941 -414.0000000000
20942 -413.0000000000
20948 -412.0000000000
21026 -411.0000000000
21041 -410.0000000000
21086 -409.0000000000
21127 -408.0000000000
21161 -407.0000000000
21187 -406.0000000000
21248 -405.0000000000
21276 -404.0000000000
21316 -403.0000000000
21329 -402.0000000000
21379 -401.0000000000
21415 -400.0000000000
21455 -399.0000000000
21466 -398.0000000000
21495 -397.0000000000
21508 -396.0000000000
21528 -395.0000000000
21541 -394.0000000000
21582 -393.0000000000
21605 -392.0000000000
21668 -391.0000000000
21697 -390.0000000000
21712 -389.0000000000
21731 -388.0000000000
21755 -387.0000000000
21796 -386.0000000000
21818 -385.0000000000
21865 -384.0000000000
21890 -383.0000000000
21918 -382.0000000000
21948 -381.0000000000
21967 -380.0000000000
21991 -379.0000000000
22015 -378.0000000000
22028 -377.0000000000
22087 -376.0000000000
22141 -375.0000000000
22145 -374.0000000000
22167 -373.0000000000
22203 -372.0000000000
22210 -371.0000000000
22221 -370.0000000000
22257 -369.0000000000
22264 -368.0000000000
22266 -367.0000000000
22308 -365.0000000000
22343 -363.0000000000
22417 -362.0000000000
22442 -361.0000000000
22473 -360.0000000000
22494 -359.0000000000
22557 -358.0000000000
22583 -356.0000000000
22622 -355.0000000000
22662 -354.0000000000
22702 -353.0000000000
22747 -352.0000000000
22787 -351.0000000000
22804 -350.0000000000
22823 -348.0000000000
22861 -347.0000000000
22904 -346.0000000000
22947 -345.0000000000
22979 -344.0000000000
22990 -343.0000000000
23009 -342.0000000000
23019 -341.0000000000
23044 -340.0000000000
23095 -339.0000000000
23110 -338.0000000000
23137 -337.0000000000
23170 -336.0000000000
23202 -335.0000000000
23265 -334.0000000000
23283 -333.0000000000
23322 -332.0000000000
23371 -331.0000000000
23384 -330.0000000000
23413 -329.0000000000
23430 -328.0000000000
23489 -327.0000000000
23510 -326.0000000000
23544 -325.0000000000
23605 -324.0000000000
23630 -323.0000000000
23722 -322.0000000000
23776 -321.0000000000
23813 -320.0000000000
23825 -319.0000000000
23862 -318.0000000000
23891 -317.0000000000
23964 -316.0000000000
23992 -315.0000000000
24006 -314.0000000000
24021 -313.0000000000
24072 -312.0000000000
24119 -311.0000000000
24125 -310.0000000000
24146 -309.0000000000
24189 -308.0000000000
24235 -307.0000000000
24241 -306.0000000000
24300 -305.0000000000
24324 -304.0000000000
24363 -302.0000000000
24434 -300.0000000000
24451 -299.0000000000
24499 -298.0000000000
24527 -297.0000000000
24547 -296.0000000000
24569 -295.0000000000
24596 -293.0000000000
24641 -292.0000000000
24667 -291.0000000000
24683 -290.0000000000
24721 -288.0000000000
24789 -287.0000000000
24808 -286.0000000000
24842 -285.0000000000
24899 -284.0000000000
24924 -283.0000000000
24953 -282.0000000000
24961 -281.0000000000
24982 -280.0000000000
25003 -279.0000000000
25083 -278.0000000000
25130 -277.0000000000
25195 -276.0000000000
25242 -275.0000000000
25254 -274.0000000000
25264 -273.0000000000
25329 -272.0000000000
25408 -271.0000000000
25424 -270.0000000000
25482 -269.0000000000
25494 -268.0000000000
25582 -267.0000000000
25655 -266.0000000000
25693 -265.0000000000
25749 -264.0000000000
25768 -263.0000000000
25823 -262.0000000000
25826 -261.0000000000
25906 -260.0000000000
25960 -259.0000000000
26001 -258.0000000000
26042 -257.0000000000
26081 -256.0000000000
26102 -255.0000000000
26144 -254.0000000000
26209 -253.0000000000
26229 -252.0000000000
26288 -251.0000000000
26327 -250.0000000000
26354 -249.0000000000
26381 -248.0000000000
26422 -246.0000000000
26447 -245.0000000000
26467 -244.0000000000
26523 -243.0000000000
26558 -242.0000000000
26611 -241.0000000000
26623 -240.0000000000
26679 -239.0000000000
26737 -238.0000000000
26749 -237.0000000000
26762 -236.0000000000
26792 -235.0000000000
26860 -234.0000000000
26883 -233.0000000000
26963 -232.0000000000
27006 -231.0000000000
27042 -230.0000000000
27061 -229.0000000000
27112 -228.0000000000
27169 -226.0000000000
27202 -225.0000000000
27278 -224.0000000000
27301 -223.0000000000
27330 -222.0000000000
27345 -221.0000000000
27368 -220.0000000000
27401 -219.0000000000
27454 -216.0000000000
27506 -215.0000000000
27547 -214.0000000000
27583 -213.0000000000
27630 -212.0000000000
27668 -211.0000000000
27717 -210.0000000000
27723 -208.0000000000
27776 -207.0000000000
27783 -205.0000000000
27837 -204.0000000000
27872 -203.0000000000
27904 -202.0000000000
27950 -201.0000000000
28037 -200.0000000000
28068 -199.0000000000
28069 -198.0000000000
28084 -197.0000000000
28109 -196.0000000000
28164 -195.0000000000
28209 -194.0000000000
28243 -193.0000000000
28262 -192.0000000000
28285 -191.0000000000
28337 -190.0000000000
28395 -189.0000000000
28487 -188.0000000000
28541 -187.0000000000
28596 -186.0000000000
28606 -185.0000000000
28684 -184.0000000000
28744 -183.0000000000
28796 -182.0000000000
28873 -181.0000000000
28905 -179.0000000000
28921 -178.0000000000
28964 -177.0000000000
29037 -176.0000000000
29082 -175.0000000000
29131 -174.0000000000
29193 -173.0000000000
29224 -172.0000000000
29266 -170.0000000000
29346 -169.0000000000
29431 -167.0000000000
29519 -165.0000000000
29564 -164.0000000000
29633 -163.0000000000
29708 -162.0000000000
29731 -161.0000000000
29847 -159.0000000000
29886 -158.0000000000
29941 -157.0000000000
29943 -156.0000000000
29953 -155.0000000000
30050 -154.0000000000
30061 -153.0000000000
30114 -152.0000000000
30152 -150.0000000000
30202 -149.0000000000
30237 -148.0000000000
30300 -147.0000000000
30365 -146.0000000000
30435 -145.0000000000
30486 -143.0000000000
30568 -142.0000000000
30613 -141.0000000000
30666 -140.0000000000
30721 -136.0000000000
30808 -135.0000000000
30861 -134.0000000000
30947 -133.0000000000
30974 -132.0000000000
31005 -131.0000000000
31064 -130.0000000000
31118 -129.0000000000
31135 -128.0000000000
31253 -127.0000000000
31256 -126.0000000000
31303 -123.0000000000
31382 -122.0000000000
31456 -121.0000000000
31487 -120.0000000000
31545 -119.0000000000
31570 -118.0000000000
31601 -117.0000000000
31627 -116.0000000000
31702 -115.0000000000
31707 -114.0000000000
31744 -113.0000000000
31764 -112.0000000000
31871 -111.0000000000
31932 -110.0000000000
31980 -109.0000000000
32031 -108.0000000000
32083 -107.0000000000
32180 -106.0000000000
32195 -105.0000000000
32251 -104.0000000000
32296 -103.0000000000
32320 -102.0000000000
32392 -100.0000000000
32471 -99.0000000000
32489 -98.0000000000
32550 -97.0000000000
32604 -96.0000000000
32629 -95.0000000000
32641 -94.0000000000
32709 -93.0000000000
32744 -91.0000000000
32791 -90.0000000000
32828 -89.0000000000
32927 -88.0000000000
32984 -87.0000000000
33123 -86.0000000000
33198 -85.0000000000
33257 -84.0000000000
33310 -83.0000000000
33336 -82.0000000000
33372 -81.0000000000
33402 -80.0000000000
33432 -78.0000000000
33513 -77.0000000000
33569 -76.0000000000
33606 -75.0000000000
33656 -74.0000000000
33706 -73.0000000000
33747 -72.0000000000
33821 -71.0000000000
33886 -70.0000000000
33966 -69.0000000000
33996 -68.0000000000
34062 -67.0000000000
34153 -66.0000000000
34197 -65.0000000000
34343 -64.0000000000
34514 -63.0000000000
34530 -62.0000000000
34627 -61.0000000000
34731 -60.0000000000
34757 -59.0000000000
34769 -58.0000000000
34839 -57.0000000000
34847 -56.0000000000
34886 -55.0000000000
34936 -54.0000000000
34966 -53.0000000000
35000 -51.0000000000
35153 -50.0000000000
35174 -49.0000000000
35181 -48.0000000000
35224 -47.0000000000
35252 -46.0000000000
35333 -45.0000000000
35369 -44.0000000000
35408 -43.0000000000
35606 -41.0000000000
35641 -40.0000000000
35689 -39.0000000000
35722 -38.0000000000
35817 -37.0000000000
35843 -36.0000000000
36004 -35.0000000000
36082 -34.0000000000
36144 -33.0000000000
36149 -32.0000000000
36255 -31.0000000000
36366 -30.0000000000
36422 -29.0000000000
36480 -28.0000000000
36539 -27.0000000000
36642 -26.0000000000
36672 -25.0000000000
36973 -24.0000000000
37024 -23.0000000000
37067 -22.0000000000
37089 -21.0000000000
37164 -20.0000000000
37199 -18.0000000000
37261 -17.0000000000
37417 -16.0000000000
37461 -15.0000000000
37523 -14.0000000000
37582 -13.0000000000
37708 -11.0000000000
37795 -10.0000000000
37870 -9.0000000000
37935 -8.0000000000
38028 -7.0000000000
38085 -6.0000000000
38087 -5.0000000000
38224 -4.0000000000
38256 -3.0000000000
38293 -2.0000000000
38549 -1.0000000000
38659 687.8500000000
38671 688.1500000000
38675 694.9900000000
38682 701.2300000000
38701 709.2800000000
38732 711.8700000000
38734 713.5500000000
38743 718.6200000000
39016 720.2700000000
39465 726.7800000000
41450 732.5200000000
41820 746.5600000000
42065 750.4100000000
43761 754.9700000000
44290 756.0300000000
45131 770.7900000000
46941 777.1200000000
47858 777.6500000000
48327 781.9200000000
50025 782.7300000000
51014 789.3800000000
52664 849.4400000000
52695 857.5200000000
52708 867.9700000000
52760 875.9800000000
52803 877.1500000000
52818 890.6600000000
55358 893.6400000000
56296 897.2300000000
61355 897.9400000000
80134 898.2000000000
86712 912.4200000000
100000 -2.0000000000
