evaluations raw_y
1 -1946.0000000000
2 -1945.0000000000
10 -1944.0000000000
14 -1941.0000000000
24 -1940.0000000000
28 -1939.0000000000
29 -1938.0000000000
34 -1937.0000000000
37 -1935.0000000000
43 -1934.0000000000
44 -1933.0000000000
46 -1932.0000000000
57 -1930.0000000000
60 -1929.0000000000
70 -1928.0000000000
75 -1927.0000000000
77 -1926.0000000000
79 -1925.0000000000
80 -1924.0000000000
85 -1923.0000000000
95 -1922.0000000000
99 -1921.0000000000
102 -1920.0000000000
109 -1919.0000000000
114 -1918.0000000000
115 -1917.0000000000
119 -1916.0000000000
126 -1915.0000000000
134 -1914.0000000000
140 -1912.0000000000
143 -1910.0000000000
146 -1909.0000000000
148 -1908.0000000000
157 -1906.0000000000
159 -1905.0000000000
160 -1904.0000000000
162 -1902.0000000000
167 -1901.0000000000
168 -1900.0000000000
170 -1899.0000000000
171 -1898.0000000000
176 -1896.0000000000
180 -1895.0000000000
182 -1894.0000000000
192 -1892.0000000000
197 -1891.0000000000
204 -1889.0000000000
206 -1888.0000000000
208 -1887.0000000000
210 -1885.0000000000
211 -1883.0000000000
216 -1881.0000000000
220 -1880.0000000000
222 -1879.0000000000
224 -1878.0000000000
227 -1877.0000000000
230 -1876.0000000000
235 -1875.0000000000
236 -1874.0000000000
241 -1872.0000000000
242 -1869.0000000000
243 -1868.0000000000
245 -1867.0000000000
254 -1865.0000000000
256 -1864.0000000000
259 -1862.0000000000
263 -1860.0000000000
264 -1859.0000000000
268 -1858.0000000000
270 -1857.0000000000
285 -1856.0000000000
292 -1855.0000000000
296 -1854.0000000000
298 -1853.0000000000
301 -1852.0000000000
309 -1850.0000000000
312 -1849.0000000000
314 -1847.0000000000
323 -1846.0000000000
334 -1845.0000000000
337 -1842.0000000000
339 -1841.0000000000
345 -1840.0000000000
350 -1838.0000000000
356 -1837.0000000000
358 -1836.0000000000
360 -1834.0000000000
361 -1833.0000000000
365 -1832.0000000000
368 -1831.0000000000
369 -1828.0000000000
370 -1827.0000000000
373 -1825.0000000000
380 -1824.0000000000
395 -1823.0000000000
397 -1822.0000000000
398 -1820.0000000000
400 -1819.0000000000
412 -1815.0000000000
415 -1814.0000000000
416 -1813.0000000000
419 -1812.0000000000
424 -1811.0000000000
429 -1810.0000000000
439 -1808.0000000000
440 -1807.0000000000
441 -1806.0000000000
442 -1805.0000000000
445 -1804.0000000000
452 -1803.0000000000
455 -1802.0000000000
463 -1801.0000000000
466 -1799.0000000000
467 -1798.0000000000
468 -1797.0000000000
476 -1796.0000000000
480 -1794.0000000000
481 -1792.0000000000
484 -1790.0000000000
486 -1789.0000000000
490 -1788.0000000000
491 -1787.0000000000
492 -1786.0000000000
496 -1785.0000000000
497 -1784.0000000000
498 -1783.0000000000
499 -1781.0000000000
500 -1780.0000000000
505 -1779.0000000000
506 -1778.0000000000
509 -1777.0000000000
513 -1775.0000000000
515 -1773.0000000000
518 -1771.0000000000
519 -1770.0000000000
521 -1769.0000000000
528 -1768.0000000000
529 -1766.0000000000
532 -1765.0000000000
533 -1763.0000000000
534 -1762.0000000000
536 -1761.0000000000
542 -1760.0000000000
543 -1759.0000000000
544 -1758.0000000000
545 -1757.0000000000
547 -1756.0000000000
551 -1755.0000000000
558 -1754.0000000000
561 -1752.0000000000
566 -1751.0000000000
567 -1750.0000000000
568 -1749.0000000000
582 -1748.0000000000
583 -1747.0000000000
585 -1746.0000000000
586 -1745.0000000000
590 -1744.0000000000
591 -1743.0000000000
594 -1742.0000000000
596 -1741.0000000000
604 -1739.0000000000
605 -1738.0000000000
612 -1737.0000000000
613 -1736.0000000000
620 -1735.0000000000
623 -1734.0000000000
631 -1732.0000000000
636 -1731.0000000000
638 -1730.0000000000
640 -1729.0000000000
641 -1727.0000000000
644 -1726.0000000000
647 -1725.0000000000
648 -1724.0000000000
654 -1723.0000000000
663 -1722.0000000000
664 -1720.0000000000
678 -1718.0000000000
683 -1717.0000000000
685 -1716.0000000000
688 -1715.0000000000
689 -1714.0000000000
692 -1712.0000000000
695 -1711.0000000000
698 -1710.0000000000
702 -1709.0000000000
707 -1707.0000000000
715 -1706.0000000000
716 -1705.0000000000
719 -1703.0000000000
722 -1702.0000000000
725 -1701.0000000000
730 -1700.0000000000
733 -1699.0000000000
740 -1698.0000000000
747 -1697.0000000000
751 -1696.0000000000
759 -1693.0000000000
764 -1692.0000000000
772 -1691.0000000000
775 -1690.0000000000
778 -1689.0000000000
781 -1688.0000000000
789 -1686.0000000000
802 -1685.0000000000
808 -1684.0000000000
811 -1683.0000000000
816 -1679.0000000000
818 -1678.0000000000
830 -1677.0000000000
831 -1675.0000000000
832 -1674.0000000000
836 -1672.0000000000
845 -1671.0000000000
849 -1670.0000000000
853 -1668.0000000000
855 -1667.0000000000
856 -1666.0000000000
858 -1665.0000000000
860 -1664.0000000000
863 -1663.0000000000
865 -1662.0000000000
867 -1661.0000000000
870 -1660.0000000000
872 -1659.0000000000
881 -1658.0000000000
884 -1657.0000000000
888 -1656.0000000000
889 -1655.0000000000
890 -1654.0000000000
893 -1653.0000000000
897 -1652.0000000000
901 -1651.0000000000
911 -1650.0000000000
925 -1647.0000000000
926 -1646.0000000000
934 -1645.0000000000
941 -1644.0000000000
949 -1643.0000000000
951 -1642.0000000000
958 -1641.0000000000
973 -1640.0000000000
978 -1638.0000000000
979 -1637.0000000000
983 -1636.0000000000
993 -1634.0000000000
995 -1632.0000000000
1002 -1631.0000000000
1005 -1630.0000000000
1008 -1629.0000000000
1012 -1628.0000000000
1016 -1627.0000000000
1017 -1626.0000000000
1019 -1625.0000000000
1025 -1624.0000000000
1026 -1623.0000000000
1027 -1622.0000000000
1029 -1621.0000000000
1031 -1620.0000000000
1033 -1618.0000000000
1042 -1617.0000000000
1052 -1616.0000000000
1055 -1614.0000000000
1058 -1613.0000000000
1059 -1612.0000000000
1066 -1611.0000000000
1067 -1610.0000000000
1068 -1608.0000000000
1072 -1605.0000000000
1074 -1603.0000000000
1075 -1602.0000000000
1076 -1601.0000000000
1078 -1600.0000000000
1079 -1597.0000000000
1080 -1596.0000000000
1081 -1595.0000000000
1087 -1594.0000000000
1088 -1593.0000000000
1095 -1592.0000000000
1096 -1591.0000000000
1097 -1590.0000000000
1100 -1589.0000000000
1106 -1587.0000000000
1110 -1586.0000000000
1112 -1585.0000000000
1114 -1584.0000000000
1121 -1582.0000000000
1124 -1581.0000000000
1131 -1578.0000000000
1132 -1575.0000000000
1135 -1574.0000000000
1137 -1572.0000000000
1156 -1571.0000000000
1162 -1570.0000000000
1164 -1569.0000000000
1168 -1568.0000000000
1171 -1566.0000000000
1172 -1565.0000000000
1185 -1563.0000000000
1186 -1562.0000000000
1189 -1560.0000000000
1192 -1559.0000000000
1194 -1558.0000000000
1202 -1557.0000000000
1203 -1556.0000000000
1204 -1555.0000000000
1205 -1554.0000000000
1216 -1553.0000000000
1217 -1552.0000000000
1222 -1551.0000000000
1234 -1550.0000000000
1235 -1549.0000000000
1249 -1548.0000000000
1251 -1546.0000000000
1252 -1545.0000000000
1265 -1544.0000000000
1267 -1542.0000000000
1279 -1541.0000000000
1304 -1540.0000000000
1308 -1539.0000000000
1309 -1538.0000000000
1314 -1537.0000000000
1316 -1536.0000000000
1325 -1535.0000000000
1335 -1534.0000000000
1343 -1533.0000000000
1366 -1532.0000000000
1367 -1530.0000000000
1378 -1528.0000000000
1383 -1526.0000000000
1393 -1525.0000000000
1401 -1524.0000000000
1403 -1523.0000000000
1414 -1522.0000000000
1417 -1521.0000000000
1420 -1520.0000000000
1431 -1519.0000000000
1436 -1518.0000000000
1442 -1517.0000000000
1443 -1515.0000000000
1456 -1514.0000000000
1457 -1513.0000000000
1458 -1511.0000000000
1460 -1510.0000000000
1465 -1509.0000000000
1468 -1508.0000000000
1480 -1507.0000000000
1481 -1505.0000000000
1482 -1504.0000000000
1494 -1503.0000000000
1498 -1502.0000000000
1499 -1501.0000000000
1515 -1499.0000000000
1519 -1498.0000000000
1525 -1497.0000000000
1528 -1496.0000000000
1529 -1495.0000000000
1531 -1494.0000000000
1532 -1492.0000000000
1541 -1490.0000000000
1542 -1489.0000000000
1544 -1488.0000000000
1549 -1487.0000000000
1550 -1486.0000000000
1558 -1484.0000000000
1560 -1483.0000000000
1569 -1482.0000000000
1570 -1481.0000000000
1577 -1480.0000000000
1579 -1479.0000000000
1580 -1478.0000000000
1598 -1477.0000000000
1606 -1476.0000000000
1608 -1475.0000000000
1620 -1474.0000000000
1626 -1473.0000000000
1633 -1472.0000000000
1636 -1471.0000000000
1638 -1470.0000000000
1644 -1469.0000000000
1648 -1468.0000000000
1651 -1466.0000000000
1655 -1465.0000000000
1658 -1464.0000000000
1662 -1463.0000000000
1674 -1462.0000000000
1678 -1461.0000000000
1680 -1460.0000000000
1681 -1458.0000000000
1685 -1457.0000000000
1693 -1456.0000000000
1698 -1455.0000000000
1701 -1454.0000000000
1710 -1453.0000000000
1711 -1452.0000000000
1727 -1451.0000000000
1731 -1450.0000000000
1740 -1449.0000000000
1741 -1447.0000000000
1742 -1446.0000000000
1747 -1445.0000000000
1750 -1444.0000000000
1757 -1443.0000000000
1761 -1441.0000000000
1762 -1440.0000000000
1764 -1439.0000000000
1768 -1438.0000000000
1777 -1437.0000000000
1778 -1436.0000000000
1781 -1435.0000000000
1786 -1433.0000000000
1790 -1432.0000000000
1798 -1431.0000000000
1810 -1430.0000000000
1812 -1429.0000000000
1813 -1427.0000000000
1818 -1426.0000000000
1828 -1423.0000000000
1830 -1422.0000000000
1834 -1421.0000000000
1835 -1420.0000000000
1842 -1418.0000000000
1847 -1417.0000000000
1848 -1416.0000000000
1853 -1415.0000000000
1858 -1414.0000000000
1868 -1413.0000000000
1871 -1412.0000000000
1876 -1411.0000000000
1877 -1410.0000000000
1879 -1409.0000000000
1886 -1408.0000000000
1913 -1406.0000000000
1914 -1405.0000000000
1920 -1404.0000000000
1921 -1403.0000000000
1928 -1402.0000000000
1931 -1401.0000000000
1932 -1400.0000000000
1936 -1398.0000000000
1941 -1396.0000000000
1958 -1395.0000000000
1961 -1394.0000000000
1962 -1393.0000000000
1972 -1392.0000000000
1982 -1391.0000000000
1988 -1390.0000000000
1990 -1389.0000000000
1993 -1388.0000000000
1994 -1387.0000000000
2003 -1386.0000000000
2014 -1385.0000000000
2015 -1384.0000000000
2020 -1381.0000000000
2055 -1380.0000000000
2059 -1379.0000000000
2061 -1378.0000000000
2065 -1377.0000000000
2068 -1376.0000000000
2075 -1375.0000000000
2076 -1374.0000000000
2081 -1373.0000000000
2084 -1372.0000000000
2102 -1371.0000000000
2105 -1370.0000000000
2119 -1369.0000000000
2121 -1368.0000000000
2126 -1367.0000000000
2134 -1366.0000000000
2139 -1365.0000000000
2153 -1364.0000000000
2160 -1363.0000000000
2185 -1362.0000000000
2187 -1361.0000000000
2189 -1360.0000000000
2194 -1359.0000000000
2198 -1358.0000000000
2202 -1357.0000000000
2206 -1356.0000000000
2219 -1353.0000000000
2229 -1352.0000000000
2232 -1351.0000000000
2241 -1350.0000000000
2242 -1349.0000000000
2250 -1348.0000000000
2251 -1346.0000000000
2261 -1345.0000000000
2263 -1344.0000000000
2266 -1343.0000000000
2278 -1342.0000000000
2285 -1341.0000000000
2290 -1340.0000000000
2310 -1339.0000000000
2312 -1338.0000000000
2317 -1336.0000000000
2319 -1334.0000000000
2323 -1333.0000000000
2325 -1332.0000000000
2329 -1331.0000000000
2330 -1329.0000000000
2332 -1327.0000000000
2337 -1326.0000000000
2340 -1324.0000000000
2344 -1323.0000000000
2345 -1320.0000000000
2351 -1319.0000000000
2359 -1318.0000000000
2363 -1317.0000000000
2392 -1316.0000000000
2398 -1315.0000000000
2405 -1314.0000000000
2407 -1313.0000000000
2409 -1312.0000000000
2427 -1311.0000000000
2432 -1310.0000000000
2435 -1309.0000000000
2447 -1308.0000000000
2457 -1307.0000000000
2460 -1306.0000000000
2465 -1305.0000000000
2474 -1304.0000000000
2477 -1303.0000000000
2479 -1302.0000000000
2495 -1301.0000000000
2497 -1299.0000000000
2498 -1298.0000000000
2512 -1297.0000000000
2514 -1296.0000000000
2517 -1295.0000000000
2521 -1293.0000000000
2522 -1292.0000000000
2527 -1291.0000000000
2530 -1290.0000000000
2535 -1289.0000000000
2543 -1288.0000000000
2546 -1287.0000000000
2551 -1286.0000000000
2554 -1285.0000000000
2564 -1284.0000000000
2567 -1283.0000000000
2569 -1282.0000000000
2573 -1280.0000000000
2587 -1279.0000000000
2590 -1278.0000000000
2610 -1276.0000000000
2611 -1275.0000000000
2619 -1274.0000000000
2631 -1273.0000000000
2634 -1272.0000000000
2641 -1271.0000000000
2645 -1270.0000000000
2654 -1269.0000000000
2657 -1268.0000000000
2674 -1267.0000000000
2676 -1266.0000000000
2679 -1265.0000000000
2683 -1262.0000000000
2686 -1261.0000000000
2688 -1260.0000000000
2689 -1259.0000000000
2691 -1258.0000000000
2700 -1257.0000000000
2717 -1256.0000000000
2725 -1255.0000000000
2728 -1254.0000000000
2729 -1253.0000000000
2731 -1252.0000000000
2751 -1251.0000000000
2758 -1250.0000000000
2759 -1249.0000000000
2773 -1248.0000000000
2775 -1247.0000000000
2781 -1246.0000000000
2788 -1243.0000000000
2789 -1242.0000000000
2802 -1239.0000000000
2804 -1237.0000000000
2806 -1236.0000000000
2808 -1235.0000000000
2813 -1234.0000000000
2816 -1232.0000000000
2820 -1231.0000000000
2828 -1229.0000000000
2834 -1228.0000000000
2837 -1227.0000000000
2852 -1226.0000000000
2854 -1225.0000000000
2856 -1224.0000000000
2862 -1221.0000000000
2865 -1220.0000000000
2866 -1219.0000000000
2868 -1218.0000000000
2873 -1217.0000000000
2876 -1216.0000000000
2882 -1215.0000000000
2898 -1214.0000000000
2903 -1213.0000000000
2909 -1212.0000000000
2910 -1210.0000000000
2914 -1209.0000000000
2916 -1208.0000000000
2927 -1207.0000000000
2944 -1206.0000000000
2946 -1203.0000000000
2948 -1202.0000000000
2955 -1201.0000000000
2960 -1200.0000000000
2967 -1199.0000000000
2968 -1198.0000000000
2972 -1195.0000000000
2974 -1193.0000000000
2976 -1192.0000000000
2980 -1191.0000000000
2991 -1190.0000000000
2993 -1189.0000000000
2996 -1188.0000000000
3003 -1187.0000000000
3007 -1186.0000000000
3015 -1185.0000000000
3026 -1184.0000000000
3027 -1183.0000000000
3031 -1182.0000000000
3039 -1181.0000000000
3044 -1180.0000000000
3047 -1179.0000000000
3055 -1178.0000000000
3064 -1177.0000000000
3066 -1176.0000000000
3075 -1175.0000000000
3083 -1172.0000000000
3085 -1171.0000000000
3089 -1170.0000000000
3090 -1168.0000000000
3091 -1167.0000000000
3092 -1166.0000000000
3093 -1165.0000000000
3098 -1164.0000000000
3109 -1163.0000000000
3122 -1162.0000000000
3124 -1161.0000000000
3130 -1160.0000000000
3144 -1159.0000000000
3146 -1158.0000000000
3154 -1157.0000000000
3159 -1156.0000000000
3170 -1155.0000000000
3172 -1154.0000000000
3173 -1153.0000000000
3180 -1152.0000000000
3191 -1151.0000000000
3205 -1149.0000000000
3211 -1148.0000000000
3243 -1147.0000000000
3250 -1146.0000000000
3264 -1145.0000000000
3272 -1144.0000000000
3276 -1143.0000000000
3287 -1142.0000000000
3288 -1141.0000000000
3325 -1140.0000000000
3328 -1139.0000000000
3330 -1138.0000000000
3332 -1137.0000000000
3335 -1136.0000000000
3341 -1134.0000000000
3345 -1131.0000000000
3349 -1130.0000000000
3374 -1129.0000000000
3376 -1128.0000000000
3379 -1127.0000000000
3380 -1126.0000000000
3385 -1125.0000000000
3391 -1124.0000000000
3394 -1123.0000000000
3399 -1122.0000000000
3401 -1121.0000000000
3407 -1120.0000000000
3434 -1119.0000000000
3436 -1118.0000000000
3439 -1115.0000000000
3441 -1114.0000000000
3443 -1113.0000000000
3464 -1111.0000000000
3466 -1110.0000000000
3477 -1109.0000000000
3479 -1108.0000000000
3481 -1107.0000000000
3489 -1106.0000000000
3493 -1105.0000000000
3499 -1104.0000000000
3503 -1103.0000000000
3505 -1102.0000000000
3512 -1101.0000000000
3525 -1099.0000000000
3533 -1098.0000000000
3534 -1097.0000000000
3535 -1096.0000000000
3539 -1095.0000000000
3558 -1094.0000000000
3561 -1093.0000000000
3562 -1092.0000000000
3570 -1091.0000000000
3577 -1090.0000000000
3591 -1089.0000000000
3597 -1088.0000000000
3608 -1087.0000000000
3615 -1086.0000000000
3626 -1085.0000000000
3634 -1084.0000000000
3638 -1083.0000000000
3639 -1082.0000000000
3645 -1081.0000000000
3646 -1080.0000000000
3649 -1079.0000000000
3657 -1078.0000000000
3665 -1077.0000000000
3669 -1076.0000000000
3670 -1075.0000000000
3673 -1074.0000000000
3698 -1073.0000000000
3699 -1072.0000000000
3707 -1071.0000000000
3708 -1070.0000000000
3710 -1068.0000000000
3726 -1067.0000000000
3749 -1066.0000000000
3750 -1065.0000000000
3752 -1064.0000000000
3766 -1063.0000000000
3767 -1062.0000000000
3768 -1061.0000000000
3773 -1060.0000000000
3785 -1059.0000000000
3788 -1058.0000000000
3792 -1056.0000000000
3804 -1055.0000000000
3807 -1054.0000000000
3811 -1053.0000000000
3829 -1052.0000000000
3839 -1051.0000000000
3840 -1050.0000000000
3842 -1049.0000000000
3843 -1048.0000000000
3847 -1047.0000000000
3881 -1046.0000000000
3904 -1044.0000000000
3905 -1043.0000000000
3907 -1041.0000000000
3912 -1040.0000000000
3922 -1038.0000000000
3936 -1037.0000000000
3944 -1036.0000000000
3949 -1034.0000000000
3964 -1033.0000000000
3966 -1032.0000000000
3970 -1031.0000000000
3972 -1030.0000000000
3980 -1029.0000000000
3992 -1027.0000000000
3994 -1026.0000000000
3997 -1025.0000000000
4001 -1024.0000000000
4019 -1023.0000000000
4021 -1022.0000000000
4027 -1021.0000000000
4060 -1019.0000000000
4094 -1018.0000000000
4109 -1017.0000000000
4117 -1016.0000000000
4126 -1015.0000000000
4127 -1014.0000000000
4144 -1013.0000000000
4152 -1012.0000000000
4157 -1011.0000000000
4162 -1009.0000000000
4163 -1008.0000000000
4175 -1006.0000000000
4199 -1005.0000000000
4223 -1004.0000000000
4226 -1003.0000000000
4233 -1001.0000000000
4244 -1000.0000000000
4252 -999.0000000000
4258 -997.0000000000
4267 -996.0000000000
4276 -995.0000000000
4278 -994.0000000000
4286 -993.0000000000
4287 -992.0000000000
4294 -991.0000000000
4298 -990.0000000000
4300 -989.0000000000
4301 -988.0000000000
4306 -987.0000000000
4316 -986.0000000000
4324 -985.0000000000
4331 -984.0000000000
4345 -983.0000000000
4346 -982.0000000000
4350 -981.0000000000
4360 -980.0000000000
4361 -979.0000000000
4370 -978.0000000000
4374 -977.0000000000
4377 -976.0000000000
4389 -975.0000000000
4403 -974.0000000000
4428 -973.0000000000
4449 -972.0000000000
4460 -971.0000000000
4461 -970.0000000000
4502 -969.0000000000
4507 -968.0000000000
4510 -967.0000000000
4517 -966.0000000000
4521 -965.0000000000
4526 -964.0000000000
4529 -963.0000000000
4530 -962.0000000000
4558 -961.0000000000
4564 -960.0000000000
4574 -959.0000000000
4578 -958.0000000000
4589 -957.0000000000
4606 -955.0000000000
4617 -954.0000000000
4619 -953.0000000000
4628 -952.0000000000
4632 -951.0000000000
4647 -950.0000000000
4664 -949.0000000000
4675 -948.0000000000
4676 -947.0000000000
4681 -945.0000000000
4682 -944.0000000000
4691 -943.0000000000
4697 -942.0000000000
4705 -940.0000000000
4717 -937.0000000000
4731 -935.0000000000
4738 -934.0000000000
4741 -933.0000000000
4748 -932.0000000000
4766 -931.0000000000
4784 -930.0000000000
4792 -929.0000000000
4801 -928.0000000000
4815 -927.0000000000
4834 -926.0000000000
4840 -925.0000000000
4861 -924.0000000000
4871 -923.0000000000
4874 -922.0000000000
4881 -921.0000000000
4883 -920.0000000000
4886 -919.0000000000
4888 -917.0000000000
4905 -916.0000000000
4913 -915.0000000000
4929 -914.0000000000
4931 -913.0000000000
4941 -912.0000000000
4946 -911.0000000000
4959 -910.0000000000
4962 -909.0000000000
4973 -908.0000000000
4974 -907.0000000000
4981 -906.0000000000
4984 -904.0000000000
5014 -903.0000000000
5021 -902.0000000000
5041 -901.0000000000
5057 -900.0000000000
5062 -899.0000000000
5065 -898.0000000000
5067 -896.0000000000
5072 -895.0000000000
5078 -894.0000000000
5082 -893.0000000000
5091 -892.0000000000
5094 -891.0000000000
5103 -890.0000000000
5109 -889.0000000000
5110 -888.0000000000
5111 -886.0000000000
5114 -885.0000000000
5117 -884.0000000000
5129 -883.0000000000
5130 -882.0000000000
5136 -881.0000000000
5144 -880.0000000000
5148 -879.0000000000
5153 -877.0000000000
5165 -876.0000000000
5174 -875.0000000000
5188 -874.0000000000
5202 -873.0000000000
5226 -871.0000000000
5235 -869.0000000000
5238 -868.0000000000
5240 -867.0000000000
5246 -865.0000000000
5256 -864.0000000000
5259 -863.0000000000
5265 -862.0000000000
5266 -861.0000000000
5273 -860.0000000000
5274 -859.0000000000
5283 -858.0000000000
5297 -857.0000000000
5314 -855.0000000000
5322 -853.0000000000
5324 -852.0000000000
5326 -851.0000000000
5331 -850.0000000000
5359 -849.0000000000
5372 -848.0000000000
5379 -846.0000000000
5385 -845.0000000000
5394 -844.0000000000
5395 -843.0000000000
5399 -842.0000000000
5410 -840.0000000000
5416 -839.0000000000
5428 -838.0000000000
5441 -837.0000000000
5447 -836.0000000000
5448 -835.0000000000
5451 -834.0000000000
5455 -833.0000000000
5456 -832.0000000000
5470 -831.0000000000
5478 -830.0000000000
5487 -829.0000000000
5500 -828.0000000000
5514 -826.0000000000
5515 -825.0000000000
5522 -824.0000000000
5523 -823.0000000000
5526 -822.0000000000
5549 -821.0000000000
5550 -820.0000000000
5556 -819.0000000000
5563 -818.0000000000
5574 -817.0000000000
5577 -816.0000000000
5580 -815.0000000000
5588 -814.0000000000
5615 -813.0000000000
5618 -812.0000000000
5627 -811.0000000000
5632 -810.0000000000
5633 -809.0000000000
5640 -808.0000000000
5641 -807.0000000000
5646 -806.0000000000
5662 -804.0000000000
5663 -802.0000000000
5682 -801.0000000000
5684 -800.0000000000
5726 -798.0000000000
5786 -797.0000000000
5795 -796.0000000000
5811 -795.0000000000
5816 -794.0000000000
5817 -793.0000000000
5819 -792.0000000000
5844 -791.0000000000
5846 -790.0000000000
5858 -789.0000000000
5881 -788.0000000000
5888 -787.0000000000
5892 -785.0000000000
5900 -784.0000000000
5901 -783.0000000000
5920 -781.0000000000
5922 -780.0000000000
5930 -778.0000000000
5958 -777.0000000000
5963 -776.0000000000
5976 -775.0000000000
5985 -774.0000000000
6016 -773.0000000000
6020 -770.0000000000
6052 -769.0000000000
6054 -768.0000000000
6081 -767.0000000000
6094 -766.0000000000
6106 -764.0000000000
6113 -763.0000000000
6124 -762.0000000000
6143 -761.0000000000
6144 -760.0000000000
6152 -759.0000000000
6155 -758.0000000000
6158 -757.0000000000
6163 -756.0000000000
6171 -755.0000000000
6184 -754.0000000000
6188 -753.0000000000
6213 -751.0000000000
6215 -750.0000000000
6216 -749.0000000000
6230 -748.0000000000
6233 -747.0000000000
6249 -746.0000000000
6253 -745.0000000000
6262 -744.0000000000
6263 -743.0000000000
6266 -742.0000000000
6271 -741.0000000000
6278 -740.0000000000
6287 -739.0000000000
6297 -738.0000000000
6321 -736.0000000000
6327 -735.0000000000
6333 -734.0000000000
6337 -733.0000000000
6343 -732.0000000000
6357 -731.0000000000
6398 -730.0000000000
6450 -729.0000000000
6460 -728.0000000000
6480 -727.0000000000
6495 -725.0000000000
6497 -724.0000000000
6509 -722.0000000000
6520 -721.0000000000
6525 -720.0000000000
6545 -719.0000000000
6551 -718.0000000000
6608 -717.0000000000
6627 -716.0000000000
6629 -715.0000000000
6700 -714.0000000000
6703 -713.0000000000
6712 -712.0000000000
6718 -711.0000000000
6730 -710.0000000000
6731 -709.0000000000
6740 -707.0000000000
6749 -706.0000000000
6752 -705.0000000000
6787 -704.0000000000
6796 -703.0000000000
6801 -702.0000000000
6808 -701.0000000000
6822 -700.0000000000
6833 -699.0000000000
6835 -698.0000000000
6867 -697.0000000000
6880 -696.0000000000
6975 -695.0000000000
6979 -694.0000000000
6987 -693.0000000000
6995 -692.0000000000
6996 -691.0000000000
7007 -690.0000000000
7008 -689.0000000000
7030 -688.0000000000
7061 -687.0000000000
7067 -686.0000000000
7069 -685.0000000000
7077 -684.0000000000
7094 -683.0000000000
7101 -682.0000000000
7102 -681.0000000000
7106 -680.0000000000
7114 -679.0000000000
7120 -678.0000000000
7142 -677.0000000000
7144 -676.0000000000
7146 -674.0000000000
7168 -673.0000000000
7174 -672.0000000000
7196 -671.0000000000
7215 -670.0000000000
7221 -669.0000000000
7227 -667.0000000000
7245 -666.0000000000
7277 -665.0000000000
7280 -664.0000000000
7284 -663.0000000000
7295 -662.0000000000
7306 -661.0000000000
7309 -660.0000000000
7312 -659.0000000000
7322 -658.0000000000
7334 -657.0000000000
7345 -656.0000000000
7362 -655.0000000000
7388 -654.0000000000
7409 -653.0000000000
7415 -652.0000000000
7418 -651.0000000000
7430 -650.0000000000
7439 -649.0000000000
7443 -648.0000000000
7446 -647.0000000000
7460 -646.0000000000
7475 -645.0000000000
7477 -643.0000000000
7489 -642.0000000000
7493 -641.0000000000
7505 -640.0000000000
7510 -639.0000000000
7546 -638.0000000000
7561 -637.0000000000
7597 -635.0000000000
7615 -634.0000000000
7619 -633.0000000000
7648 -632.0000000000
7688 -631.0000000000
7701 -630.0000000000
7702 -629.0000000000
7706 -627.0000000000
7716 -626.0000000000
7754 -625.0000000000
7760 -624.0000000000
7809 -623.0000000000
7822 -622.0000000000
7823 -621.0000000000
7832 -620.0000000000
7841 -619.0000000000
7842 -618.0000000000
7845 -617.0000000000
7853 -616.0000000000
7875 -615.0000000000
7921 -614.0000000000
7943 -613.0000000000
7948 -612.0000000000
7973 -611.0000000000
7976 -609.0000000000
7996 -608.0000000000
8048 -607.0000000000
8054 -606.0000000000
8055 -605.0000000000
8067 -604.0000000000
8080 -603.0000000000
8096 -602.0000000000
8101 -601.0000000000
8121 -600.0000000000
8132 -599.0000000000
8144 -598.0000000000
8146 -597.0000000000
8154 -596.0000000000
8169 -595.0000000000
8173 -594.0000000000
8179 -593.0000000000
8190 -592.0000000000
8194 -591.0000000000
8203 -590.0000000000
8205 -589.0000000000
8217 -588.0000000000
8237 -587.0000000000
8240 -586.0000000000
8245 -585.0000000000
8253 -584.0000000000
8254 -583.0000000000
8261 -582.0000000000
8284 -581.0000000000
8322 -580.0000000000
8324 -579.0000000000
8330 -578.0000000000
8333 -577.0000000000
8335 -576.0000000000
8366 -574.0000000000
8368 -573.0000000000
8374 -572.0000000000
8391 -571.0000000000
8398 -569.0000000000
8399 -568.0000000000
8418 -567.0000000000
8420 -566.0000000000
8429 -563.0000000000
8445 -562.0000000000
8452 -561.0000000000
8453 -560.0000000000
8454 -559.0000000000
8475 -558.0000000000
8478 -557.0000000000
8480 -556.0000000000
8492 -555.0000000000
8508 -554.0000000000
8525 -553.0000000000
8526 -551.0000000000
8535 -550.0000000000
8543 -549.0000000000
8560 -548.0000000000
8563 -547.0000000000
8566 -546.0000000000
8587 -545.0000000000
8617 -544.0000000000
8621 -543.0000000000
8627 -542.0000000000
8630 -541.0000000000
8633 -540.0000000000
8651 -539.0000000000
8671 -538.0000000000
8689 -537.0000000000
8691 -536.0000000000
8697 -535.0000000000
8699 -534.0000000000
8700 -533.0000000000
8711 -532.0000000000
8712 -531.0000000000
8727 -530.0000000000
8737 -529.0000000000
8738 -528.0000000000
8754 -527.0000000000
8764 -526.0000000000
8789 -525.0000000000
8795 -524.0000000000
8818 -523.0000000000
8940 -522.0000000000
8941 -521.0000000000
8967 -520.0000000000
8980 -519.0000000000
8988 -518.0000000000
8989 -517.0000000000
8994 -516.0000000000
9002 -515.0000000000
9008 -514.0000000000
9037 -513.0000000000
9042 -512.0000000000
9059 -511.0000000000
9071 -510.0000000000
9096 -509.0000000000
9123 -508.0000000000
9150 -507.0000000000
9167 -506.0000000000
9174 -505.0000000000
9179 -504.0000000000
9218 -503.0000000000
9248 -502.0000000000
9260 -500.0000000000
9305 -499.0000000000
9309 -498.0000000000
9341 -497.0000000000
9345 -496.0000000000
9363 -495.0000000000
9383 -494.0000000000
9396 -493.0000000000
9432 -492.0000000000
9444 -491.0000000000
9445 -490.0000000000
9446 -489.0000000000
9452 -488.0000000000
9478 -487.0000000000
9494 -485.0000000000
9527 -484.0000000000
9548 -483.0000000000
9553 -482.0000000000
9571 -481.0000000000
9589 -480.0000000000
9601 -479.0000000000
9631 -478.0000000000
9638 -476.0000000000
9648 -475.0000000000
9651 -474.0000000000
9677 -473.0000000000
9695 -472.0000000000
9706 -471.0000000000
9766 -470.0000000000
9798 -469.0000000000
9822 -468.0000000000
9824 -467.0000000000
9833 -466.0000000000
9861 -465.0000000000
9866 -464.0000000000
9877 -463.0000000000
9888 -462.0000000000
9894 -461.0000000000
9938 -459.0000000000
9945 -458.0000000000
9946 -457.0000000000
9962 -456.0000000000
9985 -455.0000000000
10000 -456.0000000000
