evaluations raw_y
1 702401.4032495749
4 702916.0958578285
5 703349.9338580312
7 703629.2373922850
10 704132.3867716334
19 704442.2790030289
28 704964.3166590106
43 705248.9177394357
50 705279.4881071763
56 705728.7093403056
71 706171.1598011742
77 706378.4299257342
97 706684.8360771679
99 707305.7806959919
116 707378.2703074532
133 707634.9950334316
168 707823.8728443652
171 708566.4322090470
186 708670.5382145534
194 708902.4313940335
215 709092.8097517713
219 709338.2939483953
234 709372.8214346727
240 710083.4433778410
249 710336.6382293816
253 710383.8083636328
265 711132.0153337729
268 712291.6803681578
307 712458.7078664949
374 712533.9819156817
383 712559.7282193797
393 712789.6905495098
410 712910.5447981185
431 713219.3186716931
457 713990.2005476733
534 714014.6573278958
567 714151.3333213206
583 714523.0261700528
651 715640.5198364764
669 715669.5334681242
741 715988.8110702046
743 716327.8865967513
761 716804.1466542323
766 716919.7361735851
776 718118.2667444961
818 718883.3918341571
940 718923.9319656093
1029 719499.4236540021
1086 721125.4621723554
1118 721284.0714984625
1262 722286.4804406494
1288 723466.7832740570
1458 724395.3026293588
1523 725687.8446876605
1734 725742.1411958658
1763 726164.2132338861
1764 727009.5357676911
1879 727320.7835924928
1947 728051.6833498249
2180 730021.8464062421
2448 730724.8473919951
2540 731189.1171806775
2595 731206.5017413024
2793 731893.4447297939
2945 732078.4911159341
2951 732293.4963449189
2953 732718.1413000146
3030 732925.0946138776
3052 733613.3391396267
3096 733790.9722654094
3353 733794.5020588202
3442 734663.9354896902
3824 735161.5049070471
3931 735444.1279651594
3992 735492.5894137644
4105 735888.1236008205
4131 736213.1134046398
4170 736547.2308199570
4388 736995.1900256015
4517 737130.4850913610
4576 738106.7429732757
4783 739529.0578994534
4908 739909.6495931309
5035 740265.4298851195
5039 741781.2979581981
5470 742069.3279072011
5491 742687.0324022704
5777 742765.2667998814
6043 742944.6824216932
6263 743037.9486566641
6273 743214.7414378864
6330 743344.0961030503
6463 743745.8969601393
6495 744668.2240311559
6943 744777.4584590034
6984 745591.0683281382
7037 747264.0386879216
7176 747309.4063661500
7372 748133.2341701292
7426 748675.4106348377
7674 749103.2199507583
8618 749302.5746676128
8717 749782.3465665125
8975 750539.0106596805
9132 751144.3596022329
9152 751224.6418698725
9227 751840.2786890507
9440 752268.8111337676
9713 753717.7622058996
9883 753759.1234025055
9958 754272.9529662090
10000 739783.1372720328
evaluations raw_y
1 660968.9758050655
10 661372.0935278221
13 661800.7093854239
29 662668.5606546261
34 663326.4784644969
35 663756.9589126040
44 664679.3326921577
53 665039.1991952911
82 665164.7503627809
88 666024.2000433430
162 666629.6058499224
166 666730.1048596844
224 667898.7915957292
301 668561.5792193878
351 669540.2318597657
407 670031.0699802960
408 670697.0583015686
460 671244.8924575271
472 671477.2736100886
490 671632.4306664044
499 671812.1635242451
517 672435.4477134692
543 672563.2804978038
556 673204.5346286717
636 673785.1507588560
671 673787.2389720775
740 674658.1187519892
815 674662.0633912022
830 675240.0432659085
878 675298.6574420428
924 675528.5061780884
938 675575.2554498644
1023 675615.1554542967
1027 675707.2192413482
1057 676490.2185023329
1126 676962.1449011804
1172 678234.1143576648
1247 678815.0001268005
1321 679083.6704791758
1384 680090.7222852798
1465 680393.1903569665
1519 681049.4488060521
1545 682000.8869354277
1657 682258.6408242452
1658 682999.9395125598
1693 683479.0663750856
1800 683594.2827085267
1861 683670.9236886161
1980 683772.2501360996
2013 683784.9608008233
2031 684719.5632768257
2192 685065.1087518459
2323 685138.4616875213
2337 685748.7520064553
2431 685892.8984881013
2500 686419.1142345957
2533 687482.4919736026
2587 687603.5323743135
2605 688332.4443209675
2791 688995.7602656715
2919 689100.0419574255
2969 689146.1589476625
3004 689282.7025002424
3095 689498.4309833738
3221 689776.2347771082
3289 690351.7807228733
3362 690476.8098231865
3424 691396.7568363855
3521 691805.3863871258
3579 692272.1231025156
3740 693549.0224847861
3919 693631.1786049407
3956 694078.6048789157
4101 694483.7835938623
4212 695105.5767173041
4363 695727.5139331970
4685 696523.3257353323
4722 697041.7288503697
4906 697196.1458291786
5280 697692.0140798696
5347 697809.0923695659
5352 698719.8543636254
5535 699576.7639378984
5691 700050.1238402524
5821 701211.1645244757
5896 702171.2078096535
5996 702630.5764874176
6051 702698.6164759017
6137 702731.2054488506
6268 703171.6496835930
6372 703562.7746649459
6436 704249.1103333683
6643 706062.9930298685
6731 706086.0331248186
6848 706280.8491401030
7027 706597.7920301053
7162 706663.7552980625
7428 706671.2484515606
7454 707360.5016520680
7475 707526.5016990264
7506 708124.3812904292
7662 708409.3442171493
7975 709216.5624403363
8064 710650.0431958478
8272 711248.2920536533
8456 711258.1094504006
8660 712286.6423939263
9235 713826.6003358577
9262 715681.6127706093
9442 716319.9382834737
9590 716403.0959136522
9847 716439.2899971488
9881 716559.1471906204
10000 706188.6646237534
evaluations raw_y
1 694460.2988674709
8 695590.9782348590
9 696238.7488271520
28 697215.9717228272
55 697263.7437184155
92 697679.8287906423
96 698298.5753956577
101 698414.4321345618
104 698867.8175549990
123 700364.7768832118
125 700834.4804236658
164 701561.1652624105
174 701919.9936534422
183 702561.0399659879
201 703119.6010753848
206 703677.0008481189
213 704533.1484496209
281 705440.8236052741
291 705921.4662456907
343 706093.5902535766
359 706139.6741572607
361 706594.1362115873
380 706828.9040222373
427 707922.7497349667
491 708094.6224631522
569 709196.4768375568
592 709938.5970787683
638 710420.3506041573
690 710980.5045034853
746 711221.5379116150
994 711471.6718171528
1094 711596.8264703020
1197 712055.0935906047
1284 712267.3414438566
1335 712953.6929047814
1338 713081.7424427549
1382 713957.8444497947
1407 714799.5119541568
1410 714901.0360792349
1629 714946.7196666397
1690 715880.9679473096
1743 716020.8284741316
1813 716560.6564619113
1828 716905.9571765889
1881 717108.9924901553
1898 717668.7320339668
1977 717817.7481990989
2000 718673.9535479492
2057 719621.1960385100
2280 720272.9593847300
2453 720334.7602064508
2489 720914.0878255032
2584 722867.6252256050
2682 722955.4280927998
2774 723617.7871483399
2861 723773.4090016328
2984 724189.5694782970
3175 724667.8778802793
3213 724841.6296364297
3451 725647.8765588386
3468 725845.1216233106
3484 726183.8858506841
3528 726402.4196548228
3651 726795.3691256089
3693 727104.4687116870
4060 727167.9866059108
4213 727464.0851224697
4609 728472.8283735255
4651 728817.9851789408
4727 729621.7572716933
4891 729730.5811879163
4937 731152.9735107230
5147 731693.9837374564
5279 732368.9698112997
5362 733147.0642426603
5557 733324.9821245166
5931 733735.1944631597
6047 734018.0871266116
6049 734605.4674846823
6247 734916.5410808671
6400 735312.7292409712
6487 736190.3193634708
6509 736200.1401454314
6623 736242.1964606417
6693 736799.8079536229
6869 738554.3168721012
7092 738953.9772014598
7214 739206.6359643722
7299 740716.4748945413
7627 741368.9736893529
7661 742352.7690283403
7773 742502.8829926921
8489 743687.3573555680
8870 744112.7243169702
8871 744236.9567563069
9215 745006.8421027357
9243 745026.6482342936
9381 745687.1269701170
10000 677357.9520448883
evaluations raw_y
1 664374.3553800886
2 665187.6578777642
13 665222.9248763508
24 665229.5532118493
27 665387.3096342373
34 666101.8117210488
74 666293.6366229461
88 667311.2068699376
127 667509.9067113292
129 667525.8975795043
131 668296.8635011635
135 668516.8575300293
253 668663.8565292112
267 669325.8167398721
292 669395.6839398522
324 669650.6858527756
331 670712.3282766055
333 670836.0838923150
348 671559.0733043221
384 672394.8102603875
387 673056.4448896048
437 673736.2173739629
451 674761.6723845066
586 674859.9837054750
729 675399.3670807855
747 675655.7108028091
831 676018.3853755009
847 676560.2076875814
903 676847.5733045593
940 677224.6824631608
966 677233.0629961608
1105 678747.8537689813
1194 679378.6447190639
1276 679403.5921252749
1375 679522.4442742118
1404 679947.7750137203
1449 680264.9531802138
1524 681479.9106698979
1713 682114.3903850788
1751 682596.2327074965
1767 683018.1408865252
1787 683253.0389982153
2130 683856.0173202597
2145 683888.0663673816
2233 683961.5787189053
2325 684966.2432754394
2365 685687.1208808927
2495 685732.4841335567
2714 686394.0619103009
2795 687459.8589043886
2951 688051.1593142261
3011 689563.5121581479
3248 690410.5066456631
3334 690592.0359732748
3454 690617.5354917001
3617 690707.9400208513
3709 691491.3604119633
3712 692490.0613824803
3728 692523.2794554946
3765 692725.5978517036
3847 692786.8629395708
3882 693810.9451908078
4096 694320.1876120019
4115 694323.4126950587
4149 694761.0583498364
4342 695414.0739561461
4610 695652.2001291303
4737 696330.1338678754
4747 697229.3751525085
5009 697573.0561244516
5171 697799.3435358719
5250 697994.7278972478
5259 698451.6275849516
5295 698807.3172921439
6039 699628.5690796128
6164 700232.0115892384
6322 700355.5656405147
6480 700609.1529873770
6508 700810.3617088830
6591 700993.7402355995
6804 701203.6261477427
6811 701986.9517185477
7030 702950.4958025699
7223 703491.6296135875
7353 703574.5120911866
7400 703779.5599406798
7482 704036.8784553452
7491 705089.1198755082
7698 705311.0733938448
7875 705592.7287348885
8088 706640.2773549630
8473 707205.6144200289
8721 707901.0040624129
8729 708163.9205117397
8770 709282.5137826637
8836 709365.5340721339
9402 710852.4634239614
9658 711365.6362008274
9833 712794.6466648366
9885 714451.6863446591
10000 704740.6377422507
evaluations raw_y
1 697787.2957102167
3 698521.2636333531
7 698657.3038542125
9 699117.9756314247
14 699127.9120950503
15 699711.3697986712
18 700377.8988103827
27 700489.6869676210
28 700908.3168385063
30 701132.7078854841
34 702065.9431783895
44 702855.8732274328
97 703190.1988152679
104 703197.4193288558
129 703433.0062953840
132 703721.4329899850
150 704032.3186406378
168 704087.6080489908
183 704501.1545893562
186 704595.4345229408
187 705066.3861808273
190 705326.1718663943
222 706062.1472839967
257 706411.2511386271
299 706550.3446403303
319 707073.9487968007
359 707285.2751230862
387 707313.8309959191
395 708014.1944475354
420 709396.1389870474
473 711205.3451918142
542 711323.0225824309
590 711842.8368260311
623 712658.5070712083
668 712842.4006166969
708 713719.8914323943
765 714046.3218636669
789 714084.7277384214
892 714191.8529080087
908 714263.4237978192
1015 714447.1515167314
1032 715030.3550900472
1036 715277.1279704525
1107 715654.4020316696
1149 716083.3352062528
1238 716092.5688853349
1258 716289.7982852167
1259 716694.5728653009
1292 716997.8046614585
1402 717636.7133898066
1431 717911.8497365809
1512 718374.5109233686
1526 718517.4406650480
1575 718995.1386781263
1613 719694.9619272420
1765 720360.1761143254
1971 720462.9398827385
2004 720646.2193871201
2127 720813.4079304633
2147 721521.2150792583
2243 721848.6080826368
2560 723160.3605313790
2697 723285.8543887474
2844 724146.4353069641
3049 724703.1937227545
3085 724913.0522162818
3114 726505.1516987178
3139 726958.1812975768
3488 727394.4643004137
3534 727719.2892139584
3589 727975.7480608921
3666 728003.7822345999
3831 728458.0657554887
3921 728625.0424225889
4190 730044.7563430615
4220 730189.7274270455
4344 731045.9726738865
4404 731497.8869798697
4595 731659.9993536065
4801 732151.5550300529
5079 732248.8814649252
5270 733089.9199847432
5324 734142.7804474140
5570 735122.1570260717
5734 735790.8614773864
5782 736547.8948349375
5785 736550.1246963209
5844 737399.3556769458
5851 737717.5657468877
5957 739099.6528978780
6281 740887.8083902003
6342 741422.8368143955
6604 741528.8197838144
7011 741963.1181277013
7091 742170.0799944024
7149 742752.7347704323
7187 742965.6353718507
7247 743504.3859789324
7455 744375.2594445331
7510 745220.9184489502
7511 745631.0063564910
7612 746211.5676543595
7850 746565.0464204110
7927 746780.7422106096
8048 746795.4222749268
8270 747436.3363772662
8304 747630.9504074568
8343 748305.7783640459
8818 748365.1547225525
8845 748690.6438772000
8855 749137.0704002121
8906 749373.2356551730
9030 749556.5075685317
9194 750014.7244160998
9201 750192.5665328024
9231 751173.5316253551
9646 751565.9485009486
9822 751872.3823705668
9968 752856.8758883332
10000 687564.7149345374
evaluations raw_y
1 685117.4214926934
2 685140.9062823148
3 686677.8621868629
6 686883.6999107127
25 687004.7185170088
31 687609.8989178267
44 687759.1507920820
84 688753.3693757105
103 690641.5909546945
224 690742.8633917531
241 691077.6997400592
291 691133.2673525393
305 691846.2578712520
319 693580.0590659762
350 693848.6337741929
367 694366.7495997052
417 694822.6028771350
514 696550.4823290717
721 696970.4046222328
811 698480.0876129026
917 699385.8710268982
941 699613.2136748418
958 700969.8459285148
1017 701963.6682018625
1123 702163.9260569634
1166 702698.4161575367
1231 702742.4789296609
1404 702994.0576384194
1420 703559.2992826111
1530 704363.8515514598
1633 705203.1951842133
1715 705708.3215985202
1878 706002.8169852546
2078 706885.7950626583
2130 707502.4972650690
2242 708355.0444726710
2412 708892.4520409986
2455 709316.7535627886
2612 710777.2379129438
2695 711688.8337018235
2846 711692.0397465485
2868 711704.7624342799
2912 712354.0857503766
2943 712639.5925324988
3031 712769.6273711571
3145 713539.2605258812
3306 713951.3336272619
3318 714828.4554482641
3346 714912.8288477288
3451 715429.8856072511
3456 715519.9241760329
3592 716373.2864054193
3634 716464.7608933890
3710 716511.3685148257
3712 717030.5549298140
3840 718405.9500775106
4098 720170.6272345451
4100 721843.7792053049
4241 722168.1778709128
4460 722262.0914513143
4543 722841.7991295420
4718 723257.9715291647
4830 723258.0441406762
4884 724842.8457159213
5604 724897.3961491983
5665 724898.0280436150
5733 725591.2018560979
6046 725894.1420950078
6273 726351.2771308121
6288 726391.5372855313
6302 726627.9977442215
6368 726951.7857626209
6701 727753.3950370568
6894 728147.8139531366
7204 729010.8913512353
7582 729069.0988210294
7705 729110.9859418287
7843 730130.0723572549
8042 731509.8372361963
8230 732006.4545768736
8254 732430.3954667306
8599 732489.3360029743
8603 733092.2973406375
8634 733165.3944599961
8794 733385.4255627292
9408 733856.6317309501
9976 734365.0278736333
10000 693001.9274831938
evaluations raw_y
1 681889.4625469487
2 682748.0599701803
4 683570.3218039689
5 683685.8931278718
12 683906.2084950219
13 684372.2385334029
16 684819.7143654563
19 685541.9572975766
22 686887.8646893016
44 687664.2066072891
73 688349.1253946627
116 688484.6722481222
158 689100.0538662829
197 689580.4790860252
273 690094.3194598462
295 690713.9904830600
397 690758.6541100771
427 691391.7428548508
488 692295.1351735222
511 692738.2583514182
580 692743.5069339648
585 693241.4642282003
595 693954.0286336308
781 694466.4891607072
889 694550.4387634918
976 694614.8284902551
978 694633.4417936824
1018 695035.9114327609
1061 695779.2391222446
1167 696580.0894639299
1180 696695.9426818478
1277 697434.7240583980
1320 697730.1745561180
1413 698288.4536078207
1638 698389.9186431410
1668 698567.1622062916
1748 698646.3337120624
1820 698799.9548734217
1842 699073.2788248875
1859 699097.0931177160
1864 700651.5187953106
2075 701289.6519362847
2189 701520.1629403636
2322 702805.0817771878
2428 702972.4711895254
2684 703740.9527950725
2837 704646.0666733892
2988 705569.0218573725
3016 706513.8841266205
3107 707365.7260230632
3254 707726.0207156660
3407 708306.4185657748
3540 708613.6615773202
3549 708991.7717112104
3553 709737.9184332943
3572 710214.8684316429
3673 710940.0675593972
3768 711649.8670538211
3804 711717.7541608652
3921 712191.6512787143
4005 712490.9895601755
4043 712927.6068113962
4055 713464.9042595802
4064 713475.3723904750
4118 713747.3219350025
4263 714595.7589992422
4366 714965.1839762246
4439 714966.4999258311
4483 714986.5034771388
4712 717627.5093522794
4771 718385.7763859337
4920 718894.5102800670
4932 719005.4985807094
5041 719160.8892874789
5057 719536.1953771876
5156 719754.6430795187
5329 721374.5063519590
5837 721627.5773159057
5937 722229.6613035544
6282 722936.2907792183
6413 723952.7220950058
6470 724784.0242640844
6662 724788.3837369386
6716 725648.9989526747
6879 726164.2591204615
6988 726178.1567852106
7254 726746.7070312143
7529 727087.3160003320
7680 727276.8414744587
7890 727302.4719000247
8175 728121.2873327526
8386 729564.4504593216
8481 730889.0118677088
8990 731685.6535550962
9017 731860.1339760299
9453 733412.6791591443
9815 733448.2826933573
9843 733729.1532935553
9979 734589.2027979867
10000 679741.9602915858
evaluations raw_y
1 681049.9004286919
4 681150.0282590758
6 681987.2084193536
9 682107.9157486337
11 682218.5168427202
24 683336.3483513069
46 684025.5491055071
69 684435.5928683170
89 685031.9052681843
103 685575.0101073675
104 687460.6551119747
167 688206.1751415733
177 688666.2176901448
201 688970.1129252570
278 689236.9111317300
361 690136.1523410276
407 691350.5355230309
428 691422.6754065459
492 692757.6257614100
655 693393.4086412755
698 693909.2438746272
710 694214.6257099548
724 694303.1471863943
873 695329.0357803445
890 695838.9694311355
924 696367.8816179670
951 697202.7646677097
980 698105.6356342435
1139 698332.8277185715
1154 699006.4522095508
1297 700065.2800116291
1303 700295.2387027392
1405 701112.5689294058
1560 701870.8240076231
1754 702331.5148141528
1856 703307.5220701873
1952 703824.2692490303
1967 704896.0738181717
2081 705327.7719770552
2199 705898.5877164234
2207 706281.7528537312
2282 706949.6657377873
2302 707042.1528740248
2415 707082.3598643374
2437 707982.6954739171
2597 708376.8010410770
2690 708393.0203944853
2700 709185.4338718653
2796 709711.9556603355
3110 711524.7346993607
3469 712891.6044833930
3958 713440.5928511149
3989 714454.3649598170
4208 714962.7710144968
4209 715734.3412401362
4657 716651.4401632077
4686 717088.7793203533
4921 717471.5448957809
5057 718452.7086247782
5230 718894.1217313012
5246 719347.3553009812
5351 719651.1152625156
5410 720582.0623279300
5514 721565.6826965071
5714 721747.1658224883
5833 722113.9023242173
6005 722348.4697750047
6078 723186.8334899492
6371 723322.8827461719
6810 723981.3292446235
7022 726512.6200947604
7054 726812.5240950590
7197 727580.0307222625
7236 728312.7772085496
7343 729214.8636986610
7687 729366.6222671987
7832 729927.9296438500
8342 730004.5223486491
8500 730544.7772032298
9051 730698.4100198203
9446 731071.0396943074
9464 731950.5496426206
9789 732286.2884092864
10000 678291.4588441114
evaluations raw_y
1 679619.9291585010
2 680694.1313736539
27 681461.7101463623
29 683011.7521702650
39 683811.3008977531
41 684432.1438494917
49 684677.6721516084
67 686325.8378980770
69 687147.4194150825
128 687234.5142041838
177 687584.4662635648
185 687617.3045431263
202 687944.9964905451
263 688378.7614000215
296 689555.3555438034
433 690149.3617009778
438 690287.7062466252
549 691729.8827751976
592 691735.7457670250
696 692010.2973247522
773 692484.3159098303
909 692601.2050941649
927 692924.8949518931
950 693117.7691984894
955 693389.7527142584
1014 693502.6245193183
1124 694154.2517011437
1159 695011.8845390314
1228 695136.6840413922
1289 695261.1323060916
1320 696048.2063701381
1342 696211.7755275166
1368 696224.0807180566
1444 696452.8097936967
1473 697058.3173740611
1515 697617.1435326402
1549 698451.5497029340
1556 699027.2240221329
1598 699066.8040425698
1613 699668.3421852711
1704 700688.9410665238
1817 701082.4228415164
1891 701388.0850818615
2118 701554.5240289209
2160 702149.5018910143
2200 702580.4655090643
2236 702697.3371586902
2331 703588.5146691247
2407 704110.6449864827
2544 704482.0824383425
2616 704484.3547746765
2700 704690.6249201030
2756 705074.7376441257
2852 705356.0129794568
2912 705690.1334724964
2972 705716.0859255358
3002 707718.2549103862
3436 709573.3029788573
3810 709753.4547181025
3870 709881.8453052085
4041 710465.2101789906
4401 711586.3577252660
4574 712050.1579029079
4705 712142.6483180978
4796 713635.9486819112
4990 715145.7579916038
5059 716002.4822188916
5175 716283.2619153975
5271 716973.0195333072
5431 717231.3879102699
5678 717596.1409474431
5839 718006.9020930748
5880 718768.1134520280
6021 719787.0926389338
6232 721486.2964208074
6243 722433.5138513694
6316 723068.7138733548
6323 723277.3452428777
6945 723920.2670327080
6961 724607.2129614268
7121 724817.8110263246
7349 724873.0021261483
7416 726642.9643537377
7426 727649.3565875625
8042 728534.3415358153
8075 728597.4377730970
8309 729159.4286558100
8326 729393.1962946056
8328 729691.0281603098
8503 730229.8827487435
8542 730378.9365311967
8802 730414.6626271246
8808 731502.1484149527
8881 731694.4228547016
8936 732077.3609641638
9222 732268.9718896762
9284 732503.7266792094
9489 732868.4869705390
9648 733655.4995374734
9938 734001.4899794481
10000 729470.1263815734
evaluations raw_y
1 695281.7396390180
7 695912.4993154070
29 696414.6590643537
34 696807.8158731501
55 697095.9835898669
58 697413.5767438031
71 698229.9559730428
95 698894.3861289055
106 699523.7361180315
108 700574.9034926497
111 701330.3106914312
155 701396.3328428558
180 701795.4803740125
190 702429.4955573858
200 702497.7869122161
228 703024.8491463349
234 703308.8875225149
252 704077.8015524258
358 704423.8385343264
370 705184.8405896905
462 705901.8708900181
491 706457.7545215695
577 706914.3955773419
606 707301.0694832575
694 707644.7993043344
740 707797.4757832509
782 708545.3709316342
837 708981.1146408919
861 709262.4236411344
909 710327.6164159784
928 710684.1802112983
970 711309.6391119638
1046 712520.6037583856
1059 712811.1179568965
1158 712819.2304002846
1178 713204.6382484246
1251 714216.9503201356
1273 714592.3868627762
1376 715472.9281386153
1519 715773.3830535769
1609 716212.1280576908
1760 716387.6848251942
1761 717192.3348690487
1820 718225.4077456298
1881 719404.2934295388
1947 720555.5575946064
2010 721430.9953513100
2164 722433.9544010868
2200 722476.9946414537
2254 723106.6327880305
2298 723568.5359313793
2357 723717.8246894057
2443 724315.8611426459
2522 724403.3960038929
2532 725352.9554739675
2731 725414.6428326723
2814 725644.5425579646
2883 726478.7895189680
3064 727228.5990145867
3172 727359.8209412554
3320 727863.1741524333
3402 728152.1230480461
3475 729059.7954174236
3602 729333.8910744754
3814 729450.9240524377
3884 729524.8542873535
4177 730365.6846118756
4409 730553.3003836590
4438 731252.7211324138
4581 731267.3120712321
4613 731440.8103964258
4614 731907.6312956064
4625 732617.0935994301
4833 733535.6799066389
4943 734264.1951970347
5021 734621.3071210861
5050 735217.6238431050
5065 736450.7409326572
5300 737267.2411688081
5345 738086.2149091722
5423 738733.0271557202
5502 739458.9102139525
5510 739586.8149881351
5551 739771.2081121760
5648 740592.7289922570
5813 740862.2885100009
5948 741124.1873961065
5959 741152.6581655063
5968 742243.5506989980
5986 742243.7975763314
6220 742422.7253335174
6529 742975.5564528756
6737 743392.3101175303
6760 744181.1225635429
7157 744829.8191154941
7448 745482.1970507678
7497 745945.4664525404
7615 746807.8714906680
7658 746929.2591567197
7826 747024.1078352912
7870 747785.1502675136
7990 748755.2394043127
8066 749251.8467535552
8187 750260.3532968253
8267 750517.0332229959
8431 750692.5883423776
8445 750988.1968310161
8901 751493.1652703047
9247 752675.6077692352
9627 753270.7800610280
9628 753551.8918030441
9753 753793.6693162526
9885 753876.5991007201
10000 730548.6791554888
evaluations raw_y
1 686045.5238249634
12 686162.8674215375
17 687462.7324507704
21 687488.6359721255
42 688439.3944329502
84 688905.9775724341
90 689468.1002543158
104 690217.5572702521
183 690653.6272591000
236 691683.8038166586
335 692130.3818952974
377 692458.5695762285
394 692729.0337553627
397 694486.6940377682
511 695345.3392341391
519 695956.8952866725
703 696514.8203030115
769 698193.8615683494
772 698491.0748443865
794 699006.1462702232
861 700577.5070704198
945 701189.0615230802
1135 702281.6703611086
1271 702626.4506404967
1404 703599.1862601371
1449 705018.7582295535
1616 705169.9668681324
1649 705251.3723184033
1664 706846.1177054800
1702 707733.7527657720
1895 709228.8075281004
1999 710043.7887458703
2001 710375.7740196537
2029 710602.2575975487
2163 710778.3619603950
2253 711252.1757181240
2383 711747.9721343924
2439 712231.7859696453
2548 712595.6639163273
2593 713056.2281541984
2808 713445.4970784895
3084 714175.1674538152
3253 714786.0617908393
3326 714814.4649458334
3332 715246.4425982642
3348 715392.3413749026
3626 715470.7526919877
3685 715485.3466714618
3727 715669.7643024728
3739 715825.2218485265
3785 716329.1539807009
3842 716365.5653454603
3850 716374.1406046859
4015 716595.2022256632
4109 716753.6345921608
4432 716928.7672239537
4466 717367.7447166940
4619 717788.0666870452
4729 717926.5039245082
4813 718120.8029365313
4939 718563.2759915823
5010 718787.7779075541
5017 719308.6514315309
5142 719322.5135474170
5509 719618.3745897479
5515 720251.3533732237
5626 720303.6343364387
5628 721159.5552798610
5694 721565.4907994759
5968 721661.0815605258
6019 721891.4764199867
6561 722491.0235737993
6805 722890.8744725266
6946 722950.0248929225
7217 723910.9687280691
7354 724064.2774256067
7535 724593.6945115909
7761 724875.6282191389
8055 725094.9814199448
8160 725873.5324383769
8308 726344.5024097300
8530 726534.4842277158
8596 726755.8477910800
8600 727620.5625510864
8609 728611.4709504407
9121 728932.4789381414
9240 729120.5582316660
9303 729719.0720456622
9534 730488.6514223377
9851 730970.8573958809
10000 687453.2335042875
evaluations raw_y
1 689243.3394481782
7 689451.3924815875
11 689894.7386679375
14 690552.7738697978
26 690682.8474791261
51 691118.9172942905
56 693037.7444028516
84 693640.7887989297
113 694252.5033377877
121 695375.4317278240
147 695522.2103695273
175 696323.9073756422
222 696958.7217537436
246 697034.3092482075
280 697343.4411362213
337 697566.8632619685
379 697674.8019408298
417 698740.1448280663
455 699611.0240018335
493 699651.5305715947
503 699736.9764097071
519 700728.1419419257
528 701223.8714906704
624 702100.8388785500
657 702326.9937698861
675 702627.5413267289
705 704094.3825513485
722 704524.1650422818
784 705777.3645903348
845 706751.1051445404
883 707260.3694225204
1022 707308.4561459407
1191 707737.9782861127
1259 707859.9715392638
1265 708281.0858412308
1396 708281.5080409615
1429 708560.4554139924
1450 709246.8185428184
1614 709731.3291658643
1615 709866.1760098806
1645 710796.9368326168
1698 711184.3784698183
1741 711250.0860614672
1759 711569.5698245027
1916 711604.3620701246
1925 712179.8392914330
1939 712320.8480346277
2051 712355.1962330606
2092 713239.5493198765
2102 713882.4740283339
2254 714298.4222951604
2304 714366.1925548527
2349 715225.7395632381
2438 715477.0325754035
2460 715759.5873734895
2488 715858.7376888217
2502 716025.2276675599
2544 716559.7167321593
2592 716775.6676739210
2680 717375.7082616932
2964 717826.1271075530
2995 718185.3960817390
3130 718797.8606816853
3270 719777.4778039546
3387 719892.4695653215
3412 720870.0738684243
3438 721194.0480210431
3528 721358.6000442063
3760 721445.3405494425
3785 722088.9225452116
3918 722642.2327685948
3947 724029.8778923835
4011 725004.2655942925
4065 725324.7120017102
4128 725391.4746809955
4155 726398.3762158799
4397 726770.5829266075
4431 727037.3780731403
4438 727300.9406711679
4515 727420.4898637336
4567 727622.3580835497
4670 728798.5635906345
4759 729370.9877385256
5064 729750.2265128364
5153 730061.0747517984
5170 730565.6137364815
5234 730741.8571107369
5509 731519.6819200505
5514 731691.5894854484
5821 733125.0152622545
5961 733273.1791119800
6056 733281.2441212588
6172 733405.6018713504
6238 733626.1838676998
6274 733727.0397487055
6345 734725.5832966565
6498 734805.7140228180
6633 735266.1956029907
6642 735488.0565586789
6759 735728.4625028317
7046 736093.1880776879
7082 736512.7880703313
7244 737813.6444344551
7344 738421.5605510434
7432 738534.7683515268
7615 739706.3016688064
7893 740143.4862264828
7903 740350.2700341729
8159 741224.5021374128
8551 741263.6074372571
8561 741958.9037042108
8718 743407.8933409232
9410 743728.1339029480
9910 744097.8762903044
10000 737706.4633459531
evaluations raw_y
1 696893.4448034111
6 697240.1508749719
35 697364.0511089112
44 697457.3310750390
67 698250.4655986783
139 698775.4894962943
141 699809.0387334769
171 699961.1478597899
181 700013.5508338657
186 700656.4709066729
229 701319.7369236342
292 702268.5260551571
296 702300.8707079492
313 702355.0342868059
368 702738.6332972457
380 702957.8657204011
388 703090.4052885482
418 704939.8509630421
433 705170.6435422787
447 705638.9264961545
490 706409.2293366208
500 707004.5466937984
520 708835.1400196700
577 708848.2104394366
594 710620.5812225380
662 711519.7570898312
829 711783.6199892259
898 712367.4992099134
924 712923.8143792810
964 713292.3483365072
1096 713420.6112188888
1189 714112.2298466577
1327 714657.6091039388
1335 715412.9788333579
1407 715610.4780956410
1485 716404.9968033833
1535 716908.8221518494
1679 717223.7448830840
1702 717835.7436290701
1718 718058.8804791741
1776 718158.8706537249
1799 718186.1839986491
1852 718395.1358717635
1947 718760.8587757960
1971 719282.3416671361
1992 720013.0648749995
2008 720087.0155805488
2142 720818.1645273545
2326 720866.5911115829
2415 721000.5808405916
2452 721189.5262718449
2460 721308.5737332789
2610 722210.4432666274
2667 722617.9603754096
2885 722740.8536006677
2979 722986.2767778541
3018 723341.0820203332
3084 723351.6644895078
3170 724333.7967359471
3358 724690.9614565495
3525 724959.1536702696
3586 725097.9262228059
3659 727139.4548021748
3830 727406.3824835861
3935 727880.1959904124
3939 729083.6541077790
3946 729150.1013194040
4014 730126.8913581045
4191 731166.1761725949
4425 731883.0007239876
4553 732013.4033719042
4837 732872.5374007093
4924 732962.7796551358
5026 733040.5626542328
5145 734320.3176305831
5277 734639.0718230843
5572 735978.2188447129
5906 736929.8575766225
6226 737856.1649413492
6448 738284.6326850257
6609 738639.3793843879
6750 739464.3412762356
6960 740296.7547498553
7495 740848.7026444317
7950 741079.8261639661
8256 741104.6198642007
8261 742982.0345091213
8702 743734.2311319520
8708 744567.0688599965
8761 744614.9112224056
8842 745444.4852992025
9189 745840.2677046167
9371 746762.5922832747
9395 747252.4773680540
9436 747526.3988907033
9636 749045.0645273272
9777 749919.8438110469
9795 749937.6211765972
10000 738378.1414442632
evaluations raw_y
1 654060.4250103093
6 654597.0915464588
13 654986.4449512580
23 655557.5121663566
28 655675.3195514606
40 657028.6342920032
99 658135.9100023188
151 658835.3260139555
152 659629.6147336622
156 660298.7487698623
170 660338.6488452947
213 661165.6258162176
288 661375.3891570948
325 661621.8768312875
349 661960.3514291537
451 662689.8849016215
544 662755.2867679860
582 662871.9653536264
626 663391.8228286691
762 663418.8460972328
763 664137.4262001454
799 664683.2463890921
807 664695.5740570594
829 664883.7762082806
997 665525.5096818886
1040 665541.7315367828
1076 666562.6697222625
1140 668381.8874312888
1156 669143.2772222097
1244 669416.0739510347
1256 670894.6710417654
1517 670901.0931473917
1603 671624.7184319728
1744 672055.1354429547
1754 672837.1833405631
1874 672930.8307826819
1905 674697.4772593046
1938 675039.4399885421
2129 675786.4526444316
2173 676092.5743497869
2228 676653.0502130805
2278 676669.2572445981
2366 676850.5228470122
2507 677115.4021814998
2681 677859.3467444476
2709 678309.2129908259
2779 678698.4257304876
2855 679421.2202247010
2870 679458.4844202466
2906 680307.4566622080
2920 681212.5421005643
3047 682698.4364451276
3128 682878.6212163535
3218 683830.3735358531
3294 684368.7851984847
3317 685094.8521040418
3632 685342.3257563869
3774 685897.7173350679
3901 686050.4485910429
4055 686179.4860566980
4096 686255.8307006398
4180 687093.0498657946
4454 687098.0785777539
4562 687603.9899438516
4786 687742.0618011267
4834 687912.4729612094
5109 688612.4813821627
5142 688709.3280514363
5151 689118.1576984846
5307 689686.4596745379
5504 691107.8742124798
5594 691815.8568124041
5902 692195.9031678922
5965 692370.6022935223
6013 692377.4793615434
6021 693359.6967096593
6150 694885.6018089586
6231 695477.7062019237
6291 695820.9641833167
6368 696610.2532316082
6648 697248.7018345110
7145 697261.3264939886
7444 697968.5144813159
7527 698009.7706640398
7541 698089.6177852594
7807 699096.5805422615
8432 699333.2824437843
8638 699860.3316508583
8854 700116.6039757279
8859 700277.7502272960
8951 700291.6628693495
9076 700523.0672268808
9091 701798.8205783966
9250 702112.4260548442
9260 703431.7557109012
9304 703634.2548121281
9429 703913.1013012797
9470 704869.6697197864
9600 705131.5733134641
9707 705760.0608054390
9732 706289.5397864690
10000 637494.3961339484
evaluations raw_y
1 668939.9484337602
2 669148.4757138736
4 670333.9437214669
8 671222.6145013366
43 672092.1070586591
79 672409.0486860424
119 672409.8439002022
137 674628.5996987596
144 675229.7682365013
183 675487.2664715576
197 675645.9327346849
230 676348.4337477110
304 676497.0286899818
310 678046.0745329489
337 678706.0773832162
344 679011.3448709174
352 679388.1594690225
371 679947.9187474473
393 680781.4005244187
394 681727.7591565286
470 682247.7397281780
480 682327.2593792556
484 682722.1689764158
589 683434.5429735150
659 684102.4419882483
813 684706.8284733671
869 684891.1263946352
931 685037.0642161121
945 685146.6627410082
1127 685454.5750772501
1224 685467.2000645183
1257 685508.1231664431
1272 685671.6449685801
1328 686205.4023925191
1373 686504.5540786325
1453 686518.7999288848
1588 688194.5364182001
1592 689175.8325051732
1639 689748.9286969863
1769 691285.9704388904
1819 692121.8763591155
1854 692623.0389396775
1879 692725.2568818246
2007 693817.9918686774
2073 694724.9006034054
2098 695401.2622009561
2106 695524.6462189255
2170 695769.4886591665
2187 696342.2816765690
2282 696596.5581436042
2333 696745.4205821360
2388 697024.0677449040
2491 698137.7427039912
2593 698647.8731071383
2641 699835.5098770424
2809 700015.8947467114
2917 700436.7715081063
2928 700829.9854780552
3009 701044.1978560565
3143 701314.7450104351
3157 701364.4350150863
3174 701612.2146631533
3250 702670.9725435260
3508 703579.0520200335
3583 703906.5743765864
3730 704083.6749285545
3768 704973.1002867542
3962 705177.9630561529
4153 706853.4470016867
4174 707413.6431788554
4251 708121.7591295893
4327 708472.6906973654
4480 708660.5449664077
4684 709281.9590493259
4701 709575.3719241634
4813 710468.1759249381
4990 711271.9618252872
5069 711457.3929978641
5095 711482.2323444282
5106 711771.3105399457
5342 712196.6228552539
5345 712455.1181968035
5479 714021.9624847430
5597 714559.7508792605
5949 714712.2384454182
6014 715354.5198749402
6242 715849.6231689219
6495 716092.4399606552
6618 716403.9120219264
6692 717271.0026070173
6873 717369.6733183925
7208 717496.9993828757
7224 718380.6007364914
7288 718443.3064629402
7316 718955.4262047730
7572 719033.7044675074
7701 719039.7957422144
7824 719068.8263997859
8123 719802.4209846964
8302 719864.2256828647
8316 720004.1743404438
8318 720013.5726389507
8330 720433.5797940943
8638 720891.2780921261
8780 720972.4102340327
8872 721328.3924502690
8983 721376.5327108981
9032 722054.9311153373
9136 723141.4056202851
9137 723699.7828016045
9315 723893.8958525819
9577 725022.7995399347
9851 725604.9007621610
9984 725661.7534669053
10000 677472.7327297230
evaluations raw_y
1 681681.3051291805
6 682259.7062365203
13 682720.8311716609
28 683313.5163031530
48 683518.0527158058
51 685368.2498372759
68 685393.0163822572
83 685430.4197874828
97 686998.1647470120
113 687831.5664479570
140 687929.4399398409
158 688148.7737544210
171 688426.5953517840
206 688705.9961348028
225 689010.4344895434
226 689304.1441440188
238 689791.6384999993
267 689914.4225921542
280 690096.4416162763
288 690380.6615695014
324 690958.9844933451
374 691114.5194931347
382 692041.9818112231
476 692727.5538824523
494 692928.3220190189
497 693381.7941830510
598 693941.7809328587
628 694398.6621205693
634 694421.2871359291
649 694913.0702182575
727 695713.9359175626
785 695869.7625839682
811 696285.2348672512
828 697634.2669417603
830 698488.6526209421
887 699147.5437625167
893 699303.9650199448
964 699600.8383402030
978 700064.6320372561
1058 700720.2916031166
1088 700898.7732346563
1143 701064.5299368585
1172 701706.1439292994
1245 702571.3045824356
1263 702988.0208562205
1340 703437.2002632165
1420 703683.7194469624
1462 703884.7080146520
1536 704715.6786275024
1560 705292.3104933890
1663 705719.2557858205
1747 705985.4840264166
1959 706216.3861224977
2131 706737.4291144037
2225 706823.4294200912
2271 707334.1871458500
2305 707353.1578835030
2496 707443.7670664949
2547 708113.6152963149
2551 708345.4029309844
2615 708816.3589830463
2646 710513.0346664666
2757 710782.2644853059
2824 711774.1354106072
3007 712605.0997972413
3054 713619.0336532575
3242 713802.7237495683
3288 714339.5440131517
3345 714607.2790668006
3386 714904.0563855540
3507 715199.1774294371
3707 715920.6684422876
3760 716145.1547827417
3785 716746.7845703048
3907 718304.9470788416
4218 718448.7515270330
4266 719156.6157211520
4604 720004.2644381430
4664 720444.3465205629
4924 720854.9590314409
4956 721779.8247657403
5042 722482.0755820068
5410 723689.7774403313
5715 723811.9708944844
5796 723833.2052560518
6185 724518.0431202690
6313 725369.5125893361
6361 725739.6193608587
6456 725951.8602377836
6643 726970.7273595866
6763 727202.7886800250
6846 727680.1666310217
7118 727866.0178353228
7151 728037.9417873634
7204 728849.6375850816
7605 729068.4473913121
7662 729575.5324521719
7756 729758.0801539860
7815 730706.9633413566
7930 731584.2146052292
8212 731923.6745809736
8439 732345.4403040041
8705 733240.1285343285
8845 733247.4572970421
8989 733311.0767898731
9236 733492.2426614948
9478 733848.2239570251
9495 734250.5199249549
9672 734499.4281425762
9768 735568.6511658906
10000 671441.3171119877
evaluations raw_y
1 698096.9687653614
3 699017.3634636264
7 700367.3664914452
29 700660.5724863672
30 701063.8547730700
70 701248.3857293363
79 701520.8702318138
89 701781.3575591779
98 701868.6149392233
104 702509.6102538039
109 702616.9090306015
117 703078.0087905083
132 703158.4379629802
135 703317.9695596925
142 705105.7134139724
167 705240.8188770933
188 705535.1384852744
205 705807.8388964185
213 706317.7323413751
245 706432.4170432067
309 706649.9483498441
408 707532.9254401475
423 708358.2014307303
446 709801.6498433494
485 710149.8229209619
627 710335.9073323713
710 710906.8452810344
788 711789.4005564263
922 712862.9960042348
985 713650.0307003591
1054 713706.0771515775
1074 713956.9165637908
1077 714650.8402737050
1259 715652.1673533833
1489 716519.2830751321
1608 716717.3416204414
1665 717266.3299898630
1669 717327.7749427520
1833 717694.8870583629
1842 718037.2676716701
1863 718189.2139011791
2035 718840.5794226410
2112 718910.1133489701
2200 719008.3323777831
2271 719634.0748137176
2291 719710.0280704885
2328 720057.8209746076
2370 720178.8256580645
2393 720518.4688980421
2407 720623.7722094819
2463 721291.6653554147
2566 722298.4069719455
2664 722827.9136775184
2719 723602.6410045807
2749 723641.3276963161
2798 724426.1386661511
2801 725207.7440921644
2932 725409.9313314534
2940 726105.2146913168
3062 726905.6695961348
3129 727161.2343133477
3423 728183.1921392541
3725 729153.9401456638
3967 729928.5284597861
4046 730496.9594041796
4174 731944.8850246910
4549 732172.9113112172
4585 732432.7445885456
4660 732880.4917291522
4853 734026.1308187455
4905 735449.1191530145
4994 737077.6579559949
5321 737833.0417260480
5362 737881.6432556225
5794 738347.1708120656
6023 738732.6609217454
6427 738772.1279683134
6473 739247.1126668964
6500 739513.1300520198
6675 739911.6343712707
6806 740474.2562270253
6857 740857.0310144061
7196 741066.9895098240
7344 741250.8327623763
7369 741568.8132201323
7426 742546.5703998096
7649 743515.4663908443
7865 744057.2658795759
8254 744651.0024707316
8288 745039.3413505969
8636 745040.9255455346
8706 746307.7695957639
8780 746613.8825539901
8919 748544.5690776313
9171 748585.4101349575
9196 749243.9653430107
9438 749697.9632750049
9902 749896.6490483428
9965 750632.6021077218
10000 705265.2680849016
evaluations raw_y
1 693831.9819937774
9 694482.0399766818
11 695411.9160145093
30 695520.8399138591
34 697140.7203456550
62 697381.4954740814
90 699089.0116308110
111 700332.9808135706
122 700492.5033126444
151 700915.3970441648
229 701950.6511334991
290 702618.5467141500
493 703239.6593831597
635 703814.9233557668
652 704106.1250808581
772 704829.5470589881
795 705286.4200311095
798 705802.1030417595
874 706051.7914353803
902 706236.0303955869
1024 707224.2879033327
1094 707571.6190204587
1134 707679.8332141138
1162 707988.6925469578
1213 708439.6204682469
1242 708892.4408104433
1264 708940.8042035450
1359 709537.1158496676
1366 709973.3508599983
1501 710039.8198242667
1561 710958.7542067134
1597 711034.1662099980
1643 711193.7289793692
1857 711267.2113348735
1929 711826.4380062360
1932 712272.8641328849
1943 712347.3719834175
1991 712805.6732366227
2007 713240.4520126734
2040 713630.4849245226
2377 713780.6488686397
2510 714112.8046500654
2600 714603.7344592836
2681 714938.8282811034
2722 715135.6870239697
2999 715587.0874449118
3023 716247.5754863322
3026 716925.4826996870
3214 717323.2640799193
3564 717709.4097879380
3583 717876.5798032101
3661 718141.5608751985
3695 718547.7276393793
3730 718720.0944330054
3753 719602.2564153883
3844 720255.1006304148
4030 720382.1289063364
4204 721186.6631889308
4325 721302.1400597136
4379 721993.0721852321
4636 722277.0047416231
4643 723181.5876154428
4739 723782.6785323946
4767 725414.7072452337
4934 726014.1567930112
4953 726539.2769610576
5022 726891.8115071820
5088 727278.4316564027
5266 727334.6218166377
5535 728131.5960721838
5755 728220.1101319150
5917 728795.6947600197
5967 729018.8731020913
6158 729295.4657292675
6258 729643.1349100079
6346 730383.5787221295
6393 732141.2978359048
6775 732373.3104247381
7182 732725.2857133838
7269 732873.3452617417
7340 733276.7842153965
7556 733647.5987779028
7826 733652.4694384790
8117 735498.1738553458
8142 736405.7148829156
8487 736463.2861381553
8669 737131.5762175974
8795 737262.3794828581
8826 737306.1428275227
8857 737551.1355209240
9053 738287.6563481599
9354 738774.6487587650
9887 738901.1097632676
9899 739252.0578648105
10000 697579.1301617695
evaluations raw_y
1 678099.3338266677
2 679182.7397553141
30 679342.1539609995
51 679837.9537561215
57 680733.1245678189
65 681589.6129703749
122 683217.9569953082
180 684950.9678947888
240 685359.0996189390
313 685996.7917266360
320 686178.0688947428
347 686217.1626920492
371 686310.8684099471
377 686840.5358151781
389 686916.6156939524
410 687124.4828406506
417 687618.2002602321
454 687809.3905111174
469 688618.8819436056
525 689317.4195384231
635 690012.8250346612
882 690628.0383584438
1075 691192.7399927049
1262 691369.3945478100
1302 692628.5680834673
1418 692909.9695039463
1420 693730.9929088381
1583 694118.9763683584
1745 694670.1441440535
1747 694846.7042093935
1898 695477.5185616665
2095 695757.5498367405
2128 696374.5013822294
2130 696706.7660191248
2517 696770.9201398976
2540 696989.7321564816
2558 697143.2639824247
2574 697698.4391847675
2674 697885.8066518708
2694 697915.0951914497
2776 698696.7112779412
2940 699036.1962666310
3072 699703.8782229633
3092 700552.5515044209
3154 701257.1313119039
3353 701444.7738717253
3440 702115.8641584624
3520 702204.0044140707
3928 702875.9482838273
4079 703970.4154796912
4356 703975.0656980334
4398 704110.5069393921
4617 705035.1910553798
4728 705202.9871061478
4801 705230.5011955943
5024 706015.0066873581
5179 706839.4961099414
5342 707055.0337631450
5390 707336.5443327618
5526 708307.6053333994
5604 708773.2331176356
5736 708890.2953701466
5804 709475.2091372213
5895 709601.5590759909
5943 709980.3298451552
5960 710431.9259218463
6167 710663.9923732266
6178 711052.8737600578
6339 711550.5310441004
6452 712363.3199876857
6560 713124.7352660694
6713 715473.7191156470
6914 716128.2509582256
7001 716344.9107140253
7059 716885.5863543395
7291 717027.1254829786
7414 718638.8007750864
7569 719498.2704531613
7740 720580.7119106640
7861 720825.5454503825
8026 721269.0922240581
8088 721625.3561595981
8233 721901.7028396770
8248 722263.4591321222
8302 722340.3884390483
8348 723165.8237054838
8460 724070.0475534196
8758 724263.9155714355
8983 724772.2241941139
9011 725695.7417860990
9049 725955.4728218598
9095 726931.7305068107
9329 729115.7371507118
9928 729461.3256036267
10000 682700.8044181417
evaluations raw_y
1 714774.6080540537
2 715337.8035791282
5 715638.6802337504
6 716617.5097844081
45 717482.2242226240
95 717550.4508339148
103 719768.9605530178
133 720336.1717272925
182 721225.7102514068
222 721805.7039683360
238 721866.3731014292
255 722310.7017036788
307 722621.4347108067
348 723101.2059619578
353 723600.7028349584
380 723635.4917874095
426 723646.8553254375
435 724302.1858950445
588 725241.3309239028
746 725852.2952126130
815 726437.4679376963
895 727274.1794913743
1086 727389.9809970778
1154 727402.6482775024
1158 728467.6320842407
1428 729287.1730213427
1656 729747.1051879796
1660 729844.4832643175
1703 730040.0596753247
1773 730710.0722353051
1925 732470.2340031830
1976 733669.3337443935
2254 734177.2355651625
2293 734903.1149417057
2353 735251.2111167428
2604 735587.4409964907
2723 735683.7224532798
2844 736228.7780963527
2936 736390.8701546575
3093 737124.8483543374
3247 737231.9358779342
3300 738442.7911677401
3454 739402.8220410766
3541 739803.9714299580
3626 740177.7672060891
3676 740665.9443904347
3716 740925.6695103911
3928 742010.0188096130
3949 742196.8492297882
4142 742356.0230143452
4148 743009.9152651078
4269 743484.1432853435
4496 743857.8340662447
4843 743907.5390174781
4882 745497.2815085984
4954 746046.6547203693
5231 746338.0458966740
5330 746907.1540817673
5346 746980.3881000573
5363 747416.8191429540
5510 747576.5107725665
5654 747681.8916495803
5764 747816.7588460518
5828 748133.6623682899
6087 748483.2614528586
6295 748626.8056482761
6399 749231.8878848633
6541 750819.6493705579
6593 750933.2723342191
6655 752180.6969613916
6815 752221.5023837951
7061 752383.2807041428
7080 752943.3357961195
7287 753037.3825785532
7615 753414.4942903896
7730 754394.4088562062
8279 755131.7320089043
8610 755888.4170569358
8792 755975.5829344781
8913 755998.7547027961
9029 756309.0463818136
9840 756343.0454148387
10000 697691.9025752259
evaluations raw_y
1 680749.4285839030
2 681244.7669622204
4 682170.7139553645
17 682495.3711131889
27 683078.4067723221
44 683086.1288293847
48 683379.1037311172
64 683501.1985347286
73 684347.4182111514
77 684567.7565294341
83 684766.0414983879
86 685382.2487188407
94 686319.9271938051
104 686555.8492076433
146 686812.5874600922
148 687248.3598855908
174 687733.4305378681
189 688005.3911532379
251 688039.2543726205
262 688415.3306674063
317 688512.0993264680
329 688629.0064994202
354 689405.7112684069
406 689773.0144176959
471 690293.8973412293
496 691033.5503965723
539 691297.2258282559
562 691849.0991435488
599 692759.3179954021
633 693501.0392908088
687 693916.9104727503
691 694218.8147316942
729 694688.4889320453
772 694749.8576246512
832 695453.0008507194
966 695786.7482236797
982 696987.7352888701
1005 697446.0464846755
1024 697782.0669060558
1039 698236.0096352176
1047 699202.1856332028
1161 699359.3275985303
1204 700192.9434289698
1337 700277.7330806233
1367 701078.0829590758
1548 701615.9355894049
1655 702381.1485964258
1753 703698.3081624124
1754 704294.7987118541
1899 704895.9672337450
1919 704990.1975092599
2068 705413.9966534189
2269 705617.5083748217
2281 706021.2399904208
2384 706135.5024602567
2476 706913.2941133240
2580 707197.8558448146
2731 707834.3278964863
2733 707886.2586776142
3228 708561.0319674730
3302 708588.4270760021
3339 709510.7771465428
3467 709806.5410279359
3757 710304.4370416146
3856 711331.9680999960
3900 712049.4742640001
4219 712247.2630165442
4374 713029.2689708966
4529 713122.2801387035
4869 713861.1724102325
4964 713984.6129933570
5090 714181.0684704762
5443 714588.2961886775
5602 715378.0239458854
6059 715469.7814927489
6110 715821.9531593069
6176 716042.5595068237
6233 716266.7772649259
6296 716617.5665990132
6350 717363.1904011555
6497 717469.6937669644
6533 717978.9582731891
6707 719273.1918581541
6759 720686.2995515073
6768 721880.1974301286
6966 721920.7469209664
7011 721947.6326553494
7239 722572.5698863390
7587 723195.7394302888
8196 723754.0228787721
8874 724295.6686986603
8992 724341.8332537285
9037 724687.0574967192
9320 725725.0502568547
9835 725984.5549221706
10000 706731.9627653884
evaluations raw_y
1 721219.2196764420
3 721299.4749742990
4 722211.3220999399
14 722240.3558000738
16 722562.0304269870
35 723100.9001581423
102 723226.0098360908
159 723869.6859007088
161 724928.6698285005
298 724971.2425346019
372 725120.0208914388
451 725194.1141305094
469 725579.3052762321
523 726432.8319127143
613 726848.3506340093
623 727268.4803283414
635 728491.8551513113
677 728785.8637970409
806 729060.9379816431
807 729593.0541484086
931 730496.1348727830
1117 731882.7605566775
1175 732231.8572111306
1183 732611.5634936228
1229 733625.0408970073
1336 733686.6333206557
1353 734160.6929253720
1509 734738.2627144924
1586 734765.6841444505
1639 735022.2965686101
1794 736167.8539828744
1860 736746.8169423373
1907 737215.9281077086
1966 737250.8139522827
2113 737630.7985182652
2164 737947.7405207629
2172 738150.7964768359
2210 738415.6252414248
2211 738510.4697165787
2267 738746.5801502317
2287 738913.9141774387
2344 739739.0149869013
2384 740513.7572215126
2463 741084.8655248472
2467 742646.4909903607
2632 742703.3451972386
2660 742991.7621205859
2712 743340.1612392748
2855 744109.2848249754
3040 744390.3231516251
3045 744795.2905772482
3234 744814.9549074770
3494 745182.7467176978
3563 745865.3855695929
3758 746066.3532478344
3886 746123.4214886815
3894 746981.7240349316
3943 747418.1173290183
4151 747914.3251403964
4220 748387.5127376277
4370 748510.7771372569
4423 748892.5611258837
4452 749138.6526160147
4641 749909.2138058546
5111 750237.6700868693
5382 750667.4909665530
5712 750707.6117508991
5772 752367.6777020756
6154 752594.2827601244
6215 753352.3752506801
6532 753716.9714053329
6653 754894.7878160329
6791 755000.3862927940
6871 755488.7082499682
7121 756051.7032064537
7275 756365.8676457742
7324 756383.3066346522
7524 756789.5703749045
8216 756798.0269712580
8219 758418.2252391014
8426 759267.1631728821
8698 760197.3128809045
8743 760453.1212981618
9290 760458.5458316421
9340 760770.4316753577
9476 761474.6800137095
9530 762499.5491328560
9567 762786.7291547186
9585 763293.4979286460
10000 707325.7481027197
evaluations raw_y
1 697702.5275994102
4 697805.1103083706
5 698276.8811357702
6 698986.7501795543
9 699546.7960923496
32 700490.2616433066
46 701891.3359793692
98 702434.4151628002
176 702559.7379150386
218 702931.6901795868
236 703655.3397332333
249 704126.5328318868
270 704637.8724844691
290 705928.2691798990
323 706920.9241717525
361 707554.3484298484
363 707778.9452659546
444 707898.9837779979
453 707926.9517857123
497 708267.9703026966
508 708288.5694805867
540 708895.5396442369
554 709123.0374657831
577 709130.1113796430
598 709711.5269220911
655 709877.8830557424
672 711212.3836716147
752 711332.2390902669
831 711478.8486640377
893 712238.5442505425
971 712995.6295054730
992 713824.2686994566
1001 713834.4697597245
1072 713951.2991200015
1141 715600.2088896225
1211 715823.5755482599
1576 715951.4564917051
1581 716541.0658168647
1653 717357.8647014181
1654 718459.4874162462
1661 718615.8996505040
1775 718809.9492095128
1782 718859.3199747183
1823 719018.5673252569
1917 720320.3182944587
2139 720513.8199184242
2146 720589.6038694758
2182 720896.7732269078
2233 721619.2389322422
2243 722310.6063287656
2257 723135.6644834338
2485 723265.1103953692
2561 723802.3543580101
2609 724123.3908540878
2837 724985.7349594396
2968 725927.0954085228
3048 726463.3171008665
3073 726468.1305247446
3167 726722.8402428582
3260 727209.2641591537
3372 727297.2473580377
3384 727466.9419685001
3414 727937.8586853088
3489 728021.0233805674
3713 728219.4528120153
3792 728604.5458437364
3905 729553.5069910586
4193 730171.3767802021
4256 730286.3936081289
4382 730589.9236915016
4394 731046.3074447780
4470 731732.0074329717
4805 731766.7073737198
4809 731939.8042428483
4813 732396.6040507123
4953 732734.7550571391
5200 732819.7582891064
5222 732844.0762774766
5356 733507.8675864758
5518 734155.5725655560
5692 734470.5702442329
5950 735366.2498318997
6107 735914.7511543446
6127 736043.9393531430
6155 736552.0723452956
6344 737173.8175739244
6350 737457.6871274887
6428 737788.5741535322
6609 738123.2215085354
6635 739635.4463981830
6790 739869.3217721301
7033 740059.8863890320
7145 740155.1568151069
7163 740669.9576337043
7430 740796.7012661293
7617 741567.2902964841
7809 741753.9373881950
8061 742267.7690697991
8063 742283.5210295760
8099 742999.5482711529
8218 743187.3930510939
8348 743408.0176780613
8366 744212.7196153254
8519 744389.9111141639
8679 745113.2962680917
8845 745708.3594641185
8905 746128.5603864534
8910 747474.2358931418
9375 748151.7245280478
9899 748532.5824714240
9972 749142.0816210436
10000 735049.4714713512
evaluations raw_y
1 701260.4767720767
2 701267.2404435743
7 701687.4245664775
15 702456.5444631034
19 703259.2180733983
41 703385.1032453852
59 703420.8870508544
65 703917.8384898870
73 704564.0981241274
77 705139.3984975021
78 705571.1331370561
90 705685.2333313406
96 705833.6387964677
98 706102.5107956534
101 706493.0590381348
122 707385.0452785402
128 707721.4530464271
189 707743.1845524205
201 708098.2448710683
204 708444.8604621115
239 708863.9790371789
261 709279.0433466259
266 709744.8345746789
345 710210.1623539004
418 710677.5998818084
447 711591.2847799868
567 712127.3217496518
578 712385.1258276526
611 712778.7988211312
692 712931.7732299268
693 713313.4808759398
713 713673.3228147066
777 714121.7216590603
923 714974.6112562469
1062 715469.2861294190
1068 715855.3239486017
1087 716441.5010201785
1324 716622.4894270552
1378 717589.2570523497
1464 718305.8928719913
1484 719223.7600537498
1509 721081.0943620059
1696 721720.1072304180
1922 721845.3125003504
2029 722500.9186110955
2192 722662.4155448610
2228 723378.7746956586
2360 723797.1427042917
2469 724338.9499296071
2515 724465.6974828036
2670 724782.1212582083
2683 725927.5678678383
2762 726790.8482413567
2813 727626.4265471095
2883 728368.0274640784
2950 729201.0898212624
3036 729859.6169150231
3130 730130.1795674857
3297 730593.8898810552
3343 731855.6304927414
3511 732549.3793335573
3931 732670.0187682617
4110 733137.8877836529
4241 733148.2525569587
4312 733663.7510477656
4453 733734.3007571839
4772 734328.5055664442
5083 735004.0116533142
5276 735128.7121465395
5624 735472.3627165235
5875 735660.9416556424
5889 737262.4402651899
5918 737362.5774519573
5984 737705.2925947306
6267 738574.7138615717
6306 738831.4662500538
6383 739180.5514971493
6419 739842.1713613484
6473 740609.5991252350
6661 741367.7207805756
6678 741815.7250291317
6923 741895.9905882576
6950 744150.1573313475
7108 744922.8957214323
7596 745774.0943494498
7811 746519.8838641118
7941 747422.3864180372
8015 747979.3685976864
8282 748021.7492055701
8500 748929.4000742548
8514 749007.4710610349
8609 749649.1844373679
8950 750055.9832166648
8985 750690.3583706949
9231 752131.7612485847
9737 752602.6654480724
10000 747239.2122567234
evaluations raw_y
1 701693.4337690300
3 701789.2193704615
10 702401.9482815812
12 702468.2250616975
16 702670.4152378979
17 702809.9459746314
27 702818.9837968190
32 702878.5401425298
34 703204.7296938514
35 703753.3222675867
58 704117.8396684617
66 704328.7713576573
72 704567.2460650394
77 704602.2992558179
81 704955.1143095220
84 706214.6816100380
93 707263.4000963384
136 707298.8684168225
137 707773.8278274838
139 708128.9626758819
154 708187.4969436588
182 708467.7865828170
198 708584.3936572841
323 708704.8083559986
341 709204.1766789800
344 709265.5782414539
389 709993.2865283431
440 711687.6162460509
470 712510.3428084751
566 712887.1026916521
645 713603.8228039963
821 714014.3587108506
842 714424.9770953852
929 715011.9288609237
933 716706.6601174930
1070 717324.7423111573
1101 717608.5278232547
1129 717683.2299334541
1166 717935.6113912328
1275 718788.9653151938
1354 719375.1272167545
1376 720450.8482554833
1498 721349.4954818360
1728 722451.7692702974
2109 724417.3179446426
2154 725245.0043454890
2490 725512.8390872444
2555 725680.9261467656
2640 725894.1132319373
2842 726612.8874816892
3011 727182.9437666743
3068 727442.1404707001
3141 727561.7878451728
3248 729169.6229935565
3534 729500.6990765341
3731 730442.0999421335
4235 731296.0532608117
4573 731544.1220399246
4620 732757.2966392543
4894 732933.7156437460
4984 733613.8726849268
5069 733778.1713269743
5209 734408.9293426138
5374 734611.4304801900
5894 735517.5744868132
6097 736149.2231854999
6153 736238.8246932643
6509 737029.4203555548
6711 738075.6741057485
6744 738176.5171825289
6964 741423.1729703911
7024 742114.2921565494
7340 742201.9717170349
7407 743009.1932644005
7599 743853.7224426392
7780 744068.9507341851
7943 744542.3852716940
8405 744602.9798981252
8937 745634.7039808781
9169 746381.1833659691
9562 746526.3775527043
9569 747466.8154110231
9634 748125.4292656778
9777 749646.4068967244
10000 726723.9433274042
evaluations raw_y
1 692911.0038748274
2 694578.9331847742
4 694760.5423033078
8 695166.4145966409
11 696568.8194670543
26 697232.1315116648
55 697822.0416290157
58 698039.8475918848
60 698643.2087741623
96 699616.7669012932
115 699827.1310473876
135 700458.4636209144
176 700563.9401011710
179 701145.6955126286
231 702002.9810256248
245 702851.9516588089
299 703144.4927380673
333 704556.5968158450
492 705337.5853564425
542 705450.9939939437
553 706373.6479768708
607 706524.9530865982
677 707160.3105479437
797 707332.1111686216
947 707469.7380641140
967 708149.4746223873
1200 708398.8769580912
1276 709760.6294944098
1317 709764.7992772376
1320 710486.0358646185
1343 712270.7621403999
1388 713101.7711375292
1391 713666.8314412747
1393 713863.7154254901
1584 714504.5571989772
1628 714537.5166050014
1721 714850.0274968646
1792 715172.6455357549
2108 715343.5822516280
2123 715623.2966977077
2286 715780.0070194463
2310 716178.5845356807
2337 716533.4557851227
2440 716595.6304659803
2492 717125.3997500032
2496 717314.3683311235
2531 719024.5616289607
2860 719374.3214053169
3184 720126.9294650515
3185 720176.6006462213
3294 720317.4723670224
3664 721066.3198951854
4058 721100.8375549542
4078 721894.9074336942
4137 722185.1580546312
4250 722386.0795336374
4293 722480.5422379413
4611 722612.7534276909
4693 723933.1268521209
4800 724033.1140705473
4879 724227.5613225173
4892 724624.7928648872
5170 724640.5524930066
5184 724676.5804414349
5237 725060.7596418783
5486 725651.2316963753
5487 726064.0985118578
5666 726768.8163466089
5690 726907.5726780116
5700 726919.3364989345
5752 727890.0467239594
5858 728680.5797470586
6045 728839.0927917466
6060 729594.1937580038
6412 730239.4330103758
6832 730719.7579064433
6911 731648.8139889041
7095 731656.7199571040
7273 731916.4391242092
7320 732572.6388195910
7735 733603.5965539974
7798 733859.0176432837
7884 734035.2640995308
8004 734742.3874002157
8130 736281.9189853190
8428 736392.7037418133
8671 736782.6338653587
8733 737739.3315568448
8812 738274.3479119549
9024 738962.4986596389
9214 739003.9685537454
9261 739470.3118561505
9266 740201.0426575002
9722 740520.1084918194
9974 740834.7833537199
10000 727408.1691510456
evaluations raw_y
1 642293.3105223322
2 643765.1396982248
5 644416.7983161054
11 644639.8143786474
14 645018.7826250361
30 646066.8342968497
35 646254.2330893441
46 646391.4314646507
56 646916.0610452612
85 646998.1024714240
94 647225.8700568967
110 647392.1970926786
135 648304.1493734792
141 648387.7620176837
176 648796.9099347669
187 649249.2947970036
204 649339.9140553474
210 649942.9450843357
219 650568.0361404378
289 651551.4896499988
402 651628.7170507615
412 652078.7628329961
437 652223.9857250639
438 652493.4284182246
517 652593.0174484763
557 653478.7894185747
636 654329.7388228109
658 654346.0618553703
659 655153.6107628754
669 655184.7351697183
720 656646.6030744658
735 656850.1910758129
757 656975.6589411865
779 657287.7450583663
794 657693.6389719349
835 658976.1571631058
946 659321.4403837156
1032 660160.5868613820
1038 660384.7266531080
1140 660626.4261351946
1158 660855.9145218222
1192 661118.2205974197
1242 661634.3349345229
1295 662615.0635710818
1300 662810.9006106905
1340 662892.9164029098
1377 664233.3048499805
1530 664849.7104337747
1571 664962.7011230309
1687 664978.0319426542
1779 665488.1309891951
1846 665702.3327822988
1918 665745.4908447870
1953 665810.8713421162
1982 666556.5075244025
2139 666840.8474843063
2162 667257.7031101863
2168 667698.9933062767
2274 667862.1887939518
2339 667959.9068143197
2352 668890.1286380447
2361 669501.0153712055
2401 670366.7365314132
2456 671625.9076394328
2512 671840.2004129139
2667 671970.4407017105
2737 672552.8586520727
2857 672650.9493972053
2907 672719.7638149769
3055 672831.5573606037
3197 673286.8552852286
3434 673654.2439499906
3498 674070.2854414328
3553 674353.0734575988
3610 675213.5994723865
3812 675540.8471111776
3942 675627.3587059886
4054 675755.0446293348
4232 675940.6247827983
4266 675941.5831984838
4333 676730.5987676892
4547 678197.9418900440
4669 679157.8112375605
4910 679680.1493355777
5114 680295.7211945108
5195 681438.4210071672
5518 682276.0861028479
5604 682399.5182669115
5766 682416.0376220169
5769 683363.2031158900
6008 683880.4903412487
6271 684270.6861853746
6298 684271.0858769087
6300 684278.5368050858
6564 685004.4804039123
6681 685304.4488543529
6717 685425.4880821015
6726 686077.1415318683
6818 686412.5273904605
6991 686880.9477856609
7030 687585.3356478519
7095 688449.9074875818
7222 688483.0758203858
7259 688804.4026584200
7443 689420.6485150598
7604 690107.7210446683
7805 690508.3241891542
8053 690550.0350010530
8744 691271.8658751935
8818 691993.5341075109
8919 692984.0294773215
9128 693371.5911397971
9210 694012.6593742274
9292 694263.1501421167
9835 694380.8974546973
9894 694610.8214190979
10000 624424.0109132002
evaluations raw_y
1 676610.2628897373
5 677059.1046785406
7 678378.0477088755
17 679261.9189583854
38 679621.5701483944
51 680518.5238701541
75 681379.9160344531
102 681691.9002141521
116 681913.8517428277
122 682190.6710886013
124 682214.2322078224
126 682643.7120562578
145 682851.0081473192
164 684503.8059760493
226 685265.1396506098
240 685301.2624996427
259 685432.8365695964
314 686699.7719167018
410 686846.1654950895
455 687702.5418185933
526 687858.0195833382
599 688038.5420908637
600 689261.9869791848
660 689446.6939702980
784 689698.1547253688
809 689811.6306949529
851 690563.8671137514
866 690766.1298050744
942 691694.5840293382
966 691751.7542613744
1043 692513.2811758312
1046 693055.2338988909
1142 693207.3292120285
1220 693984.9555975856
1331 694833.9742060640
1426 695379.4912854604
1468 695946.5194842954
1501 697022.1485725321
1523 697156.2496404737
1706 697517.1920738128
1707 698252.3474260555
1782 698420.4306008429
1834 698841.1412606662
2091 698948.0194095521
2093 699801.0064149823
2117 701429.5875211260
2195 701464.0082631810
2220 702181.0870225657
2303 704117.6859573750
2516 704986.0557367781
2578 705403.3263740831
2677 705947.1895705820
2731 706291.1214324200
2757 706515.9822648254
2813 706892.3007791284
2817 707302.3815634163
2891 708603.4083420726
2963 709416.2017627397
3024 709707.5654680475
3213 711036.5038020366
3392 712487.5046638484
3556 712537.1068627801
3561 713019.5013633573
3635 714017.6615830131
3918 714663.5223678860
4015 714976.0057033859
4197 715482.0742645159
4259 715750.4351958940
4322 715949.7297541585
4475 716725.7734996688
4518 717092.5338969608
4592 717185.0399173825
4669 718934.0693900672
4842 718943.9513799320
4903 719091.1143617443
5229 719497.4053411873
5442 720619.0027065831
5910 720888.3690411672
5945 722068.9588427681
6033 722826.9821088039
6094 723189.3820374414
6322 723856.5929254881
6700 724318.4975249115
6768 724453.0779783324
6826 725165.8491212594
7078 725905.1478922969
7336 726084.6042586137
7482 726803.2459722621
7604 727683.8977843939
7699 728359.4050886112
7830 728682.3600997638
7904 728820.8075047595
8029 729607.6082799720
8040 731375.7268820228
8252 732327.6346488385
8297 733869.6494098483
8637 734056.0134240214
8851 734756.5457768055
8941 735131.7659124761
9505 735327.3532447987
9537 736208.1556084520
9870 737395.9867691470
10000 723165.6852061873
evaluations raw_y
1 684438.1161684984
4 684579.0439235666
16 686376.9956451906
22 686633.8900034796
26 686763.0688095692
45 686957.4244064710
76 687711.7858587751
119 687769.9181723599
140 688104.6006578241
167 688806.5355777177
236 689519.6948359427
250 689802.8639741855
322 690150.8702259102
331 690416.2662380975
333 691199.0301156609
394 691548.8051389239
404 691573.8336192783
411 692051.8436559137
433 692548.7949385874
447 693434.6532949397
460 693769.0853878498
495 694669.8350941627
588 694892.7471061130
599 695520.7790597677
614 695785.0400444613
642 696664.2792576421
650 696760.2641031328
769 697208.9805956616
789 697247.0207315504
820 697723.3695429660
934 698307.6764032865
1071 698799.2497944899
1102 699393.9002033734
1148 699974.5791447572
1178 699991.1329422407
1242 700599.4484964913
1269 701448.7560269705
1292 702041.5466568074
1300 702280.4797667261
1372 702969.4939462545
1421 703805.4740953158
1428 704226.9701094137
1488 705485.7305426657
1586 706242.2001176086
1630 706255.5440222142
1644 706315.4688627950
1807 706895.1139906308
1817 707083.0040725383
2090 707504.3989282491
2376 707683.0976193912
2389 708281.6120052936
2498 709263.1919876232
2732 710034.7149234739
2825 710924.1142082786
2912 712120.9146579813
2975 712743.7819207698
2993 713605.7054166774
2996 714574.6312993973
3028 714623.2459985762
3046 714762.4225575954
3121 715426.0539459237
3395 716203.3350005782
3410 716394.3245251796
3414 716837.3976409757
3638 716868.3993823205
3701 716978.7830270104
4028 717393.3600305479
4062 717418.2416558872
4080 717807.9146339478
4125 718439.5699861585
4595 718786.0863066930
4711 719944.7098913225
4963 720513.4709481891
4991 720583.2223573213
4995 720843.9786562417
5046 721455.8878121105
5228 722403.3630283391
5250 722824.0917451038
5513 723253.2594467240
5546 723425.8363982711
5675 725466.6241285481
6167 726660.2055559997
6470 727119.0058467439
6682 727251.3718771420
6732 727847.3535369581
7075 728662.2451328213
7298 729296.0084422746
7885 729559.5696020819
7964 730176.2643413697
8405 730603.7421004799
8620 730628.3668679028
8624 730892.0251278088
8707 731038.0541771327
9128 731350.0374284151
9145 731598.0239355923
9226 731598.1363280446
9378 731636.3129115416
9442 731949.1092445500
9762 732320.8226849686
9900 732684.2587473957
10000 690910.5658426242
evaluations raw_y
1 685912.1581163210
6 686375.4267388914
12 686764.7084632834
13 688367.2165465347
18 688552.2618279321
47 689401.8335978418
67 690225.5927708703
87 690387.3710471294
99 690942.5914952125
119 692094.9040287661
146 692916.1880318539
163 693392.0129718436
181 694342.3560054847
198 694572.3176535468
208 694887.0462731809
209 696212.4037871725
236 697288.6903352241
339 697974.1072579359
349 698913.9055252706
451 698914.1342474157
457 699328.8473374341
475 699385.3506977366
508 699646.0624537165
530 699895.7431298910
537 699938.6546055281
552 700192.9631481421
553 700225.2253422785
561 700274.2968759787
658 700809.8832400453
704 701778.4034490453
815 702039.9193370300
821 702341.3411522314
900 702938.0371934811
1061 703980.6366721196
1131 704680.7173389288
1365 704818.6016620904
1459 705451.4203044974
1799 706342.2795161299
1844 706352.1467616303
1904 706429.4947540860
1939 707141.8003770816
2070 707461.2829077300
2077 707647.0698615827
2111 708907.8164410893
2151 709194.9013681547
2390 710188.7164790400
2450 710970.0847319870
2462 711399.7957396166
2495 711764.1238683087
2675 712161.0964136228
2695 712563.0358550115
2698 713374.3520076111
2804 714127.7089013740
2857 714148.2535395338
2979 715210.7787970433
3018 715788.3309705944
3143 716733.1302754568
3335 717730.8123718038
3375 719319.9099491215
3527 719360.0418006488
3561 721303.1557297818
3725 721519.3868740688
3731 722310.4500360825
3823 722701.6641383049
4049 723175.5811919677
4106 725094.6086921517
4414 725142.0638380200
4531 725309.9562419620
4585 725788.5701064235
4670 725924.9668903140
4848 726679.7162824522
4876 727538.4901995680
5166 727872.7688353538
5341 728171.5514909606
5347 728600.1407764164
5405 728944.0283996831
5551 729211.2531016078
5719 729275.6289288814
5726 729452.8876664669
5784 730430.6322970712
6164 731407.8432488097
6264 732224.8526122597
6285 732704.7057633912
6371 733023.6189348971
6405 733094.4183684706
6572 733568.9668731844
6670 734256.2551000707
6677 734265.7228360940
6819 735186.6845355500
7317 735856.3384011238
7344 736030.1044660420
7526 736254.9800448279
7607 736313.6780913353
8311 736738.2262245972
8627 736956.3129821252
8765 737347.9945544725
8909 737521.7259218089
8977 738338.5091207600
9065 738483.5710589916
9517 738826.8097614850
9631 740187.9671860462
9893 740818.6226947807
10000 704067.5605589915
