evaluations raw_y
1 -1949.0000000000
4 -1947.0000000000
7 -1946.0000000000
14 -1944.0000000000
15 -1942.0000000000
22 -1941.0000000000
23 -1938.0000000000
25 -1937.0000000000
28 -1936.0000000000
29 -1935.0000000000
44 -1934.0000000000
48 -1933.0000000000
49 -1931.0000000000
58 -1929.0000000000
62 -1928.0000000000
65 -1926.0000000000
68 -1925.0000000000
72 -1924.0000000000
73 -1923.0000000000
75 -1922.0000000000
80 -1921.0000000000
81 -1920.0000000000
82 -1919.0000000000
86 -1918.0000000000
90 -1916.0000000000
91 -1914.0000000000
94 -1913.0000000000
95 -1912.0000000000
99 -1911.0000000000
102 -1910.0000000000
109 -1909.0000000000
114 -1908.0000000000
117 -1907.0000000000
120 -1905.0000000000
121 -1904.0000000000
131 -1903.0000000000
132 -1902.0000000000
133 -1901.0000000000
138 -1900.0000000000
151 -1899.0000000000
155 -1898.0000000000
171 -1897.0000000000
172 -1894.0000000000
177 -1892.0000000000
178 -1891.0000000000
181 -1890.0000000000
183 -1889.0000000000
188 -1888.0000000000
189 -1887.0000000000
190 -1886.0000000000
197 -1884.0000000000
198 -1883.0000000000
204 -1881.0000000000
215 -1880.0000000000
218 -1878.0000000000
219 -1877.0000000000
220 -1875.0000000000
222 -1874.0000000000
223 -1873.0000000000
224 -1872.0000000000
226 -1871.0000000000
243 -1870.0000000000
244 -1868.0000000000
250 -1867.0000000000
257 -1866.0000000000
267 -1865.0000000000
272 -1864.0000000000
276 -1863.0000000000
277 -1861.0000000000
278 -1860.0000000000
284 -1858.0000000000
287 -1857.0000000000
288 -1854.0000000000
291 -1853.0000000000
292 -1852.0000000000
296 -1851.0000000000
303 -1850.0000000000
309 -1848.0000000000
314 -1847.0000000000
315 -1846.0000000000
321 -1845.0000000000
322 -1844.0000000000
323 -1843.0000000000
325 -1841.0000000000
331 -1839.0000000000
332 -1838.0000000000
335 -1837.0000000000
339 -1836.0000000000
340 -1835.0000000000
342 -1834.0000000000
343 -1833.0000000000
357 -1832.0000000000
361 -1831.0000000000
365 -1830.0000000000
370 -1829.0000000000
378 -1828.0000000000
381 -1827.0000000000
388 -1825.0000000000
391 -1824.0000000000
395 -1823.0000000000
402 -1821.0000000000
409 -1819.0000000000
414 -1817.0000000000
415 -1815.0000000000
419 -1814.0000000000
420 -1812.0000000000
423 -1811.0000000000
425 -1810.0000000000
426 -1808.0000000000
428 -1806.0000000000
429 -1805.0000000000
430 -1804.0000000000
432 -1803.0000000000
436 -1802.0000000000
445 -1801.0000000000
453 -1799.0000000000
454 -1798.0000000000
459 -1797.0000000000
460 -1795.0000000000
464 -1794.0000000000
467 -1793.0000000000
468 -1792.0000000000
469 -1791.0000000000
470 -1790.0000000000
474 -1789.0000000000
476 -1788.0000000000
478 -1787.0000000000
491 -1786.0000000000
493 -1785.0000000000
495 -1784.0000000000
498 -1782.0000000000
500 -1779.0000000000
501 -1778.0000000000
502 -1777.0000000000
506 -1776.0000000000
507 -1775.0000000000
509 -1774.0000000000
516 -1773.0000000000
521 -1772.0000000000
525 -1771.0000000000
530 -1770.0000000000
537 -1769.0000000000
539 -1767.0000000000
550 -1766.0000000000
552 -1765.0000000000
554 -1764.0000000000
555 -1763.0000000000
560 -1761.0000000000
562 -1759.0000000000
587 -1758.0000000000
598 -1757.0000000000
599 -1755.0000000000
604 -1754.0000000000
612 -1752.0000000000
622 -1751.0000000000
623 -1750.0000000000
625 -1749.0000000000
631 -1748.0000000000
632 -1747.0000000000
633 -1745.0000000000
645 -1744.0000000000
646 -1743.0000000000
649 -1742.0000000000
657 -1741.0000000000
663 -1740.0000000000
667 -1739.0000000000
677 -1738.0000000000
684 -1736.0000000000
685 -1735.0000000000
686 -1734.0000000000
688 -1732.0000000000
694 -1731.0000000000
695 -1729.0000000000
699 -1728.0000000000
700 -1727.0000000000
708 -1726.0000000000
710 -1725.0000000000
721 -1724.0000000000
722 -1723.0000000000
726 -1722.0000000000
727 -1721.0000000000
734 -1720.0000000000
736 -1719.0000000000
737 -1717.0000000000
739 -1716.0000000000
744 -1715.0000000000
746 -1714.0000000000
748 -1713.0000000000
754 -1712.0000000000
755 -1710.0000000000
761 -1709.0000000000
764 -1708.0000000000
766 -1706.0000000000
767 -1704.0000000000
772 -1703.0000000000
775 -1702.0000000000
776 -1701.0000000000
782 -1699.0000000000
784 -1698.0000000000
787 -1696.0000000000
792 -1695.0000000000
797 -1694.0000000000
809 -1693.0000000000
810 -1692.0000000000
813 -1691.0000000000
822 -1690.0000000000
840 -1689.0000000000
845 -1688.0000000000
852 -1687.0000000000
853 -1685.0000000000
860 -1684.0000000000
863 -1683.0000000000
870 -1682.0000000000
875 -1681.0000000000
878 -1680.0000000000
879 -1679.0000000000
880 -1678.0000000000
885 -1676.0000000000
886 -1675.0000000000
892 -1674.0000000000
893 -1673.0000000000
894 -1671.0000000000
898 -1669.0000000000
903 -1668.0000000000
905 -1667.0000000000
909 -1664.0000000000
911 -1663.0000000000
913 -1661.0000000000
924 -1660.0000000000
929 -1658.0000000000
930 -1657.0000000000
933 -1656.0000000000
935 -1655.0000000000
936 -1654.0000000000
939 -1653.0000000000
940 -1651.0000000000
943 -1650.0000000000
945 -1649.0000000000
946 -1648.0000000000
948 -1647.0000000000
952 -1645.0000000000
955 -1644.0000000000
957 -1643.0000000000
959 -1642.0000000000
961 -1641.0000000000
967 -1640.0000000000
968 -1638.0000000000
970 -1637.0000000000
979 -1636.0000000000
985 -1635.0000000000
988 -1634.0000000000
990 -1633.0000000000
997 -1630.0000000000
999 -1629.0000000000
1006 -1628.0000000000
1011 -1627.0000000000
1012 -1625.0000000000
1018 -1624.0000000000
1020 -1623.0000000000
1026 -1622.0000000000
1027 -1621.0000000000
1031 -1620.0000000000
1033 -1619.0000000000
1037 -1618.0000000000
1048 -1617.0000000000
1057 -1615.0000000000
1071 -1614.0000000000
1074 -1613.0000000000
1079 -1612.0000000000
1081 -1611.0000000000
1089 -1610.0000000000
1090 -1608.0000000000
1094 -1606.0000000000
1095 -1605.0000000000
1102 -1604.0000000000
1109 -1603.0000000000
1112 -1602.0000000000
1115 -1601.0000000000
1116 -1599.0000000000
1118 -1598.0000000000
1124 -1597.0000000000
1139 -1596.0000000000
1142 -1595.0000000000
1150 -1594.0000000000
1152 -1593.0000000000
1154 -1592.0000000000
1155 -1590.0000000000
1158 -1589.0000000000
1160 -1588.0000000000
1166 -1587.0000000000
1178 -1586.0000000000
1180 -1585.0000000000
1181 -1584.0000000000
1185 -1582.0000000000
1186 -1581.0000000000
1189 -1580.0000000000
1197 -1579.0000000000
1201 -1578.0000000000
1207 -1577.0000000000
1209 -1575.0000000000
1223 -1574.0000000000
1226 -1573.0000000000
1230 -1572.0000000000
1238 -1571.0000000000
1245 -1570.0000000000
1251 -1569.0000000000
1254 -1568.0000000000
1255 -1567.0000000000
1262 -1566.0000000000
1263 -1565.0000000000
1265 -1564.0000000000
1266 -1563.0000000000
1270 -1562.0000000000
1271 -1561.0000000000
1274 -1560.0000000000
1285 -1558.0000000000
1297 -1556.0000000000
1301 -1555.0000000000
1305 -1554.0000000000
1312 -1553.0000000000
1324 -1552.0000000000
1325 -1551.0000000000
1331 -1550.0000000000
1344 -1549.0000000000
1347 -1548.0000000000
1352 -1546.0000000000
1356 -1544.0000000000
1360 -1543.0000000000
1362 -1542.0000000000
1363 -1541.0000000000
1367 -1540.0000000000
1377 -1539.0000000000
1380 -1538.0000000000
1397 -1537.0000000000
1400 -1536.0000000000
1401 -1535.0000000000
1411 -1534.0000000000
1422 -1533.0000000000
1429 -1532.0000000000
1433 -1531.0000000000
1438 -1530.0000000000
1449 -1529.0000000000
1453 -1528.0000000000
1454 -1527.0000000000
1461 -1525.0000000000
1462 -1524.0000000000
1472 -1523.0000000000
1474 -1522.0000000000
1476 -1521.0000000000
1492 -1520.0000000000
1503 -1519.0000000000
1508 -1518.0000000000
1523 -1517.0000000000
1524 -1516.0000000000
1525 -1515.0000000000
1540 -1514.0000000000
1545 -1512.0000000000
1547 -1511.0000000000
1564 -1510.0000000000
1569 -1509.0000000000
1570 -1508.0000000000
1572 -1507.0000000000
1575 -1505.0000000000
1582 -1503.0000000000
1583 -1502.0000000000
1585 -1500.0000000000
1612 -1499.0000000000
1614 -1498.0000000000
1617 -1496.0000000000
1618 -1494.0000000000
1621 -1493.0000000000
1622 -1492.0000000000
1632 -1490.0000000000
1633 -1488.0000000000
1637 -1487.0000000000
1641 -1486.0000000000
1657 -1485.0000000000
1658 -1484.0000000000
1664 -1483.0000000000
1667 -1482.0000000000
1672 -1481.0000000000
1676 -1480.0000000000
1678 -1479.0000000000
1679 -1478.0000000000
1688 -1477.0000000000
1694 -1476.0000000000
1703 -1475.0000000000
1705 -1474.0000000000
1706 -1473.0000000000
1707 -1471.0000000000
1715 -1470.0000000000
1728 -1469.0000000000
1733 -1468.0000000000
1735 -1467.0000000000
1742 -1466.0000000000
1747 -1465.0000000000
1753 -1463.0000000000
1762 -1461.0000000000
1763 -1460.0000000000
1773 -1459.0000000000
1790 -1458.0000000000
1791 -1457.0000000000
1796 -1456.0000000000
1799 -1455.0000000000
1801 -1454.0000000000
1805 -1453.0000000000
1806 -1452.0000000000
1807 -1450.0000000000
1814 -1448.0000000000
1819 -1447.0000000000
1833 -1446.0000000000
1836 -1445.0000000000
1839 -1444.0000000000
1844 -1443.0000000000
1846 -1441.0000000000
1849 -1439.0000000000
1851 -1438.0000000000
1852 -1437.0000000000
1859 -1436.0000000000
1860 -1435.0000000000
1869 -1434.0000000000
1870 -1433.0000000000
1872 -1432.0000000000
1873 -1431.0000000000
1883 -1429.0000000000
1891 -1428.0000000000
1898 -1427.0000000000
1905 -1426.0000000000
1909 -1425.0000000000
1915 -1424.0000000000
1922 -1423.0000000000
1933 -1422.0000000000
1936 -1421.0000000000
1942 -1420.0000000000
1950 -1419.0000000000
1953 -1418.0000000000
1954 -1417.0000000000
1961 -1414.0000000000
1965 -1413.0000000000
1968 -1412.0000000000
1983 -1411.0000000000
1984 -1410.0000000000
1985 -1409.0000000000
1998 -1407.0000000000
2007 -1406.0000000000
2015 -1405.0000000000
2024 -1404.0000000000
2039 -1403.0000000000
2041 -1402.0000000000
2045 -1401.0000000000
2046 -1400.0000000000
2049 -1399.0000000000
2056 -1397.0000000000
2060 -1396.0000000000
2069 -1395.0000000000
2072 -1394.0000000000
2077 -1393.0000000000
2082 -1392.0000000000
2083 -1391.0000000000
2086 -1390.0000000000
2087 -1389.0000000000
2089 -1388.0000000000
2099 -1387.0000000000
2107 -1386.0000000000
2108 -1385.0000000000
2112 -1384.0000000000
2113 -1383.0000000000
2121 -1382.0000000000
2128 -1381.0000000000
2130 -1380.0000000000
2134 -1379.0000000000
2138 -1378.0000000000
2150 -1377.0000000000
2153 -1376.0000000000
2165 -1375.0000000000
2169 -1373.0000000000
2170 -1372.0000000000
2171 -1371.0000000000
2182 -1370.0000000000
2184 -1369.0000000000
2187 -1368.0000000000
2188 -1367.0000000000
2190 -1365.0000000000
2199 -1364.0000000000
2200 -1362.0000000000
2201 -1361.0000000000
2202 -1360.0000000000
2203 -1359.0000000000
2208 -1358.0000000000
2221 -1356.0000000000
2224 -1355.0000000000
2227 -1354.0000000000
2228 -1353.0000000000
2231 -1352.0000000000
2238 -1351.0000000000
2239 -1350.0000000000
2242 -1349.0000000000
2245 -1348.0000000000
2246 -1347.0000000000
2248 -1346.0000000000
2252 -1345.0000000000
2258 -1344.0000000000
2259 -1341.0000000000
2262 -1340.0000000000
2283 -1339.0000000000
2284 -1337.0000000000
2289 -1334.0000000000
2294 -1333.0000000000
2295 -1332.0000000000
2296 -1331.0000000000
2299 -1329.0000000000
2304 -1328.0000000000
2309 -1327.0000000000
2316 -1326.0000000000
2317 -1325.0000000000
2326 -1324.0000000000
2328 -1323.0000000000
2329 -1322.0000000000
2337 -1321.0000000000
2346 -1319.0000000000
2352 -1318.0000000000
2353 -1316.0000000000
2361 -1315.0000000000
2364 -1314.0000000000
2375 -1313.0000000000
2379 -1312.0000000000
2383 -1311.0000000000
2393 -1310.0000000000
2394 -1309.0000000000
2395 -1308.0000000000
2396 -1306.0000000000
2398 -1305.0000000000
2404 -1304.0000000000
2412 -1303.0000000000
2413 -1302.0000000000
2417 -1301.0000000000
2419 -1300.0000000000
2426 -1298.0000000000
2431 -1297.0000000000
2446 -1296.0000000000
2451 -1295.0000000000
2455 -1294.0000000000
2466 -1293.0000000000
2467 -1292.0000000000
2475 -1290.0000000000
2484 -1289.0000000000
2488 -1288.0000000000
2499 -1287.0000000000
2508 -1286.0000000000
2519 -1284.0000000000
2523 -1283.0000000000
2530 -1282.0000000000
2531 -1281.0000000000
2536 -1280.0000000000
2537 -1279.0000000000
2538 -1278.0000000000
2543 -1277.0000000000
2544 -1276.0000000000
2547 -1275.0000000000
2567 -1274.0000000000
2570 -1273.0000000000
2574 -1272.0000000000
2590 -1271.0000000000
2592 -1270.0000000000
2597 -1269.0000000000
2598 -1268.0000000000
2621 -1267.0000000000
2626 -1266.0000000000
2627 -1265.0000000000
2638 -1264.0000000000
2649 -1263.0000000000
2655 -1261.0000000000
2660 -1260.0000000000
2661 -1259.0000000000
2663 -1258.0000000000
2664 -1256.0000000000
2666 -1255.0000000000
2667 -1253.0000000000
2683 -1252.0000000000
2687 -1250.0000000000
2692 -1249.0000000000
2693 -1247.0000000000
2694 -1246.0000000000
2701 -1245.0000000000
2707 -1244.0000000000
2712 -1243.0000000000
2713 -1242.0000000000
2718 -1241.0000000000
2728 -1240.0000000000
2729 -1238.0000000000
2731 -1237.0000000000
2732 -1236.0000000000
2736 -1235.0000000000
2746 -1234.0000000000
2747 -1233.0000000000
2753 -1232.0000000000
2757 -1229.0000000000
2761 -1228.0000000000
2765 -1227.0000000000
2771 -1226.0000000000
2778 -1225.0000000000
2782 -1224.0000000000
2794 -1223.0000000000
2796 -1222.0000000000
2804 -1221.0000000000
2809 -1219.0000000000
2823 -1218.0000000000
2827 -1217.0000000000
2836 -1216.0000000000
2840 -1215.0000000000
2844 -1213.0000000000
2847 -1212.0000000000
2849 -1210.0000000000
2851 -1209.0000000000
2866 -1208.0000000000
2870 -1207.0000000000
2874 -1206.0000000000
2890 -1205.0000000000
2914 -1204.0000000000
2921 -1203.0000000000
2922 -1202.0000000000
2936 -1201.0000000000
2939 -1200.0000000000
2944 -1199.0000000000
2951 -1198.0000000000
2960 -1197.0000000000
2967 -1196.0000000000
2971 -1194.0000000000
2972 -1193.0000000000
2974 -1192.0000000000
3007 -1191.0000000000
3010 -1190.0000000000
3014 -1189.0000000000
3033 -1188.0000000000
3041 -1187.0000000000
3043 -1186.0000000000
3051 -1185.0000000000
3055 -1184.0000000000
3058 -1180.0000000000
3070 -1179.0000000000
3074 -1177.0000000000
3077 -1176.0000000000
3080 -1175.0000000000
3082 -1174.0000000000
3100 -1173.0000000000
3101 -1172.0000000000
3103 -1171.0000000000
3115 -1170.0000000000
3127 -1169.0000000000
3128 -1168.0000000000
3132 -1167.0000000000
3144 -1166.0000000000
3146 -1165.0000000000
3148 -1164.0000000000
3156 -1162.0000000000
3165 -1161.0000000000
3167 -1159.0000000000
3169 -1158.0000000000
3174 -1157.0000000000
3178 -1156.0000000000
3188 -1154.0000000000
3199 -1153.0000000000
3221 -1152.0000000000
3229 -1151.0000000000
3245 -1150.0000000000
3254 -1149.0000000000
3260 -1148.0000000000
3268 -1147.0000000000
3272 -1146.0000000000
3275 -1145.0000000000
3285 -1144.0000000000
3286 -1143.0000000000
3289 -1141.0000000000
3292 -1140.0000000000
3294 -1137.0000000000
3303 -1136.0000000000
3309 -1135.0000000000
3313 -1133.0000000000
3316 -1132.0000000000
3325 -1131.0000000000
3330 -1130.0000000000
3335 -1129.0000000000
3344 -1128.0000000000
3349 -1127.0000000000
3350 -1126.0000000000
3351 -1125.0000000000
3363 -1123.0000000000
3364 -1121.0000000000
3369 -1120.0000000000
3387 -1119.0000000000
3388 -1118.0000000000
3389 -1117.0000000000
3398 -1116.0000000000
3410 -1115.0000000000
3413 -1114.0000000000
3446 -1113.0000000000
3455 -1112.0000000000
3461 -1111.0000000000
3464 -1110.0000000000
3466 -1109.0000000000
3483 -1108.0000000000
3489 -1107.0000000000
3495 -1106.0000000000
3507 -1105.0000000000
3509 -1104.0000000000
3523 -1103.0000000000
3524 -1102.0000000000
3533 -1101.0000000000
3537 -1100.0000000000
3543 -1099.0000000000
3562 -1097.0000000000
3586 -1096.0000000000
3588 -1095.0000000000
3597 -1094.0000000000
3598 -1093.0000000000
3623 -1092.0000000000
3637 -1091.0000000000
3644 -1089.0000000000
3653 -1088.0000000000
3658 -1087.0000000000
3660 -1086.0000000000
3662 -1085.0000000000
3679 -1084.0000000000
3680 -1082.0000000000
3682 -1081.0000000000
3692 -1080.0000000000
3700 -1079.0000000000
3704 -1078.0000000000
3727 -1077.0000000000
3733 -1076.0000000000
3743 -1075.0000000000
3765 -1074.0000000000
3770 -1073.0000000000
3777 -1071.0000000000
3778 -1070.0000000000
3781 -1069.0000000000
3783 -1068.0000000000
3786 -1067.0000000000
3799 -1066.0000000000
3806 -1065.0000000000
3820 -1064.0000000000
3856 -1063.0000000000
3859 -1062.0000000000
3860 -1061.0000000000
3861 -1060.0000000000
3864 -1059.0000000000
3871 -1058.0000000000
3872 -1057.0000000000
3887 -1055.0000000000
3889 -1054.0000000000
3897 -1052.0000000000
3903 -1051.0000000000
3908 -1050.0000000000
3925 -1049.0000000000
3930 -1048.0000000000
3932 -1046.0000000000
3942 -1045.0000000000
3954 -1044.0000000000
3967 -1043.0000000000
3970 -1042.0000000000
3973 -1041.0000000000
3978 -1039.0000000000
3983 -1038.0000000000
3990 -1037.0000000000
4000 -1036.0000000000
4005 -1035.0000000000
4015 -1034.0000000000
4067 -1033.0000000000
4073 -1032.0000000000
4079 -1031.0000000000
4094 -1030.0000000000
4102 -1029.0000000000
4120 -1028.0000000000
4122 -1027.0000000000
4124 -1026.0000000000
4135 -1025.0000000000
4140 -1024.0000000000
4143 -1023.0000000000
4146 -1022.0000000000
4148 -1021.0000000000
4173 -1020.0000000000
4185 -1019.0000000000
4191 -1018.0000000000
4210 -1017.0000000000
4211 -1016.0000000000
4215 -1015.0000000000
4219 -1013.0000000000
4231 -1012.0000000000
4236 -1010.0000000000
4256 -1008.0000000000
4290 -1007.0000000000
4299 -1006.0000000000
4305 -1005.0000000000
4314 -1003.0000000000
4317 -1002.0000000000
4328 -1001.0000000000
4331 -999.0000000000
4336 -998.0000000000
4337 -996.0000000000
4344 -995.0000000000
4348 -994.0000000000
4350 -991.0000000000
4379 -990.0000000000
4390 -989.0000000000
4392 -987.0000000000
4396 -985.0000000000
4432 -984.0000000000
4452 -983.0000000000
4455 -982.0000000000
4458 -981.0000000000
4462 -979.0000000000
4463 -978.0000000000
4465 -977.0000000000
4469 -976.0000000000
4470 -974.0000000000
4489 -973.0000000000
4505 -972.0000000000
4509 -971.0000000000
4527 -970.0000000000
4530 -969.0000000000
4538 -968.0000000000
4539 -967.0000000000
4542 -966.0000000000
4546 -965.0000000000
4557 -964.0000000000
4563 -962.0000000000
4581 -961.0000000000
4591 -960.0000000000
4598 -959.0000000000
4617 -958.0000000000
4620 -957.0000000000
4637 -956.0000000000
4638 -955.0000000000
4647 -954.0000000000
4653 -953.0000000000
4655 -951.0000000000
4662 -950.0000000000
4682 -949.0000000000
4701 -948.0000000000
4731 -947.0000000000
4734 -946.0000000000
4745 -945.0000000000
4763 -944.0000000000
4780 -943.0000000000
4782 -942.0000000000
4785 -941.0000000000
4800 -940.0000000000
4802 -939.0000000000
4809 -938.0000000000
4810 -937.0000000000
4829 -936.0000000000
4842 -935.0000000000
4846 -933.0000000000
4855 -932.0000000000
4857 -931.0000000000
4865 -930.0000000000
4867 -929.0000000000
4877 -928.0000000000
4881 -927.0000000000
4882 -926.0000000000
4899 -924.0000000000
4902 -923.0000000000
4908 -922.0000000000
4928 -921.0000000000
4934 -920.0000000000
4938 -919.0000000000
4961 -918.0000000000
4966 -917.0000000000
4974 -916.0000000000
4990 -915.0000000000
4996 -914.0000000000
4998 -913.0000000000
5008 -912.0000000000
5014 -911.0000000000
5017 -910.0000000000
5031 -909.0000000000
5041 -908.0000000000
5044 -907.0000000000
5062 -905.0000000000
5121 -904.0000000000
5126 -903.0000000000
5128 -901.0000000000
5129 -900.0000000000
5134 -899.0000000000
5159 -898.0000000000
5167 -897.0000000000
5184 -896.0000000000
5194 -894.0000000000
5203 -893.0000000000
5205 -892.0000000000
5222 -891.0000000000
5225 -890.0000000000
5231 -889.0000000000
5260 -888.0000000000
5266 -887.0000000000
5275 -885.0000000000
5294 -884.0000000000
5309 -883.0000000000
5314 -882.0000000000
5318 -881.0000000000
5325 -880.0000000000
5326 -879.0000000000
5333 -878.0000000000
5336 -877.0000000000
5345 -876.0000000000
5357 -875.0000000000
5366 -874.0000000000
5368 -873.0000000000
5389 -872.0000000000
5452 -870.0000000000
5465 -869.0000000000
5489 -867.0000000000
5499 -866.0000000000
5509 -865.0000000000
5510 -863.0000000000
5521 -861.0000000000
5524 -860.0000000000
5528 -859.0000000000
5539 -858.0000000000
5544 -857.0000000000
5557 -856.0000000000
5574 -855.0000000000
5575 -854.0000000000
5579 -853.0000000000
5583 -852.0000000000
5594 -851.0000000000
5602 -850.0000000000
5633 -849.0000000000
5646 -848.0000000000
5647 -847.0000000000
5657 -846.0000000000
5677 -845.0000000000
5680 -843.0000000000
5689 -842.0000000000
5704 -840.0000000000
5705 -839.0000000000
5707 -838.0000000000
5715 -837.0000000000
5727 -836.0000000000
5764 -835.0000000000
5765 -834.0000000000
5766 -833.0000000000
5768 -832.0000000000
5769 -831.0000000000
5770 -830.0000000000
5773 -829.0000000000
5778 -828.0000000000
5783 -827.0000000000
5819 -826.0000000000
5835 -825.0000000000
5843 -824.0000000000
5845 -823.0000000000
5851 -822.0000000000
5855 -821.0000000000
5864 -820.0000000000
5866 -819.0000000000
5897 -817.0000000000
5927 -816.0000000000
5955 -815.0000000000
5968 -814.0000000000
5986 -813.0000000000
5993 -812.0000000000
5998 -811.0000000000
6002 -810.0000000000
6005 -809.0000000000
6013 -808.0000000000
6023 -807.0000000000
6038 -806.0000000000
6049 -805.0000000000
6061 -804.0000000000
6074 -803.0000000000
6080 -802.0000000000
6082 -801.0000000000
6098 -800.0000000000
6099 -799.0000000000
6101 -798.0000000000
6110 -797.0000000000
6114 -796.0000000000
6117 -795.0000000000
6130 -794.0000000000
6140 -793.0000000000
6143 -792.0000000000
6168 -791.0000000000
6181 -790.0000000000
6186 -789.0000000000
6199 -788.0000000000
6205 -787.0000000000
6214 -785.0000000000
6225 -784.0000000000
6235 -783.0000000000
6262 -782.0000000000
6264 -781.0000000000
6266 -780.0000000000
6272 -779.0000000000
6287 -778.0000000000
6300 -777.0000000000
6306 -776.0000000000
6316 -775.0000000000
6321 -774.0000000000
6329 -772.0000000000
6331 -771.0000000000
6350 -770.0000000000
6355 -768.0000000000
6363 -766.0000000000
6385 -765.0000000000
6387 -763.0000000000
6389 -762.0000000000
6397 -761.0000000000
6400 -760.0000000000
6403 -758.0000000000
6414 -757.0000000000
6444 -756.0000000000
6448 -755.0000000000
6476 -754.0000000000
6479 -753.0000000000
6484 -752.0000000000
6495 -751.0000000000
6499 -750.0000000000
6516 -749.0000000000
6519 -748.0000000000
6541 -747.0000000000
6572 -745.0000000000
6578 -744.0000000000
6584 -743.0000000000
6593 -742.0000000000
6596 -740.0000000000
6599 -739.0000000000
6601 -738.0000000000
6617 -737.0000000000
6624 -736.0000000000
6630 -735.0000000000
6636 -734.0000000000
6639 -733.0000000000
6642 -730.0000000000
6647 -729.0000000000
6668 -728.0000000000
6683 -727.0000000000
6715 -726.0000000000
6727 -725.0000000000
6736 -723.0000000000
6737 -722.0000000000
6743 -721.0000000000
6753 -720.0000000000
6779 -719.0000000000
6814 -718.0000000000
6821 -717.0000000000
6825 -716.0000000000
6828 -715.0000000000
6831 -714.0000000000
6844 -713.0000000000
6846 -712.0000000000
6851 -711.0000000000
6857 -710.0000000000
6869 -709.0000000000
6872 -708.0000000000
6875 -707.0000000000
6890 -706.0000000000
6892 -705.0000000000
6905 -704.0000000000
6912 -703.0000000000
6919 -702.0000000000
6932 -701.0000000000
6946 -700.0000000000
6953 -699.0000000000
6958 -698.0000000000
6970 -697.0000000000
7004 -696.0000000000
7017 -695.0000000000
7019 -694.0000000000
7020 -693.0000000000
7023 -692.0000000000
7026 -691.0000000000
7033 -690.0000000000
7043 -689.0000000000
7056 -688.0000000000
7062 -687.0000000000
7066 -686.0000000000
7075 -685.0000000000
7077 -684.0000000000
7092 -683.0000000000
7097 -682.0000000000
7116 -681.0000000000
7130 -680.0000000000
7144 -678.0000000000
7146 -677.0000000000
7163 -676.0000000000
7187 -674.0000000000
7196 -672.0000000000
7198 -671.0000000000
7226 -670.0000000000
7228 -669.0000000000
7229 -668.0000000000
7244 -667.0000000000
7247 -666.0000000000
7248 -665.0000000000
7272 -664.0000000000
7292 -663.0000000000
7308 -662.0000000000
7322 -661.0000000000
7332 -660.0000000000
7337 -659.0000000000
7341 -658.0000000000
7346 -657.0000000000
7356 -656.0000000000
7360 -655.0000000000
7367 -654.0000000000
7373 -653.0000000000
7374 -652.0000000000
7410 -650.0000000000
7418 -649.0000000000
7425 -648.0000000000
7443 -647.0000000000
7471 -646.0000000000
7491 -645.0000000000
7493 -644.0000000000
7504 -643.0000000000
7511 -642.0000000000
7529 -641.0000000000
7548 -640.0000000000
7555 -639.0000000000
7578 -638.0000000000
7590 -637.0000000000
7595 -636.0000000000
7602 -635.0000000000
7610 -634.0000000000
7614 -633.0000000000
7655 -632.0000000000
7663 -631.0000000000
7668 -630.0000000000
7688 -629.0000000000
7691 -628.0000000000
7703 -626.0000000000
7710 -624.0000000000
7712 -623.0000000000
7733 -622.0000000000
7734 -621.0000000000
7738 -620.0000000000
7772 -619.0000000000
7781 -617.0000000000
7788 -615.0000000000
7799 -614.0000000000
7803 -613.0000000000
7815 -612.0000000000
7817 -611.0000000000
7829 -610.0000000000
7882 -609.0000000000
7899 -608.0000000000
7904 -607.0000000000
7905 -606.0000000000
7929 -605.0000000000
7967 -604.0000000000
8019 -603.0000000000
8025 -602.0000000000
8064 -601.0000000000
8088 -600.0000000000
8091 -599.0000000000
8095 -598.0000000000
8111 -597.0000000000
8117 -596.0000000000
8125 -595.0000000000
8149 -594.0000000000
8167 -593.0000000000
8177 -592.0000000000
8178 -591.0000000000
8195 -590.0000000000
8214 -588.0000000000
8226 -587.0000000000
8240 -586.0000000000
8261 -585.0000000000
8277 -583.0000000000
8301 -582.0000000000
8312 -581.0000000000
8351 -580.0000000000
8361 -578.0000000000
8379 -577.0000000000
8384 -576.0000000000
8397 -575.0000000000
8453 -574.0000000000
8469 -573.0000000000
8489 -572.0000000000
8495 -571.0000000000
8497 -570.0000000000
8511 -569.0000000000
8512 -568.0000000000
8521 -567.0000000000
8546 -566.0000000000
8563 -565.0000000000
8600 -564.0000000000
8623 -563.0000000000
8626 -562.0000000000
8643 -561.0000000000
8658 -560.0000000000
8670 -559.0000000000
8671 -558.0000000000
8724 -557.0000000000
8749 -556.0000000000
8763 -555.0000000000
8776 -554.0000000000
8785 -553.0000000000
8787 -552.0000000000
8800 -551.0000000000
8808 -550.0000000000
8840 -549.0000000000
8845 -547.0000000000
8870 -545.0000000000
8883 -543.0000000000
8899 -542.0000000000
8932 -541.0000000000
8933 -540.0000000000
8935 -539.0000000000
8955 -538.0000000000
8993 -537.0000000000
8997 -536.0000000000
9022 -535.0000000000
9023 -534.0000000000
9040 -533.0000000000
9042 -532.0000000000
9044 -531.0000000000
9047 -530.0000000000
9052 -529.0000000000
9058 -528.0000000000
9073 -527.0000000000
9111 -526.0000000000
9113 -525.0000000000
9117 -524.0000000000
9143 -523.0000000000
9159 -522.0000000000
9196 -521.0000000000
9213 -519.0000000000
9241 -518.0000000000
9296 -517.0000000000
9338 -516.0000000000
9369 -515.0000000000
9374 -514.0000000000
9381 -513.0000000000
9397 -512.0000000000
9411 -511.0000000000
9430 -510.0000000000
9432 -508.0000000000
9463 -507.0000000000
9486 -506.0000000000
9509 -505.0000000000
9510 -504.0000000000
9525 -503.0000000000
9550 -502.0000000000
9593 -501.0000000000
9605 -500.0000000000
9616 -498.0000000000
9620 -497.0000000000
9621 -496.0000000000
9626 -495.0000000000
9639 -494.0000000000
9680 -493.0000000000
9696 -492.0000000000
9708 -491.0000000000
9721 -490.0000000000
9724 -489.0000000000
9748 -488.0000000000
9759 -487.0000000000
9791 -486.0000000000
9797 -485.0000000000
9814 -484.0000000000
9846 -483.0000000000
9855 -482.0000000000
9915 -481.0000000000
9955 -480.0000000000
9959 -479.0000000000
10000 -479.0000000000
