evaluations raw_y
1 -2006.0000000000
4 -2003.0000000000
5 -2001.0000000000
7 -1999.0000000000
11 -1998.0000000000
12 -1997.0000000000
16 -1996.0000000000
24 -1994.0000000000
26 -1993.0000000000
27 -1991.0000000000
28 -1990.0000000000
30 -1989.0000000000
31 -1988.0000000000
38 -1986.0000000000
53 -1985.0000000000
58 -1984.0000000000
64 -1981.0000000000
69 -1980.0000000000
72 -1978.0000000000
75 -1977.0000000000
77 -1976.0000000000
81 -1975.0000000000
85 -1974.0000000000
87 -1973.0000000000
90 -1972.0000000000
92 -1971.0000000000
96 -1970.0000000000
98 -1969.0000000000
105 -1968.0000000000
109 -1967.0000000000
110 -1966.0000000000
112 -1962.0000000000
117 -1961.0000000000
120 -1960.0000000000
128 -1959.0000000000
129 -1958.0000000000
136 -1957.0000000000
139 -1954.0000000000
140 -1953.0000000000
143 -1952.0000000000
147 -1951.0000000000
151 -1950.0000000000
154 -1949.0000000000
158 -1948.0000000000
161 -1947.0000000000
162 -1946.0000000000
164 -1945.0000000000
168 -1944.0000000000
170 -1942.0000000000
173 -1940.0000000000
177 -1938.0000000000
182 -1937.0000000000
187 -1936.0000000000
189 -1935.0000000000
191 -1934.0000000000
202 -1933.0000000000
203 -1932.0000000000
205 -1929.0000000000
206 -1928.0000000000
207 -1927.0000000000
212 -1926.0000000000
219 -1925.0000000000
220 -1924.0000000000
221 -1923.0000000000
223 -1922.0000000000
225 -1921.0000000000
227 -1920.0000000000
232 -1919.0000000000
233 -1918.0000000000
237 -1917.0000000000
239 -1915.0000000000
244 -1914.0000000000
249 -1910.0000000000
251 -1909.0000000000
254 -1908.0000000000
255 -1906.0000000000
258 -1905.0000000000
265 -1904.0000000000
266 -1903.0000000000
268 -1901.0000000000
270 -1900.0000000000
273 -1899.0000000000
281 -1896.0000000000
287 -1895.0000000000
298 -1894.0000000000
299 -1892.0000000000
304 -1891.0000000000
305 -1889.0000000000
311 -1888.0000000000
315 -1887.0000000000
316 -1886.0000000000
317 -1885.0000000000
318 -1884.0000000000
322 -1883.0000000000
328 -1882.0000000000
331 -1881.0000000000
336 -1880.0000000000
338 -1879.0000000000
343 -1877.0000000000
344 -1875.0000000000
347 -1872.0000000000
350 -1871.0000000000
352 -1868.0000000000
355 -1867.0000000000
360 -1866.0000000000
364 -1865.0000000000
367 -1864.0000000000
368 -1863.0000000000
373 -1862.0000000000
380 -1861.0000000000
382 -1860.0000000000
391 -1859.0000000000
399 -1858.0000000000
401 -1857.0000000000
409 -1855.0000000000
411 -1854.0000000000
412 -1853.0000000000
418 -1852.0000000000
426 -1849.0000000000
451 -1848.0000000000
457 -1847.0000000000
458 -1846.0000000000
459 -1845.0000000000
464 -1844.0000000000
487 -1842.0000000000
500 -1841.0000000000
505 -1840.0000000000
507 -1838.0000000000
508 -1837.0000000000
509 -1836.0000000000
514 -1835.0000000000
516 -1834.0000000000
518 -1833.0000000000
520 -1832.0000000000
521 -1831.0000000000
523 -1830.0000000000
525 -1829.0000000000
527 -1828.0000000000
545 -1827.0000000000
555 -1826.0000000000
560 -1824.0000000000
564 -1823.0000000000
566 -1821.0000000000
572 -1820.0000000000
574 -1819.0000000000
578 -1818.0000000000
585 -1817.0000000000
588 -1816.0000000000
590 -1815.0000000000
593 -1812.0000000000
594 -1811.0000000000
598 -1810.0000000000
599 -1809.0000000000
603 -1808.0000000000
606 -1807.0000000000
609 -1806.0000000000
611 -1805.0000000000
614 -1804.0000000000
628 -1803.0000000000
652 -1802.0000000000
657 -1801.0000000000
660 -1800.0000000000
662 -1799.0000000000
663 -1798.0000000000
669 -1796.0000000000
671 -1795.0000000000
672 -1794.0000000000
678 -1792.0000000000
688 -1791.0000000000
691 -1790.0000000000
692 -1789.0000000000
694 -1788.0000000000
697 -1786.0000000000
700 -1785.0000000000
702 -1784.0000000000
705 -1782.0000000000
706 -1781.0000000000
709 -1780.0000000000
715 -1779.0000000000
716 -1778.0000000000
717 -1777.0000000000
729 -1776.0000000000
743 -1775.0000000000
754 -1774.0000000000
755 -1773.0000000000
793 -1770.0000000000
796 -1769.0000000000
802 -1768.0000000000
809 -1767.0000000000
813 -1766.0000000000
818 -1765.0000000000
821 -1764.0000000000
827 -1763.0000000000
834 -1762.0000000000
836 -1760.0000000000
838 -1759.0000000000
843 -1757.0000000000
846 -1756.0000000000
861 -1755.0000000000
879 -1754.0000000000
882 -1753.0000000000
888 -1752.0000000000
889 -1751.0000000000
893 -1750.0000000000
894 -1749.0000000000
895 -1745.0000000000
906 -1744.0000000000
907 -1743.0000000000
911 -1742.0000000000
917 -1740.0000000000
930 -1739.0000000000
931 -1738.0000000000
940 -1736.0000000000
943 -1735.0000000000
946 -1734.0000000000
953 -1733.0000000000
965 -1732.0000000000
975 -1730.0000000000
979 -1729.0000000000
981 -1728.0000000000
983 -1727.0000000000
992 -1725.0000000000
993 -1724.0000000000
1003 -1723.0000000000
1008 -1722.0000000000
1016 -1721.0000000000
1020 -1720.0000000000
1026 -1718.0000000000
1031 -1715.0000000000
1034 -1714.0000000000
1035 -1713.0000000000
1037 -1712.0000000000
1038 -1711.0000000000
1040 -1710.0000000000
1041 -1709.0000000000
1046 -1708.0000000000
1052 -1707.0000000000
1059 -1706.0000000000
1061 -1705.0000000000
1063 -1704.0000000000
1078 -1703.0000000000
1081 -1702.0000000000
1083 -1701.0000000000
1099 -1699.0000000000
1113 -1698.0000000000
1115 -1697.0000000000
1116 -1696.0000000000
1119 -1695.0000000000
1121 -1694.0000000000
1122 -1692.0000000000
1126 -1691.0000000000
1128 -1690.0000000000
1131 -1689.0000000000
1132 -1688.0000000000
1137 -1687.0000000000
1140 -1686.0000000000
1146 -1684.0000000000
1155 -1683.0000000000
1156 -1682.0000000000
1161 -1680.0000000000
1173 -1679.0000000000
1174 -1676.0000000000
1176 -1675.0000000000
1180 -1674.0000000000
1181 -1673.0000000000
1182 -1672.0000000000
1184 -1671.0000000000
1185 -1670.0000000000
1188 -1669.0000000000
1191 -1668.0000000000
1194 -1667.0000000000
1198 -1665.0000000000
1205 -1664.0000000000
1207 -1663.0000000000
1208 -1662.0000000000
1224 -1661.0000000000
1226 -1660.0000000000
1227 -1659.0000000000
1229 -1658.0000000000
1230 -1654.0000000000
1240 -1653.0000000000
1243 -1652.0000000000
1245 -1651.0000000000
1251 -1650.0000000000
1254 -1649.0000000000
1262 -1647.0000000000
1263 -1646.0000000000
1280 -1645.0000000000
1285 -1644.0000000000
1289 -1643.0000000000
1295 -1642.0000000000
1296 -1641.0000000000
1298 -1640.0000000000
1312 -1639.0000000000
1316 -1638.0000000000
1318 -1637.0000000000
1320 -1635.0000000000
1322 -1633.0000000000
1331 -1631.0000000000
1334 -1630.0000000000
1341 -1629.0000000000
1347 -1628.0000000000
1355 -1627.0000000000
1358 -1625.0000000000
1365 -1624.0000000000
1371 -1622.0000000000
1375 -1621.0000000000
1376 -1620.0000000000
1382 -1619.0000000000
1390 -1617.0000000000
1396 -1616.0000000000
1398 -1615.0000000000
1399 -1613.0000000000
1402 -1612.0000000000
1408 -1611.0000000000
1409 -1610.0000000000
1411 -1608.0000000000
1415 -1607.0000000000
1416 -1606.0000000000
1419 -1604.0000000000
1430 -1603.0000000000
1440 -1602.0000000000
1445 -1601.0000000000
1454 -1600.0000000000
1461 -1599.0000000000
1463 -1597.0000000000
1479 -1596.0000000000
1485 -1595.0000000000
1487 -1594.0000000000
1491 -1593.0000000000
1495 -1592.0000000000
1496 -1591.0000000000
1497 -1590.0000000000
1503 -1589.0000000000
1516 -1587.0000000000
1526 -1586.0000000000
1534 -1585.0000000000
1535 -1584.0000000000
1538 -1582.0000000000
1542 -1581.0000000000
1547 -1580.0000000000
1551 -1578.0000000000
1553 -1577.0000000000
1555 -1576.0000000000
1565 -1575.0000000000
1567 -1574.0000000000
1574 -1573.0000000000
1581 -1572.0000000000
1586 -1571.0000000000
1588 -1569.0000000000
1594 -1568.0000000000
1611 -1566.0000000000
1632 -1565.0000000000
1649 -1564.0000000000
1655 -1563.0000000000
1659 -1562.0000000000
1664 -1561.0000000000
1666 -1560.0000000000
1668 -1559.0000000000
1676 -1558.0000000000
1685 -1556.0000000000
1686 -1554.0000000000
1696 -1553.0000000000
1697 -1552.0000000000
1698 -1551.0000000000
1705 -1550.0000000000
1708 -1548.0000000000
1712 -1547.0000000000
1715 -1546.0000000000
1729 -1545.0000000000
1730 -1544.0000000000
1733 -1543.0000000000
1734 -1542.0000000000
1737 -1541.0000000000
1746 -1540.0000000000
1747 -1538.0000000000
1751 -1537.0000000000
1753 -1535.0000000000
1754 -1534.0000000000
1763 -1532.0000000000
1775 -1531.0000000000
1778 -1530.0000000000
1786 -1529.0000000000
1791 -1528.0000000000
1795 -1526.0000000000
1797 -1525.0000000000
1798 -1524.0000000000
1806 -1523.0000000000
1808 -1522.0000000000
1831 -1521.0000000000
1835 -1520.0000000000
1843 -1519.0000000000
1844 -1517.0000000000
1856 -1516.0000000000
1858 -1515.0000000000
1860 -1514.0000000000
1867 -1512.0000000000
1868 -1511.0000000000
1873 -1509.0000000000
1881 -1508.0000000000
1883 -1507.0000000000
1889 -1506.0000000000
1892 -1505.0000000000
1893 -1504.0000000000
1894 -1503.0000000000
1900 -1502.0000000000
1904 -1500.0000000000
1912 -1499.0000000000
1913 -1497.0000000000
1914 -1496.0000000000
1938 -1495.0000000000
1941 -1494.0000000000
1944 -1492.0000000000
1945 -1490.0000000000
1952 -1489.0000000000
1954 -1488.0000000000
1959 -1486.0000000000
1961 -1485.0000000000
1964 -1483.0000000000
1967 -1482.0000000000
1974 -1481.0000000000
1979 -1479.0000000000
1982 -1478.0000000000
1989 -1477.0000000000
1998 -1476.0000000000
2001 -1475.0000000000
2009 -1474.0000000000
2010 -1473.0000000000
2013 -1472.0000000000
2016 -1469.0000000000
2020 -1468.0000000000
2026 -1467.0000000000
2030 -1466.0000000000
2036 -1465.0000000000
2038 -1464.0000000000
2041 -1463.0000000000
2054 -1462.0000000000
2061 -1461.0000000000
2062 -1460.0000000000
2065 -1459.0000000000
2066 -1458.0000000000
2068 -1457.0000000000
2072 -1456.0000000000
2073 -1455.0000000000
2078 -1454.0000000000
2093 -1451.0000000000
2100 -1450.0000000000
2107 -1448.0000000000
2111 -1447.0000000000
2124 -1446.0000000000
2145 -1445.0000000000
2146 -1443.0000000000
2157 -1442.0000000000
2163 -1441.0000000000
2164 -1440.0000000000
2167 -1439.0000000000
2170 -1438.0000000000
2171 -1437.0000000000
2179 -1436.0000000000
2184 -1435.0000000000
2194 -1434.0000000000
2205 -1433.0000000000
2211 -1432.0000000000
2216 -1431.0000000000
2221 -1429.0000000000
2225 -1428.0000000000
2227 -1427.0000000000
2237 -1426.0000000000
2239 -1425.0000000000
2242 -1424.0000000000
2244 -1423.0000000000
2263 -1422.0000000000
2265 -1421.0000000000
2269 -1419.0000000000
2280 -1418.0000000000
2282 -1417.0000000000
2283 -1416.0000000000
2289 -1415.0000000000
2290 -1413.0000000000
2293 -1412.0000000000
2303 -1410.0000000000
2305 -1409.0000000000
2322 -1408.0000000000
2329 -1407.0000000000
2335 -1406.0000000000
2340 -1405.0000000000
2343 -1404.0000000000
2350 -1403.0000000000
2353 -1402.0000000000
2354 -1401.0000000000
2358 -1400.0000000000
2365 -1399.0000000000
2367 -1398.0000000000
2374 -1397.0000000000
2384 -1396.0000000000
2389 -1395.0000000000
2393 -1394.0000000000
2400 -1393.0000000000
2401 -1392.0000000000
2404 -1390.0000000000
2410 -1389.0000000000
2411 -1387.0000000000
2416 -1386.0000000000
2417 -1384.0000000000
2418 -1383.0000000000
2425 -1382.0000000000
2430 -1380.0000000000
2434 -1378.0000000000
2443 -1377.0000000000
2448 -1376.0000000000
2454 -1375.0000000000
2456 -1374.0000000000
2457 -1373.0000000000
2458 -1371.0000000000
2462 -1370.0000000000
2464 -1368.0000000000
2467 -1366.0000000000
2474 -1365.0000000000
2477 -1364.0000000000
2483 -1363.0000000000
2486 -1362.0000000000
2489 -1361.0000000000
2491 -1360.0000000000
2505 -1359.0000000000
2506 -1358.0000000000
2511 -1357.0000000000
2518 -1356.0000000000
2519 -1354.0000000000
2520 -1353.0000000000
2524 -1352.0000000000
2525 -1351.0000000000
2526 -1350.0000000000
2529 -1349.0000000000
2530 -1348.0000000000
2532 -1347.0000000000
2534 -1346.0000000000
2539 -1344.0000000000
2559 -1343.0000000000
2560 -1342.0000000000
2575 -1341.0000000000
2586 -1340.0000000000
2594 -1339.0000000000
2607 -1338.0000000000
2611 -1337.0000000000
2613 -1336.0000000000
2622 -1334.0000000000
2626 -1332.0000000000
2631 -1331.0000000000
2647 -1328.0000000000
2655 -1327.0000000000
2656 -1325.0000000000
2659 -1324.0000000000
2660 -1323.0000000000
2662 -1322.0000000000
2664 -1321.0000000000
2665 -1320.0000000000
2669 -1318.0000000000
2672 -1317.0000000000
2674 -1316.0000000000
2676 -1315.0000000000
2677 -1314.0000000000
2678 -1310.0000000000
2695 -1309.0000000000
2697 -1308.0000000000
2701 -1307.0000000000
2703 -1306.0000000000
2708 -1305.0000000000
2716 -1304.0000000000
2717 -1302.0000000000
2720 -1301.0000000000
2725 -1300.0000000000
2734 -1299.0000000000
2735 -1298.0000000000
2746 -1297.0000000000
2750 -1296.0000000000
2761 -1295.0000000000
2762 -1294.0000000000
2765 -1293.0000000000
2779 -1292.0000000000
2781 -1291.0000000000
2805 -1289.0000000000
2806 -1288.0000000000
2813 -1287.0000000000
2818 -1286.0000000000
2819 -1285.0000000000
2821 -1283.0000000000
2830 -1282.0000000000
2831 -1281.0000000000
2844 -1280.0000000000
2856 -1279.0000000000
2860 -1278.0000000000
2879 -1277.0000000000
2889 -1276.0000000000
2892 -1275.0000000000
2893 -1274.0000000000
2915 -1273.0000000000
2924 -1272.0000000000
2931 -1271.0000000000
2934 -1270.0000000000
2948 -1269.0000000000
2962 -1268.0000000000
2978 -1267.0000000000
2981 -1266.0000000000
2982 -1265.0000000000
2984 -1263.0000000000
2989 -1262.0000000000
2998 -1261.0000000000
3002 -1259.0000000000
3006 -1258.0000000000
3013 -1257.0000000000
3018 -1255.0000000000
3025 -1254.0000000000
3028 -1253.0000000000
3029 -1252.0000000000
3048 -1251.0000000000
3049 -1250.0000000000
3067 -1248.0000000000
3069 -1246.0000000000
3074 -1245.0000000000
3079 -1244.0000000000
3080 -1243.0000000000
3092 -1242.0000000000
3107 -1241.0000000000
3108 -1240.0000000000
3114 -1239.0000000000
3125 -1237.0000000000
3129 -1236.0000000000
3146 -1235.0000000000
3164 -1234.0000000000
3175 -1233.0000000000
3179 -1232.0000000000
3186 -1231.0000000000
3193 -1230.0000000000
3200 -1229.0000000000
3202 -1228.0000000000
3205 -1227.0000000000
3206 -1226.0000000000
3221 -1225.0000000000
3227 -1224.0000000000
3232 -1223.0000000000
3236 -1222.0000000000
3244 -1221.0000000000
3274 -1220.0000000000
3289 -1219.0000000000
3299 -1217.0000000000
3309 -1216.0000000000
3311 -1215.0000000000
3321 -1214.0000000000
3326 -1213.0000000000
3338 -1212.0000000000
3345 -1211.0000000000
3355 -1210.0000000000
3360 -1209.0000000000
3361 -1208.0000000000
3364 -1207.0000000000
3367 -1205.0000000000
3371 -1203.0000000000
3378 -1201.0000000000
3382 -1200.0000000000
3391 -1198.0000000000
3394 -1197.0000000000
3397 -1196.0000000000
3400 -1195.0000000000
3401 -1194.0000000000
3403 -1193.0000000000
3407 -1192.0000000000
3409 -1190.0000000000
3419 -1188.0000000000
3421 -1187.0000000000
3424 -1186.0000000000
3426 -1185.0000000000
3435 -1184.0000000000
3448 -1182.0000000000
3449 -1181.0000000000
3452 -1180.0000000000
3456 -1179.0000000000
3464 -1178.0000000000
3471 -1177.0000000000
3475 -1176.0000000000
3477 -1175.0000000000
3479 -1174.0000000000
3497 -1173.0000000000
3505 -1172.0000000000
3506 -1171.0000000000
3513 -1170.0000000000
3519 -1169.0000000000
3524 -1168.0000000000
3533 -1167.0000000000
3535 -1166.0000000000
3537 -1165.0000000000
3539 -1164.0000000000
3557 -1163.0000000000
3568 -1162.0000000000
3572 -1161.0000000000
3584 -1160.0000000000
3599 -1159.0000000000
3610 -1158.0000000000
3612 -1157.0000000000
3619 -1156.0000000000
3624 -1155.0000000000
3630 -1154.0000000000
3638 -1152.0000000000
3650 -1151.0000000000
3652 -1150.0000000000
3653 -1149.0000000000
3674 -1148.0000000000
3675 -1147.0000000000
3677 -1145.0000000000
3690 -1144.0000000000
3699 -1143.0000000000
3701 -1142.0000000000
3710 -1141.0000000000
3713 -1140.0000000000
3714 -1139.0000000000
3715 -1138.0000000000
3717 -1137.0000000000
3745 -1136.0000000000
3758 -1135.0000000000
3767 -1134.0000000000
3770 -1133.0000000000
3788 -1132.0000000000
3795 -1130.0000000000
3799 -1129.0000000000
3825 -1126.0000000000
3826 -1125.0000000000
3836 -1124.0000000000
3840 -1121.0000000000
3841 -1120.0000000000
3848 -1118.0000000000
3857 -1117.0000000000
3858 -1116.0000000000
3868 -1115.0000000000
3870 -1113.0000000000
3880 -1112.0000000000
3886 -1111.0000000000
3893 -1110.0000000000
3901 -1109.0000000000
3907 -1108.0000000000
3913 -1107.0000000000
3932 -1106.0000000000
3934 -1104.0000000000
3940 -1103.0000000000
3944 -1102.0000000000
3947 -1101.0000000000
3948 -1100.0000000000
3958 -1099.0000000000
3989 -1098.0000000000
4030 -1097.0000000000
4034 -1095.0000000000
4036 -1094.0000000000
4048 -1093.0000000000
4059 -1092.0000000000
4062 -1091.0000000000
4070 -1089.0000000000
4071 -1088.0000000000
4073 -1087.0000000000
4078 -1086.0000000000
4079 -1084.0000000000
4093 -1083.0000000000
4103 -1082.0000000000
4105 -1080.0000000000
4107 -1079.0000000000
4112 -1078.0000000000
4124 -1076.0000000000
4126 -1074.0000000000
4143 -1073.0000000000
4145 -1072.0000000000
4155 -1071.0000000000
4179 -1070.0000000000
4184 -1069.0000000000
4202 -1068.0000000000
4204 -1067.0000000000
4212 -1066.0000000000
4219 -1065.0000000000
4239 -1064.0000000000
4249 -1063.0000000000
4273 -1062.0000000000
4275 -1061.0000000000
4276 -1059.0000000000
4278 -1058.0000000000
4283 -1057.0000000000
4284 -1056.0000000000
4285 -1055.0000000000
4289 -1054.0000000000
4300 -1053.0000000000
4303 -1052.0000000000
4310 -1051.0000000000
4312 -1050.0000000000
4319 -1049.0000000000
4331 -1048.0000000000
4335 -1047.0000000000
4352 -1046.0000000000
4363 -1045.0000000000
4366 -1042.0000000000
4368 -1041.0000000000
4369 -1040.0000000000
4372 -1039.0000000000
4373 -1038.0000000000
4382 -1037.0000000000
4384 -1036.0000000000
4389 -1035.0000000000
4397 -1034.0000000000
4401 -1033.0000000000
4402 -1032.0000000000
4415 -1031.0000000000
4423 -1030.0000000000
4429 -1029.0000000000
4430 -1028.0000000000
4434 -1027.0000000000
4437 -1025.0000000000
4446 -1024.0000000000
4457 -1023.0000000000
4461 -1022.0000000000
4465 -1021.0000000000
4491 -1020.0000000000
4520 -1019.0000000000
4528 -1018.0000000000
4534 -1017.0000000000
4552 -1016.0000000000
4572 -1015.0000000000
4576 -1014.0000000000
4581 -1013.0000000000
4585 -1012.0000000000
4588 -1011.0000000000
4595 -1010.0000000000
4596 -1008.0000000000
4606 -1006.0000000000
4608 -1005.0000000000
4614 -1004.0000000000
4628 -1002.0000000000
4634 -1000.0000000000
4637 -998.0000000000
4645 -997.0000000000
4646 -996.0000000000
4649 -995.0000000000
4659 -994.0000000000
4667 -993.0000000000
4668 -992.0000000000
4678 -991.0000000000
4689 -990.0000000000
4696 -989.0000000000
4701 -988.0000000000
4717 -987.0000000000
4720 -985.0000000000
4721 -984.0000000000
4723 -983.0000000000
4741 -982.0000000000
4749 -980.0000000000
4753 -979.0000000000
4755 -978.0000000000
4756 -977.0000000000
4800 -976.0000000000
4810 -975.0000000000
4820 -974.0000000000
4821 -973.0000000000
4829 -972.0000000000
4833 -971.0000000000
4840 -970.0000000000
4851 -969.0000000000
4854 -968.0000000000
4867 -967.0000000000
4872 -966.0000000000
4878 -964.0000000000
4885 -963.0000000000
4888 -962.0000000000
4895 -961.0000000000
4896 -960.0000000000
4932 -959.0000000000
4935 -958.0000000000
4941 -957.0000000000
4954 -956.0000000000
4957 -955.0000000000
4977 -954.0000000000
4981 -953.0000000000
4990 -952.0000000000
5007 -951.0000000000
5036 -950.0000000000
5043 -949.0000000000
5053 -948.0000000000
5058 -947.0000000000
5074 -946.0000000000
5075 -945.0000000000
5093 -944.0000000000
5098 -943.0000000000
5099 -941.0000000000
5102 -940.0000000000
5118 -939.0000000000
5123 -937.0000000000
5126 -936.0000000000
5135 -935.0000000000
5139 -934.0000000000
5143 -933.0000000000
5153 -931.0000000000
5154 -929.0000000000
5192 -928.0000000000
5200 -927.0000000000
5203 -926.0000000000
5208 -925.0000000000
5209 -924.0000000000
5216 -923.0000000000
5225 -922.0000000000
5239 -920.0000000000
5260 -918.0000000000
5263 -917.0000000000
5264 -916.0000000000
5266 -915.0000000000
5281 -914.0000000000
5301 -913.0000000000
5302 -912.0000000000
5306 -911.0000000000
5333 -910.0000000000
5396 -909.0000000000
5411 -908.0000000000
5419 -907.0000000000
5429 -906.0000000000
5449 -905.0000000000
5467 -904.0000000000
5471 -903.0000000000
5494 -902.0000000000
5506 -901.0000000000
5512 -900.0000000000
5536 -898.0000000000
5538 -897.0000000000
5546 -896.0000000000
5555 -894.0000000000
5557 -892.0000000000
5563 -891.0000000000
5564 -890.0000000000
5569 -889.0000000000
5571 -888.0000000000
5580 -887.0000000000
5583 -885.0000000000
5588 -884.0000000000
5596 -883.0000000000
5600 -882.0000000000
5601 -881.0000000000
5615 -880.0000000000
5619 -879.0000000000
5622 -878.0000000000
5630 -877.0000000000
5668 -876.0000000000
5697 -875.0000000000
5732 -874.0000000000
5733 -873.0000000000
5744 -872.0000000000
5758 -871.0000000000
5759 -870.0000000000
5774 -869.0000000000
5775 -868.0000000000
5812 -867.0000000000
5860 -866.0000000000
5880 -865.0000000000
5891 -864.0000000000
5898 -863.0000000000
5899 -862.0000000000
5906 -860.0000000000
5916 -859.0000000000
5922 -857.0000000000
5935 -856.0000000000
5966 -855.0000000000
5978 -853.0000000000
5980 -852.0000000000
5983 -851.0000000000
5988 -850.0000000000
5994 -848.0000000000
5996 -847.0000000000
6000 -846.0000000000
6006 -845.0000000000
6012 -844.0000000000
6023 -843.0000000000
6034 -842.0000000000
6040 -841.0000000000
6061 -840.0000000000
6079 -839.0000000000
6080 -837.0000000000
6085 -836.0000000000
6086 -835.0000000000
6087 -834.0000000000
6096 -833.0000000000
6102 -832.0000000000
6139 -831.0000000000
6142 -830.0000000000
6154 -828.0000000000
6166 -827.0000000000
6168 -826.0000000000
6174 -824.0000000000
6192 -823.0000000000
6199 -822.0000000000
6203 -821.0000000000
6217 -820.0000000000
6248 -819.0000000000
6257 -818.0000000000
6261 -817.0000000000
6262 -816.0000000000
6265 -815.0000000000
6281 -814.0000000000
6300 -813.0000000000
6303 -812.0000000000
6307 -811.0000000000
6342 -810.0000000000
6348 -809.0000000000
6356 -808.0000000000
6370 -807.0000000000
6376 -806.0000000000
6379 -805.0000000000
6384 -804.0000000000
6395 -803.0000000000
6432 -802.0000000000
6470 -801.0000000000
6518 -800.0000000000
6545 -799.0000000000
6547 -798.0000000000
6558 -797.0000000000
6562 -796.0000000000
6593 -795.0000000000
6603 -794.0000000000
6612 -793.0000000000
6628 -792.0000000000
6637 -791.0000000000
6655 -789.0000000000
6656 -788.0000000000
6657 -787.0000000000
6663 -786.0000000000
6686 -784.0000000000
6705 -783.0000000000
6731 -782.0000000000
6764 -781.0000000000
6767 -780.0000000000
6781 -779.0000000000
6783 -778.0000000000
6814 -777.0000000000
6817 -776.0000000000
6852 -775.0000000000
6857 -774.0000000000
6880 -773.0000000000
6884 -772.0000000000
6888 -770.0000000000
6894 -769.0000000000
6904 -768.0000000000
6907 -767.0000000000
6938 -766.0000000000
6942 -765.0000000000
6943 -764.0000000000
6977 -763.0000000000
6979 -762.0000000000
6981 -761.0000000000
6982 -760.0000000000
6997 -759.0000000000
7001 -758.0000000000
7042 -757.0000000000
7043 -756.0000000000
7052 -755.0000000000
7059 -754.0000000000
7072 -753.0000000000
7078 -752.0000000000
7083 -751.0000000000
7084 -750.0000000000
7089 -749.0000000000
7101 -748.0000000000
7106 -747.0000000000
7117 -746.0000000000
7122 -744.0000000000
7131 -743.0000000000
7141 -742.0000000000
7152 -741.0000000000
7173 -740.0000000000
7180 -739.0000000000
7183 -738.0000000000
7197 -737.0000000000
7207 -736.0000000000
7215 -735.0000000000
7221 -734.0000000000
7228 -733.0000000000
7267 -732.0000000000
7270 -731.0000000000
7272 -730.0000000000
7277 -729.0000000000
7282 -727.0000000000
7290 -726.0000000000
7291 -725.0000000000
7296 -723.0000000000
7315 -721.0000000000
7323 -720.0000000000
7327 -719.0000000000
7348 -718.0000000000
7362 -717.0000000000
7374 -716.0000000000
7383 -715.0000000000
7416 -714.0000000000
7432 -713.0000000000
7436 -712.0000000000
7447 -710.0000000000
7453 -709.0000000000
7472 -708.0000000000
7490 -707.0000000000
7495 -706.0000000000
7496 -705.0000000000
7504 -704.0000000000
7505 -703.0000000000
7508 -702.0000000000
7532 -701.0000000000
7537 -700.0000000000
7557 -699.0000000000
7575 -698.0000000000
7579 -697.0000000000
7591 -696.0000000000
7595 -695.0000000000
7603 -694.0000000000
7610 -693.0000000000
7645 -692.0000000000
7646 -691.0000000000
7647 -690.0000000000
7660 -689.0000000000
7664 -688.0000000000
7669 -687.0000000000
7685 -686.0000000000
7686 -685.0000000000
7712 -683.0000000000
7737 -682.0000000000
7742 -681.0000000000
7769 -680.0000000000
7782 -678.0000000000
7793 -676.0000000000
7810 -675.0000000000
7819 -674.0000000000
7827 -673.0000000000
7837 -672.0000000000
7839 -671.0000000000
7859 -670.0000000000
7869 -669.0000000000
7884 -668.0000000000
7890 -667.0000000000
7908 -666.0000000000
7919 -665.0000000000
7926 -664.0000000000
7931 -663.0000000000
7941 -662.0000000000
7962 -660.0000000000
7974 -658.0000000000
7981 -657.0000000000
7985 -656.0000000000
8013 -655.0000000000
8033 -654.0000000000
8072 -653.0000000000
8080 -652.0000000000
8085 -651.0000000000
8088 -650.0000000000
8089 -649.0000000000
8126 -648.0000000000
8131 -647.0000000000
8136 -646.0000000000
8165 -645.0000000000
8174 -644.0000000000
8204 -643.0000000000
8219 -642.0000000000
8236 -641.0000000000
8256 -640.0000000000
8269 -639.0000000000
8285 -638.0000000000
8288 -637.0000000000
8321 -636.0000000000
8413 -635.0000000000
8415 -634.0000000000
8476 -633.0000000000
8508 -631.0000000000
8627 -630.0000000000
8628 -629.0000000000
8657 -628.0000000000
8671 -627.0000000000
8674 -626.0000000000
8685 -625.0000000000
8691 -624.0000000000
8695 -623.0000000000
8705 -622.0000000000
8719 -620.0000000000
8747 -619.0000000000
8761 -618.0000000000
8768 -617.0000000000
8794 -616.0000000000
8811 -615.0000000000
8816 -613.0000000000
8838 -612.0000000000
8847 -611.0000000000
8859 -610.0000000000
8868 -609.0000000000
8877 -608.0000000000
8915 -607.0000000000
8927 -606.0000000000
8929 -604.0000000000
8932 -603.0000000000
8951 -602.0000000000
8956 -600.0000000000
8970 -599.0000000000
8977 -598.0000000000
8996 -597.0000000000
9004 -595.0000000000
9006 -593.0000000000
9033 -592.0000000000
9049 -591.0000000000
9059 -589.0000000000
9061 -588.0000000000
9074 -587.0000000000
9084 -586.0000000000
9114 -585.0000000000
9122 -584.0000000000
9131 -583.0000000000
9132 -582.0000000000
9137 -581.0000000000
9142 -580.0000000000
9167 -579.0000000000
9192 -578.0000000000
9199 -577.0000000000
9213 -576.0000000000
9258 -575.0000000000
9273 -574.0000000000
9279 -573.0000000000
9296 -572.0000000000
9304 -571.0000000000
9307 -570.0000000000
9336 -569.0000000000
9347 -568.0000000000
9353 -567.0000000000
9363 -565.0000000000
9373 -564.0000000000
9379 -563.0000000000
9392 -562.0000000000
9427 -561.0000000000
9431 -560.0000000000
9449 -559.0000000000
9464 -558.0000000000
9465 -557.0000000000
9469 -556.0000000000
9477 -555.0000000000
9490 -554.0000000000
9495 -553.0000000000
9508 -552.0000000000
9513 -551.0000000000
9517 -549.0000000000
9518 -548.0000000000
9570 -547.0000000000
9666 -546.0000000000
9667 -545.0000000000
9675 -544.0000000000
9688 -543.0000000000
9692 -542.0000000000
9694 -541.0000000000
9731 -540.0000000000
9733 -539.0000000000
9735 -538.0000000000
9742 -537.0000000000
9743 -536.0000000000
9758 -535.0000000000
9766 -534.0000000000
9774 -533.0000000000
9787 -532.0000000000
9812 -531.0000000000
9816 -530.0000000000
9824 -529.0000000000
9827 -528.0000000000
9842 -527.0000000000
9907 -526.0000000000
9915 -525.0000000000
9940 -524.0000000000
9944 -523.0000000000
9961 -522.0000000000
9963 -521.0000000000
9967 -520.0000000000
9975 -519.0000000000
9981 -518.0000000000
9983 -517.0000000000
10000 -518.0000000000
