evaluations raw_y
1 -794.9005713909
2 1031.9463083117
5 2302.4608111751
6 4916.1936945925
7 6892.7943418718
9 10281.9175642769
11 10810.6911675360
15 11612.4921958836
16 14563.6098348813
17 15804.1674984923
18 16405.8049708975
22 17103.7537271097
23 17393.2498859984
24 18306.4020514118
25 18657.8535144405
26 20018.4652432123
27 20600.6788913166
28 21283.2672289340
31 22978.7291496285
32 23179.6274202207
35 23491.8270735419
36 23744.5260527833
43 23948.6659449629
47 24084.2731741654
75 24236.1912798981
82 24357.5507898768
86 24357.6017072057
352 24575.0973787975
358 24784.0867797157
363 24887.9614096416
385 24991.5087333296
528 25191.6070077097
546 25345.4042370434
592 25565.1333231687
610 25567.4620876138
625 25701.8937204089
656 25904.9702674091
702 26304.9322896164
906 26404.9203468546
1407 26575.5192617206
1457 27030.4586678138
1459 27092.0667088422
1463 27249.2275726519
1470 27467.4351768262
1481 27569.5476528644
1510 27579.6262557525
1518 27660.4565162915
1575 27808.0220917303
3169 27910.1071393072
3218 28020.8661830300
3385 28109.8886272541
3410 28249.2020180933
3422 28323.4060218984
3518 28481.1975787934
3624 28524.0583485548
3670 28620.0023945846
3781 28779.3282652119
4180 28799.5999529018
4262 28950.5806878290
4391 28964.2495979412
4408 29098.7356890747
5294 29203.7733385845
5301 29349.1865941721
5384 29488.2957991445
6220 29498.8649190537
6226 29695.4044037154
6444 29775.5092739214
6519 29910.4657024222
6523 30149.8696778479
6585 30288.6803085330
7931 30399.6302169071
8237 30471.5926760707
8356 30727.4162703987
8624 30744.0757364957
8675 30949.7002668763
8743 30980.8112267588
8802 31135.4238838596
8856 31174.6175769099
9192 31288.6229324678
9521 31315.4817412440
9932 31342.6341454795
10000 -163606.1000000000
evaluations raw_y
1 -2851.0000000000
4 -2066.1704912594
5 -702.8823263692
7 -71.1023277244
8 2680.7885642439
10 4815.9773972175
13 5217.4290450762
14 6142.6424072352
15 9771.7857641220
16 11553.5086154579
18 12009.4434482021
20 13706.5062942252
22 15919.0685648495
23 16564.2088225115
24 19581.2275888057
25 20065.8460247308
28 20481.9080044762
29 21655.0412513944
37 22287.9754697400
41 22477.8763671552
42 22566.2644439673
51 22643.7797552818
71 23157.4702995088
112 23257.1948236391
180 23338.8916671448
181 23466.7720223581
197 23562.3535685480
201 23750.0367505130
302 23811.0092996785
323 23934.2411460950
330 24030.8811532228
385 24114.3159803549
426 24204.5225968157
452 24404.0379991492
529 24425.5023717235
536 24614.1596733719
594 24697.2614360364
705 25096.3693417844
821 25172.8053328336
827 25240.4539098180
836 25466.1105486161
850 25652.4630705157
885 25743.4249463866
897 25841.1700969003
922 26355.1110572915
964 26355.9714216218
966 26480.0960695950
984 26816.5607582831
1113 27082.9597285558
1169 27184.8435846269
1195 27318.0648942306
1297 27420.4224978913
1300 27567.9907558582
1307 27676.4285187638
1324 27698.9052494013
1369 27747.4010248262
1375 27927.4743998085
1426 28363.7348671883
1517 28732.0564462211
1520 29000.1909328072
1548 29016.2764898801
1558 29119.9136328126
1571 29386.9422697723
1838 29587.6382862696
3076 29673.6544953178
3164 29799.7559693195
3177 29942.2004208448
3230 30055.6714731383
3252 30201.2157007268
3271 30315.5121701363
3381 30471.4758496562
3540 30487.0595934808
3585 30626.0459837355
4586 30695.1502715645
5628 30769.0413159374
5711 30885.6342212842
6587 30887.1757783067
6758 31018.8905344838
7399 31022.7103170867
9460 31343.7067486052
10000 31343.7067486052
evaluations raw_y
1 -2851.0000000000
2 -2470.9560041307
3 -1106.6203997890
5 2327.7036495397
6 3661.8628055895
9 5620.9855573366
10 9455.0762413942
13 11568.5896722546
14 13168.5393098362
15 14542.5026075131
16 15463.0475159750
17 17589.6021074862
18 21557.1071465581
21 22501.5783194211
23 22806.2834284530
26 23057.9612531792
28 23121.3376065389
50 23216.0678140566
51 23298.9010211704
58 23315.4276943152
87 23514.7286153266
91 23594.6504873617
114 23683.2624932770
144 23938.5820145189
159 24157.0557740517
182 24262.8017919252
225 24339.6919504316
226 24441.2350536614
243 24552.9455791061
244 24952.5073479489
338 25168.3563981756
346 25379.5596301726
359 25480.1549113790
481 25571.0781312977
510 25655.5658234250
524 26001.3817685794
582 26098.4529661695
608 26298.2614181489
814 26325.2056168945
815 26446.2382928022
820 26546.1601613161
869 26597.9887742400
871 26712.8809033336
1237 26826.0075791175
1250 27051.2761217851
1281 27123.2529656902
1296 27133.6993690601
1331 27231.3033011508
1338 27454.9302756171
1402 27569.4543208227
1431 27698.1368959244
2315 27939.7262763626
2355 28042.5507690720
2400 28150.6620948472
3635 28175.6750848221
3784 28199.5369863182
3837 28220.1235763503
3889 28594.1994311614
3894 28933.8674724009
4143 29160.0629517385
4227 29221.0998745045
4527 29350.3656917770
5474 29627.8784932773
5622 29926.6144907824
5656 29930.9549416643
5672 30013.3280861086
5724 30156.9871492183
6143 30252.4029518696
6399 30378.2300813474
6600 30583.4603631521
10000 30583.4603631521
evaluations raw_y
1 -1162.0274583550
4 -143.5801999598
5 2991.2370589495
7 7984.5504496603
11 9942.3293325245
12 10115.7272654272
14 12274.7638251755
15 13543.5154296121
16 14731.8674524706
17 15916.7844478977
18 19197.9512655934
19 20942.6680116307
21 22151.3113950568
23 22315.2727097926
26 22818.1788986084
27 24293.4704868019
28 24592.7626336241
29 24753.3264154223
67 24918.6115353523
70 25044.7564782464
84 25144.8943454641
164 25224.9787805704
231 25346.8243689853
252 25547.0983792988
330 25711.3478584895
339 25837.2255132603
368 25865.1355900261
373 26059.8794598506
407 26278.7797760254
596 26693.9168832743
671 26759.3841580235
691 26984.3503457116
709 27124.5107378755
2408 27180.5957097193
2500 27328.0588724409
2557 27431.4238279621
2558 27735.8759315646
2584 27763.4070396097
2721 28055.6242194122
2730 28167.1447020954
3108 28339.1867516237
3723 28450.5275467308
4222 28503.0193979114
4916 28646.4491205313
4923 28795.6546911918
5591 28902.9808086558
5595 29073.7852924199
7517 29114.1818862486
7523 29384.4865218553
7974 29624.1284095577
8032 29774.7801709810
8245 29891.9453077703
9416 29915.5100355764
9460 29967.6989747292
9474 30221.2375162909
9538 30335.8190130446
9646 30469.7581429795
10000 30469.7581429795
evaluations raw_y
1 -1516.6603664324
3 -1129.3787541721
5 880.7450756425
6 1673.2121171999
8 2342.1135850692
9 3884.4306823769
10 4794.3209653534
12 5019.0359350187
14 10633.5664916484
16 12379.5426091172
19 13059.4080845083
21 14738.8271530594
25 16317.4603599595
26 16568.6714464095
29 17329.2592936163
30 21453.7737211078
31 24219.6518551472
32 24599.5188490265
42 24876.5641181762
55 25197.3509300216
302 25397.8948925240
440 25500.6600700510
457 25666.8843496005
460 26308.8344465312
565 26422.1115741517
769 26622.8693714836
822 26754.7839195935
845 27079.6747046544
888 27180.0641295178
1258 27283.3494312745
1597 27383.3811452912
1920 27784.9036049047
2119 27830.8241441247
2133 27987.0649958496
2486 28126.2899605835
2499 28180.7444693893
3632 28257.8575895471
3847 28381.1285226738
3869 28563.8679109707
3929 28723.6368598048
4059 28844.5962458989
4641 28939.7890345669
6809 29005.3911176402
7223 29147.4906041623
9463 29165.9676661948
10000 -162387.1000000000
evaluations raw_y
1 -1709.5233889525
3 -94.4218634292
8 191.3239560036
9 878.5092351385
11 3517.2587605585
12 5673.2609791135
13 6660.4365693674
14 7544.3117997869
15 9046.6337051077
16 12720.5623860674
20 12826.0798271577
21 12952.2338483774
22 14075.9708354941
23 14680.5925901646
27 15860.8201183812
31 16966.0421451509
32 17420.2965065725
33 17970.3061248962
34 20407.8342672899
36 20951.1216207470
37 22871.2487733195
42 23063.6778578006
43 23199.7673586292
50 23579.1598123234
76 23679.0977069495
157 23778.5350678900
168 23932.0234404897
170 24098.4829016243
176 24435.7260807594
189 24636.2867282695
201 24840.9961746653
215 24969.7051943858
251 25169.9962194238
264 25306.7022237139
380 25408.7100463505
673 25772.4516236209
993 25987.9385619714
1366 26090.2493009777
1844 26230.6166017108
1907 26395.3170265760
1964 26589.6401215381
1990 26640.7441086378
2013 26769.2401185977
2118 26845.4984860601
2146 26999.7140181380
2148 27136.3076720470
2475 27246.1717287517
2788 27268.1145523969
2891 27419.8408859995
3310 27468.7769857826
3313 27621.7353717848
3409 27636.6574416106
3421 27892.0759058336
3473 28292.9255764775
3751 28299.2056014196
3753 28644.9755180401
4582 28651.5210379091
4655 28653.0833469215
4659 28881.1264704961
4810 29029.0935712086
4843 29161.3078293854
4948 29300.1457158148
5611 29386.2237605970
5643 29563.8312151607
5661 29728.3504375103
5838 29857.8921594330
5982 29967.6590164843
6439 30147.5381173880
6482 30355.6562212299
7551 30358.4106209208
7969 30407.5527851202
8011 30555.8334024923
8502 30957.2699348152
8597 31244.8229338062
9142 31326.2508534373
9857 31335.9680419032
9996 31349.7644473075
10000 -161379.1000000000
evaluations raw_y
1 -120.3053214768
2 523.2409515703
4 2136.2593813602
5 5185.2189297703
6 6407.4336900598
7 7382.9690820589
8 8657.8897220987
9 9218.1323485258
10 11712.0241200458
11 13417.7350066980
12 14523.0578909164
13 15264.8571250003
14 16632.1057820397
15 18633.6469316185
16 19009.6804622253
17 20267.3568134808
19 21347.9052595272
21 22273.7872768947
24 22465.8898941935
30 22755.1575436781
56 22805.0919328154
62 23041.2586306860
67 23376.9455502008
70 23578.3686162516
88 23786.1787423709
184 24184.8687898703
197 24549.3302191899
200 24777.5641335587
202 25216.9213051668
222 25416.9669075370
348 25515.8807708738
400 25615.7760570574
510 25716.8365907606
607 25873.8781544920
616 25999.1578985648
875 26198.9505378281
993 26951.6323175607
1024 27031.0764472137
1188 27369.6787398399
1189 27508.4490378508
1247 27607.2049748256
1257 27748.4571953336
1258 28026.8198998932
1594 28125.2339195855
1663 28226.1613145482
1670 28566.3551750735
1705 28895.4968638916
2079 28996.9545144724
2583 29104.4505273440
2737 29208.2618127581
3567 29214.7172693853
3586 29425.0782390636
3649 29614.0174046848
3747 29665.4878545500
3798 29794.7294387404
3832 29828.4510039142
3867 29956.8384949072
3889 30116.0606486961
3904 30237.3348151232
4360 30243.5570832922
4394 30289.2995071557
5038 30349.7793196676
5134 30473.7479322294
5283 30716.2238786333
6630 30845.4817381333
7100 30877.9032196809
7389 30895.5955059595
7644 31117.1578979387
7777 31128.0518538449
8076 31189.0337781415
9079 31253.1487039365
9102 31526.0107689536
9751 31571.2630390979
9823 31763.0365171797
10000 31763.0365171797
evaluations raw_y
1 -140.1860166014
2 525.4262414619
4 732.5668001103
5 3225.1396150777
6 4855.3214911883
7 7613.3069548436
8 8318.0311379774
10 9339.2432149903
11 14203.3540130290
13 16066.3114417102
14 19561.4858675264
17 20319.5205005127
21 22651.1286801480
25 22929.7148088140
167 23031.0411377147
400 23170.2720846519
403 23274.1209312140
407 23674.3568729456
464 23790.2767217917
575 23990.3363220558
592 24090.3637279304
661 24152.3091526910
729 24357.6865706057
820 24459.2984323547
827 24584.7988240206
1108 24599.6075644837
1642 24642.9223851712
1643 25040.1012806777
1650 25283.3982742626
1738 25497.1298024706
1953 25631.0355761973
1958 25874.9006586552
1966 25977.1990021709
2126 26079.5024238996
2516 26186.7058657748
2833 26325.8334668810
2842 26500.3873399523
3104 26553.5454227359
3169 26705.2646000177
3753 26730.9188129979
3772 26753.9495116192
3778 26840.1680431190
3807 27008.7898285841
3903 27130.2676125438
6025 27135.4131316596
6035 27257.3129342742
7736 27762.1596933084
7738 28089.1844485657
7752 28339.4453242121
7755 28457.4636365745
7807 28592.6616187302
8473 28605.5327670619
8498 28771.7524867382
8517 29115.9507900725
8582 29295.7259807394
9024 29320.0872958733
9468 29320.9883472423
9940 29419.4205863799
10000 29419.4205863799
evaluations raw_y
1 -2851.0000000000
2 -1058.3038232842
3 -387.2135185863
4 198.9888578914
5 681.9362623441
7 2188.1268983947
8 4743.0508432818
9 5742.3165259770
10 6183.1489364491
11 6586.5779505195
13 9573.1769394719
15 10335.6004618137
16 10554.2932213132
17 13220.3682205696
18 13912.7982069544
19 16422.5479028398
22 18186.7008220362
24 20565.2374439317
26 22056.9861893629
28 24110.4538537994
29 24147.1771758599
31 24602.1091477833
34 25153.9808485243
75 25272.0992661378
119 25370.9914436677
180 25427.4004699709
229 25568.4937526407
301 25682.7221968930
309 25783.5353544596
318 26000.3846137653
363 26103.9770561523
844 26181.9624114968
849 26738.3032060400
856 27104.9534456978
911 27305.4499668808
1023 27407.9673771597
1252 27655.2407873577
1695 27757.6927532517
1723 27857.9298969903
1754 27884.5012501975
1760 28254.7506866562
1831 28391.4604699971
2056 28423.9133159922
2131 28575.6936644801
2172 28587.6013013991
2259 28736.1435328255
2275 28872.4910890090
2597 28924.1059804038
2623 29064.4197644814
2722 29265.2215941260
2742 29422.7924425061
3417 29541.0406452231
4260 29557.5503423616
4283 29760.2966163113
4520 29825.9295300842
5462 29952.9542857165
8690 29969.2540234528
9102 30088.5810494235
9450 30114.4326694310
10000 29364.3431977962
evaluations raw_y
1 -2851.0000000000
2 247.1694685652
4 1082.3487035603
5 1575.8365147769
7 3190.1200692234
8 6828.9350403020
9 8395.7921672830
11 9170.4928531157
12 9539.7386416061
13 9995.1599069389
14 11037.3642374441
16 12833.0224743141
18 15017.4861283638
19 15297.8234454979
20 16072.0866029846
23 16712.3815979682
25 17014.1805821029
26 19404.5857503075
27 20140.0303489993
28 20291.1741029773
29 23079.3462091713
31 24060.5604750683
32 24363.6132291230
33 24895.2660552485
35 25041.7669647567
63 25174.4424972975
108 25274.6703943360
209 25424.1640709412
224 25542.3161032925
375 25645.2951730850
495 25846.0163837381
502 25926.1405326662
545 26029.3214226160
558 26230.1091918921
1019 26609.1331016156
2427 26768.3421696120
2752 26770.4472801205
2755 27134.3883958483
2800 27362.9411355466
3012 27476.9180615981
3268 27714.1877079286
3276 27943.9015046602
4135 27959.3296563828
4154 28152.3315426637
4258 28180.4822022872
4776 28582.3439855675
5603 28619.1115758373
5656 28780.7777753122
6691 28939.5947426051
6767 29432.6271469501
6839 29629.5059661453
7212 29663.4662350771
7269 29829.1603643163
7488 30099.6718715633
7508 30358.6803422819
7904 30475.1301547933
9671 30529.4381517824
9703 30646.4205405529
9868 30792.5908382422
10000 -164386.1000000000
evaluations raw_y
1 -916.6608905787
2 59.2175362842
4 864.7802047590
5 1227.9621497885
6 1743.0973996886
10 5697.6076029450
11 6914.0046893376
15 7104.0473544740
16 8760.4159952273
17 9958.4278494521
18 10958.0210559196
22 13874.8712730019
24 14727.0408393050
28 15848.3703198367
29 16621.2575139592
30 17023.9480591352
32 17706.5224321580
33 19684.5100931180
34 23774.0153614207
38 24393.3404747379
39 24579.6673874790
95 24780.1610247490
113 25028.5662927272
187 25131.0597838347
190 25343.3302555450
195 25452.1956700383
205 25645.9573904734
265 25818.6102516894
361 25951.6918933542
393 26212.3763247346
448 26385.9945967142
472 26534.8551214798
485 26545.1393284560
507 26655.5135541651
527 26780.3918971316
678 26915.1418399397
755 26917.3004838757
769 27278.6474144826
940 27479.2982957329
989 27495.8735488816
1053 27611.8176778818
1268 27694.1595920511
1277 27920.8883144877
1302 28087.3636405116
1733 28121.5568677677
1742 28258.4281192213
1913 28519.7386643428
2498 28765.7913205600
2525 28897.6811331370
2670 29028.4763752577
2691 29283.1463452077
2797 29422.3478795811
2939 29496.5860785700
3486 29598.1997493876
3596 29743.1454436000
3808 29793.4661198429
3814 29914.2574956136
4041 29955.0054411784
4254 30137.6535236116
4585 30155.4723795152
6101 30176.6432659253
6139 30372.2571886479
6593 30381.3477746312
7020 30516.9667530513
7329 30530.9199398975
7663 30555.9035233776
7672 30761.2612624274
8278 30822.1248047847
8450 30950.7960294531
8869 31085.3034128222
9035 31167.1445879066
9102 31213.9856694142
10000 -161028.1000000000
evaluations raw_y
1 807.9167639729
2 2312.9810211669
3 3315.3827289892
4 3608.2115601663
7 5761.4995604493
8 9534.8214054440
11 10193.5169943493
13 10951.3221119790
15 12937.4219464226
16 14792.5729913575
18 15383.8674517902
19 15741.9427440715
22 18052.0572647924
23 20250.3104029386
28 22269.9610983914
31 22520.2234759030
34 24169.6220624615
40 24364.8538123770
56 24741.0123220890
162 25140.5936708782
229 25340.3821249037
237 25440.2737127519
335 25538.3761580815
431 25688.5564970530
624 25888.3529474579
751 25983.8601079304
1453 26084.2181905109
1545 26092.2023450771
1554 26394.4318393238
1560 26875.2123399193
1687 26936.6621329436
1752 27236.7534231557
1762 27365.1590675673
1790 27490.2304323294
1794 27597.0279693172
1861 27812.2755782396
3030 27878.1725044275
3139 27949.2084791048
3153 28251.0864648128
3162 28391.6917228801
3265 28424.4561914029
5533 28565.8503464063
5793 28654.2699450426
5887 28661.0031116463
5889 28728.1630745361
5892 28952.5014810364
6026 28985.2465289615
6049 29017.3895277511
6168 29117.7043505452
6458 29188.4723896617
6461 29245.6699733137
7863 29338.3159357429
8627 29454.4330478264
9529 29491.8493264030
9661 29527.4732758778
9750 29719.2790904594
9768 29794.0065896876
9793 30054.3879106158
10000 -160474.1000000000
evaluations raw_y
1 -2218.6315434875
4 -1459.7755469162
5 -821.1011729114
6 704.0369475776
7 1415.0115363463
8 1543.7752453873
9 2867.2211980165
12 6075.8619782577
15 9992.4536068022
16 11330.9605605481
17 13841.2300606147
18 14404.5433178443
20 19102.5629259202
21 19674.3768651597
22 21446.7524704491
23 21848.9042185934
24 22437.7750977919
25 22887.4105597514
26 23474.0328234175
29 23592.4981701101
31 23699.8219795192
32 23852.8119691171
47 23943.5094861250
116 24100.5853267777
122 24208.3633433696
280 24309.1303694829
478 24409.0490181548
967 24608.8860831294
1058 25008.5563570166
1352 25109.2759399249
1435 25300.4538900558
1582 25384.4241696327
1590 25615.6316520124
1597 25947.1960726599
1871 26253.3612624608
1997 26376.3332383319
2664 26390.0060508438
2741 26546.1784690195
2743 26651.7902147558
2794 26861.8618258805
3306 27062.0692423669
4275 27118.5801140679
4285 27251.9247450222
4611 27369.8180176764
5849 27387.0858399659
6451 27420.7833041078
6572 27549.4644004544
6643 27673.4303379986
6755 27682.0414288080
6768 28059.2461196349
7025 28085.3299312740
7028 28292.9472452240
7175 28306.6225586557
8222 28506.2585280497
8273 28623.6518493819
8423 28745.0137809233
9919 29029.7450832094
10000 29029.7450832094
evaluations raw_y
1 -2851.0000000000
2 -2329.0996343944
7 -351.7625616555
8 1157.2674165170
9 1826.0183128520
10 5712.4337467391
13 8081.9877202102
14 10750.5161390984
15 12825.1066789890
16 18130.0452187098
17 20347.4733062980
18 21083.4268989920
19 22610.6442989348
21 23891.8417722384
32 24468.8303020144
41 24699.3486603991
56 24761.7699541373
61 24913.8170056630
117 25094.1160802799
154 25197.0863508432
222 25397.7479934230
410 25620.3196861388
482 25990.3976109766
580 26110.1038714603
668 26330.3054058261
674 26492.7018887983
763 26632.9121393890
866 26833.7252196086
916 26934.1295918542
1119 26959.4081076040
1213 27120.8436143308
1932 27221.8373384910
2478 27224.0253086474
2530 27484.4113042634
2696 27655.1541879648
4776 27839.8094150945
6513 27895.2600464444
7711 27897.7590042393
7746 28043.5219189127
8001 28157.4106571536
8412 28405.4192013315
8645 28518.9500105235
9330 28580.3084222967
9379 28844.0598104203
9845 29031.6014699338
10000 -160698.1000000000
evaluations raw_y
1 -2851.0000000000
5 -1242.7439940300
6 1110.9271840728
7 4814.8299992237
9 4943.3665421109
10 6924.5018322174
11 9544.9751880211
13 9756.1674694415
19 13849.6265953659
20 14424.0486690580
21 17323.6913962441
22 20372.6407472059
24 20410.5500060967
25 20760.8411435539
26 22396.7217473088
32 22831.1491869793
37 23151.8167162828
39 23266.1717456815
86 23366.9463509416
117 23375.3339748715
134 23575.3006661989
149 23823.2369479928
156 23923.8420285281
303 23999.3946265663
350 24362.2005714581
386 24462.9415182495
523 24519.8474182252
539 24549.6108525235
745 24650.6267483923
890 24766.0753941442
952 24966.1743373549
967 25076.7093645694
1470 25476.7698829334
1481 25600.5082255608
1647 25982.5078249556
1658 26094.5771367366
2181 26298.9545616254
2228 26447.3424781204
2242 26736.5050769891
2260 26837.1486718629
2289 26946.8830728971
2298 27027.2810777668
2328 27127.3938356707
2375 27257.7434365856
2556 27358.8108118142
2787 27481.9907707346
2789 27630.2015519374
2792 27673.3568802910
3293 28059.1466680434
3300 28234.3970092830
3315 28391.2317412764
3454 28548.1053629700
3466 28699.8304357675
3483 28830.7271919769
3519 28912.6910199327
3558 29046.8467120551
3626 29157.4361831511
3690 29198.8398858839
4022 29224.1275852054
4452 29404.2712673740
5116 29592.9519975438
8853 29879.3104530681
10000 29879.3104530681
evaluations raw_y
1 -2851.0000000000
3 -2175.3823189925
7 395.5469200944
9 1784.8223769999
10 3536.4340662338
11 6584.4431067431
13 7521.2421023900
16 10224.1775967963
17 12063.3336904185
18 16488.0741993722
19 19358.4325263285
20 22158.2955030212
21 22161.7048035477
26 22188.4285219107
31 23139.2505049031
34 23578.3136337303
128 23624.7022485488
131 23657.3699050744
185 23794.0227132626
243 23829.5482666188
246 23914.8312100094
270 24519.3961038017
382 24620.1258452580
431 24720.9671684867
662 24920.9114748104
726 25021.8370214002
804 25663.0682129129
805 25803.0937292941
824 25917.1963884755
879 26018.6462430895
997 26218.8172744889
1171 26225.2983045869
1258 26792.3028211032
1292 27020.5710058702
1726 27131.7034063396
1954 27271.4788395275
2237 27673.0771782475
2538 27771.3553041926
2719 27777.7923402915
2787 27902.9387640497
2788 28026.4556134840
2841 28164.2428556900
3864 28611.0188992869
3932 28863.6833305065
5220 28881.6447914981
5624 28950.0213738858
5664 28987.8622877420
5686 29114.0367887928
5778 29281.3877285252
8069 29384.9952446452
8979 29524.7872796043
9328 29530.3450043755
9813 29816.2882018128
10000 -161192.1000000000
evaluations raw_y
1 -2851.0000000000
2 -1701.1513911743
3 -39.0731691360
5 2909.6531910447
8 3135.6761664371
9 3264.2708789681
12 4069.7580624501
14 6042.0621954121
15 6328.4936231023
17 10887.0914414894
18 15828.4066809622
19 17697.2417667020
20 18025.5728904028
21 19636.6915524569
22 20961.8131268834
23 21189.1998987106
24 21485.5921335000
25 23054.5819481971
31 23566.7168770954
35 23875.0460507012
121 23979.4575938218
150 24324.8360920530
167 24697.2231758319
212 24778.7152219462
307 24979.9282139863
474 25080.6665575406
586 25280.5723260415
659 25300.3913238563
787 25424.0991365014
1071 25514.0548917567
1216 25909.0420936764
1276 26154.8802502183
1278 26371.1549254446
1433 26472.8404647626
1925 26530.5748074159
1966 26730.9486164626
1996 26854.7749380394
2197 26865.2787607830
2221 27106.6190515251
2290 27206.7523008825
2641 27350.4525911056
2669 27516.4338595996
2730 27628.9299393684
3118 27755.2691188961
3267 28156.1291003028
6033 28417.0143538173
6043 28556.4958970251
6047 28735.6902811677
6059 28902.4827991322
6112 29040.6868249244
6390 29150.8205206519
8931 29276.6615225580
8981 29422.5115844936
9072 29443.0916267417
9078 29484.8519705965
9124 29947.7220644058
10000 -163191.1000000000
evaluations raw_y
1 -214.0365192485
2 3703.7746217337
5 3930.7274844456
6 4579.3542118657
7 5292.8777332830
8 6290.6945798357
11 10915.1117299612
12 11676.7251971712
15 12825.5368846804
18 14725.8764288754
20 15131.6169503338
21 18238.5702428268
22 18991.4334345512
23 19755.8069605531
24 20627.0882700859
26 21300.8754198892
28 21835.8524849894
33 22462.2213331254
35 23172.4181452142
37 24545.9133034044
40 25992.0008708884
44 26400.2823344664
52 26503.6990750135
91 26688.9101032397
170 26889.6120984737
363 26989.9620544295
729 27190.6648795036
834 27391.3643225258
1081 27543.0267568172
1137 27646.1823205196
1956 27655.1727550275
1975 27775.4402550372
1981 27946.7367926753
2056 28057.7461466368
2215 28131.8579300246
2486 28332.6425153238
2598 28487.7428464617
2628 28685.7859568629
2793 28807.8378986438
3113 28941.6607593962
3422 29054.8964726982
4526 29110.1225127724
4549 29267.9380378365
4553 29408.2155943779
4675 29533.3599255284
4973 29761.9621012629
5021 29772.1654239641
5156 29792.4808174869
5282 29813.8705420315
5343 29926.3105355541
5498 30078.7271749158
5705 30104.2191528960
5706 30330.3674642969
7782 30365.6562928808
7916 30578.3872414986
7926 30774.5653134426
8751 30784.8402609029
8765 31008.6551572841
9142 31014.6289721552
9370 31266.8568220716
9377 31451.9612674083
10000 -161862.1000000000
evaluations raw_y
1 -2079.8619184667
3 -1141.5983590948
5 1798.0265367782
6 2024.8341677350
7 4752.2800180820
9 6376.1504659998
10 7534.2974499867
11 9291.5344495007
14 10768.0483130251
15 15749.3151231169
17 15945.6528753613
18 16524.6888480719
19 19704.4811909792
20 22054.2748880216
22 22233.0597483541
25 22745.0856638116
28 22889.3849159158
29 22998.1917416294
35 23190.2195892623
51 23309.5543800868
60 23409.3316924029
107 23503.7276784067
195 23612.8021776126
239 23733.9303292403
284 23858.4940106519
290 24208.4731056916
326 24622.4256960123
330 24727.0927390262
359 25128.6235577261
447 25230.4580977840
449 25332.1630926129
674 25434.9939924459
676 25747.0135664180
747 26163.0944554954
821 26563.2110070916
1169 26638.7725768484
1170 26758.1236164746
1211 27169.2428781910
1776 27187.3730434729
2022 27387.4823914269
2197 27587.5924373433
2767 28116.5960813439
2784 28336.0519969640
3276 28447.9618566924
3581 28470.3912248156
3611 28600.1354457669
3792 28889.4062817231
3802 28945.3410336981
3804 29225.5627953676
3841 29338.1379355336
4379 29359.5546138047
5179 29395.9541800436
5201 29543.0119340120
5290 29685.3479607176
5911 30017.0337791300
6061 30206.6304064982
6323 30213.3867249132
6696 30276.3947628487
6735 30391.2564673978
6952 30430.4418527468
7677 30462.4235699706
7796 30539.0235034144
7901 30689.4271035008
10000 -161535.1000000000
evaluations raw_y
1 -991.0311952245
2 1239.3563685216
4 1450.5463676547
5 5960.3671718280
9 9182.2613354336
10 11935.9515153176
13 12203.6566748712
14 17743.3667746601
15 18324.1818496567
18 22853.6274167525
32 23546.3994179984
40 23765.6133681633
41 23968.5229904351
60 24079.3491758824
61 24186.5379908838
94 24352.3415767181
159 24455.0130881408
196 24869.2977799964
213 25069.3611433107
237 25177.3074592529
321 25277.5817986702
656 25371.9124641021
734 25475.4177512176
738 26237.2635670713
867 26350.5826999913
1193 26751.6129904107
1683 26946.2468443401
1806 27146.7749052978
1823 27249.1063846776
1890 27351.4201454232
2334 27451.6783544017
5281 27471.8964559913
5283 27614.6849631771
5296 27807.7811155571
5399 27839.3646951286
5461 27942.1366321576
6015 28267.2581903273
6033 28594.5577604212
6035 28720.6770757282
7993 28775.3267121923
8045 28830.7358980150
8454 28945.6697189569
10000 -160505.1000000000
evaluations raw_y
1 -2851.0000000000
2 1748.2932181230
3 2601.0177727581
4 5793.6852184412
6 6500.2554532065
8 7849.7239387024
9 8508.8091289542
10 12194.7421385727
11 12951.7379410152
12 14934.5984117664
13 15736.5926542382
14 19230.7165867750
16 19352.5610609981
17 20727.0423507932
18 21200.6888126195
19 21707.8143376096
23 22139.9795692019
26 22483.1689883720
32 22988.8339256800
45 23099.8112999428
50 23207.7826824418
140 23241.0883005550
319 23440.2585891286
355 23485.5622783569
356 23501.0070683162
361 23828.1528654797
365 23848.3762009887
366 23957.5395963258
394 24015.5714711484
480 24193.4849899441
484 24360.2174431955
487 24854.7338993310
492 24955.7116613813
500 25142.9674554549
511 25542.2299698020
546 25671.3486142532
554 25773.4514096913
559 25782.8103102366
563 25901.2536195607
575 26074.2336094636
609 26170.0139880014
796 26260.6019311794
878 26360.3629301698
982 26538.9864308789
987 26799.1929461422
1099 26899.8865453227
1107 26915.5604716519
1109 27168.5787966730
1268 27257.1310261731
1463 27291.0284676927
1464 27424.3812302854
1466 27604.1580987616
1484 27778.0013087417
1585 27800.0884721493
1842 27815.7222116394
1893 27913.6417239749
1939 28012.9166712691
2043 28067.8984447193
2061 28161.4659976218
2074 28252.1054391494
2102 28257.3261234218
2140 28346.0440230513
2224 28359.1761268120
2238 28644.0684764248
2257 29012.1127358784
2511 29395.4969711271
2591 29505.6265744905
3654 29575.8843564334
4133 29705.7813988000
4176 29859.1358310958
4318 30059.6843617756
5815 30266.4603631382
6389 30357.3258560422
6530 30884.6484174328
6545 30972.0741263286
6565 31063.0392291425
6588 31077.0245973458
7252 31191.3734488501
8039 31392.1314754359
8254 31570.7422972861
8672 31748.9628046166
8885 31810.3821245098
9686 32097.0313888861
10000 -161102.1000000000
evaluations raw_y
1 -1411.8209404150
5 -41.7346642498
8 342.6225942687
9 1854.6411551242
10 3719.7810851305
12 4541.4703025573
13 8844.7070373957
15 9667.8194400837
17 11261.2741649987
18 12047.9178544193
21 14119.4535325503
23 14874.3077630387
24 16574.9608536675
25 17884.5942119576
29 18950.2154677701
31 20016.1948538609
35 20859.8630662201
36 22863.8641643656
38 23017.6521840786
40 23268.0633441314
45 23527.6873042744
55 23727.5460897874
88 23842.9714501940
259 24124.2238415480
265 24268.1200057945
276 24368.2379250609
290 24416.2118403272
293 24523.5622288434
305 25020.0391395361
309 25221.3510944410
416 25640.2373928122
429 25753.7401071285
438 25855.5796157846
553 26255.4431449105
951 26347.2718521011
1076 26449.1851650072
1144 26551.1130603841
1251 26552.5076466819
1294 26652.5058783715
1304 26789.7609941539
1318 26893.1621259373
1462 27187.6656541916
1510 27366.2333261917
1671 27676.3295362816
1689 27702.5976693146
1706 27828.3108099443
1763 28028.5474055797
1982 28059.8952494533
1983 28228.5220504469
2376 28348.2651648877
2520 28755.1977415066
2729 28891.7738935293
2846 29065.3475434080
2877 29198.9154383581
3040 29433.1235600209
3074 29606.5965263109
3129 29657.4529546350
3143 29844.2965278173
3217 29850.4196259393
3220 30064.6264345290
3298 30155.4689058375
3390 30296.9758884133
3543 30318.7951430168
3855 30432.2367972297
4008 30703.5892483981
4247 30952.8146650126
4254 31280.2141411471
5749 31309.2458828831
6246 31408.4766267075
6397 31469.6785462277
7526 31724.6847124432
7561 31827.8549977783
7814 31966.6449554146
9386 31978.5819628023
9411 32127.1772072034
10000 32127.1772072034
evaluations raw_y
1 -2851.0000000000
2 -200.2256122898
3 199.6553614669
5 993.4342491329
7 2148.8020069523
8 4361.5398763255
9 4810.4416580021
10 7349.5318954075
11 7504.4686976497
12 8363.5951966956
14 9246.0222731119
15 12508.5151423734
17 13243.3798899275
21 16965.5467283638
25 18101.0973609344
26 18636.0973927092
28 20102.9913772130
29 20449.6821444702
30 21258.9578070429
32 21967.2192833784
35 23219.1484506245
37 23538.2244810522
38 23812.2263365844
40 24007.1814272652
43 24250.9016008402
45 24366.6584827955
58 24467.2086182126
64 24554.9222168371
91 24675.2919900910
108 24761.6633992787
157 24871.2007345701
162 24912.8262989189
166 25168.6287084617
188 25281.7107791826
201 25382.5099985633
288 25410.9162640506
289 25617.7302016390
332 25721.1679079636
364 25821.0223885251
417 25884.2169140473
434 26079.4769585738
583 26097.3271905575
586 26343.6670480819
643 26556.3945107646
668 26787.0662062377
684 26882.7339619068
727 26925.6851813072
731 26932.0045913836
732 27048.5962771013
736 27153.7819407812
1207 27353.6278119661
1579 27445.4722230700
1585 27670.5381605402
1587 27875.6149629927
1711 27976.8677761659
1907 28072.4246836313
2212 28247.4023095597
2217 28247.9429794616
2250 28426.7072104055
2395 28509.5608303335
2403 28710.1084253984
2520 28803.8831481867
2536 28932.2870310124
2537 29062.6220443727
2799 29169.4664862744
2816 29270.5027320761
2924 29368.2939602304
2964 29437.2485936943
4084 29456.8302195938
4119 29608.7134244014
4397 29678.3885835087
4539 29786.3830964206
4610 30031.7809025716
4979 30218.5731798906
5129 30262.6148673985
5176 30313.3899382510
5284 30322.8382882432
5292 30508.9705552994
5839 30588.2006587200
5898 30588.9570317626
6222 30677.5793530629
6279 30890.3334154372
6289 30938.6773343028
6380 31077.5570047183
6431 31214.7671874247
6477 31253.9172332701
6560 31257.5262939200
6774 31313.3115454485
7443 31369.7800788924
7534 31384.8453577084
7547 31648.8205263460
7978 31685.0980995852
8766 31853.0328943377
8777 32080.7742024844
9011 32253.0155104853
9387 32464.9265969722
10000 -161231.1000000000
evaluations raw_y
1 -2851.0000000000
2 -396.5076407752
3 1999.5864044284
4 4106.6705339588
5 6578.8730702877
6 10720.0555080884
8 14480.5629628494
12 14607.0962472341
13 15602.0407724284
14 15803.6396541602
15 17517.7794412984
21 17893.7444853520
23 18501.3313762827
24 22148.8562456775
25 23748.1536083487
32 23893.7269119540
36 24031.2843528976
37 24134.4412048433
117 24248.2518541815
265 24381.5133386183
326 24581.9841672859
541 24824.3171738590
542 24962.6084438704
555 25363.9924279167
557 25676.6312455534
611 25779.6087889696
734 25783.6529136513
738 25962.9749860340
751 26104.4770866097
827 26217.5621658604
971 26357.4168443785
1324 26416.0906623621
1418 26574.3611097866
1432 26674.7218585420
1990 26821.2488074993
2011 27134.0473162391
2013 27308.0814494842
2116 27446.7795330001
2262 27643.1143986679
2342 27694.2069549507
3308 27698.2480710074
3955 27804.8536364297
5276 27815.8105577736
6219 27822.2231201667
6286 27867.5918932713
6288 28162.4273447099
8045 28194.1701832609
8101 28422.0512902743
8278 28686.0381772791
8366 28720.3948746244
8825 28815.8593669127
8844 29003.4394403049
8935 29030.9897037351
8997 29170.4670035200
10000 29170.4670035200
evaluations raw_y
1 -2851.0000000000
2 -2032.0100139435
5 1157.0792231293
9 1368.2076684590
12 9313.9647168360
14 11350.2696245239
16 12176.5365462505
20 13738.4335158955
21 15050.5449156712
22 15345.9981516645
23 16635.6484584407
25 17029.2200933476
26 18160.3319435065
28 20091.6361428935
29 20283.0349022581
30 20799.2074467080
31 21314.4403467751
33 22231.3350902705
40 23483.6036541854
42 24084.8629012775
119 24179.2103376847
172 24366.2442991578
193 24534.2648565740
212 24698.5563921327
249 24929.8482748816
264 25026.5815758957
276 25193.7431216681
277 25293.5124103217
441 25326.1556113836
457 25525.7113050441
574 25674.6473238173
585 25890.3822161831
613 25986.9089892185
758 26236.1900842307
765 26597.8171818263
782 26690.3137119284
788 27089.4919763459
916 27189.7557621033
1208 27212.4852921193
1219 27285.4652080060
1284 27376.6577455762
1813 27502.0560514657
1873 27505.1798927768
1929 27517.7512201950
1954 27607.9136612052
2154 27658.0423821403
2178 27876.5806742516
2340 28075.8528626566
2343 28142.3862258152
2769 28158.8226201841
2780 28376.3821023787
3178 28419.2810301177
3195 28514.9864016861
3239 28532.0733925242
3366 28631.8995053610
3677 28753.5388656127
4124 28814.4426096062
4130 29019.3610833523
4133 29222.0818796982
4174 29348.8528897190
4207 29460.1337149856
4250 29594.8695415716
4900 29629.1591448293
6732 29776.2913501912
6956 29883.5078118773
7975 29983.3859810943
10000 29983.3859810943
evaluations raw_y
1 -2851.0000000000
2 -2196.5294099109
3 987.3077798951
4 4521.8976055156
8 4622.7750217782
13 5285.2430195664
15 8751.6266208319
16 11658.2246181345
18 13190.9794875244
19 16908.1635066948
22 17897.0529526844
24 20971.4715637084
26 22034.1748500362
42 22221.8919302243
65 22241.3185498008
67 22815.0598318227
71 22940.9994439059
90 23140.6637172142
325 23539.9887342662
354 23650.1153665672
366 23805.8219134751
374 23905.4891655853
377 24008.0663318871
448 24077.2988207627
471 24178.0979847019
568 24383.7124250178
591 24492.5983988880
604 24595.8286651392
637 24802.3182189495
664 24911.4523316222
665 25183.0584256505
697 25298.0034680482
834 25448.5623777998
971 25648.4834020162
1221 25979.7391848770
1229 26239.3031459482
1425 26239.4173893529
1493 26340.6367260116
2135 26672.0164449035
2158 26778.2351762995
2195 26880.9587765720
2199 27084.9567445829
2546 27291.5787565403
2570 27503.1531189470
2657 27695.3180692715
2688 27819.3599876390
3489 27920.4515039957
3611 28013.4892452790
3981 28020.2584324520
5072 28027.2245607374
5112 28153.7435583428
5937 28315.0463940298
5956 28459.9232976807
6023 28565.6942655029
6520 28644.6913669894
6742 28789.4240422986
8072 29080.2963019892
8311 29101.8632075615
9640 29114.1422714988
9655 29828.9865969359
9682 30289.1765406152
10000 -160727.1000000000
evaluations raw_y
1 -2127.2579893344
3 3121.8223568931
4 6031.5453951113
11 8432.6325413019
12 11126.8762798730
13 13150.3053743913
14 20670.7262455585
16 22775.2801383872
19 23182.8746833035
174 23696.9875659185
200 23825.2517221847
271 23929.1043630970
282 24129.2471252016
348 24230.7479934906
349 24334.5202853568
530 24734.7196067689
532 24834.7671678231
585 25034.8646735234
941 25104.6005763993
947 25412.3592896834
956 25539.0413480486
971 25722.4202620131
1077 25823.9354424323
1151 26001.0100300362
1224 26125.4896050924
1365 26232.5958474639
1509 26294.3980541671
1514 26457.5976935627
1819 26459.3456112475
2047 26586.9813950996
2065 26799.1938318173
2697 26811.1084320893
2712 26899.5586520392
2723 27065.3764844589
2875 27155.6772951605
2964 27289.9148776270
3170 27393.9346370042
3297 27459.6788961514
3326 27597.1332318946
4764 27604.3455741182
6849 27612.9534202794
6920 27710.6577514941
6982 27756.3725523393
6989 28052.9227991022
7001 28367.9364223024
7030 28485.0333672212
9099 28499.5429310167
9155 28628.6325499696
9777 28633.2064019077
10000 -160484.1000000000
evaluations raw_y
1 -2851.0000000000
6 -122.2710077076
8 558.1882668809
9 2589.4326686423
10 8524.9141833861
12 10417.5914424255
13 11202.5480648535
16 13190.8669493217
18 16090.4703604834
20 19828.4027776590
22 21903.3984395730
23 22112.6633185351
26 22207.7300175836
74 22217.5215041426
78 22536.5974588086
119 22730.5946824547
262 22831.9748519647
266 22917.4935916697
380 22931.9595699577
381 23116.4947752835
384 23238.9385806888
390 23342.2804924485
409 23434.5988354530
428 23467.3344214351
430 23609.3538819545
522 23952.1225634234
541 24099.2443982781
566 24230.3695005605
646 24469.9072290026
655 24596.2749838378
666 25030.9900982638
719 25130.4803466710
813 25231.8409281333
864 25236.4029329097
936 25436.2620939325
1058 25602.9891063264
1061 25746.7135472668
1073 26147.1244552701
1132 26271.7153953214
1379 26361.1851207617
1383 26490.3229816108
1439 26626.0675715376
1449 26762.4500922680
1504 26864.6657180474
1538 26966.0951438740
1608 27166.1268160379
1800 27266.1413975274
1824 27404.6031035381
1864 27538.3498466776
1913 27640.1104801607
1918 27667.2460264211
1958 27941.4554835634
2137 28054.0821696412
2629 28147.8095589548
2862 28352.0500106513
3293 28589.2622672074
3297 28701.4301936684
3383 28831.0190361300
3474 28946.5441899620
4141 29146.6750343684
4239 29292.3935989194
4243 29487.3470793695
4353 29606.1423790403
4833 29628.2813561680
5081 29646.2436610775
5083 29823.6308445070
5140 29993.1572281035
5196 30211.5545906590
6611 30305.3149067868
6940 30366.6620849614
6972 30527.5192371037
7396 30579.3150545750
7684 30801.4326139420
7704 31097.4284248405
7838 31344.4347312063
8214 31613.0243974077
8247 31791.5947925322
9965 31988.2362395167
10000 -162525.1000000000
evaluations raw_y
1 -1344.2311616771
3 170.0809238023
4 2595.4787666941
5 5932.0968159775
6 7362.2572972545
7 9219.6965526796
8 13246.1037394178
9 14155.7979858713
11 17363.0346952854
13 19309.3162126620
16 21036.3055514508
19 23529.3639908194
44 23774.4706169972
59 23876.9362548915
62 24034.0229768380
69 24484.4329103091
243 24592.6771813994
281 24793.0821494072
350 24895.4237580114
740 25296.2190766450
917 25496.6133912055
1151 25864.1363968223
1181 25978.7324464379
1704 26466.0494486076
1719 27082.5581387516
1731 27230.5137081620
1742 27383.4761994346
1771 27524.1941294563
2352 27617.0462454811
2428 27844.9118081993
2953 27994.9396962275
3023 28140.4176186884
3036 28481.0878143149
5075 28498.3344658842
5474 28650.2790149133
5670 28883.1943381645
5835 28926.1033981172
5840 29161.5768244488
5993 29409.1139540728
8311 29455.3968600117
8370 29609.5266955392
9086 29746.9305258709
10000 29746.9305258709
evaluations raw_y
1 -1768.5352975915
4 -1118.0698691884
6 432.3980808997
7 1238.8409562926
9 1868.4216304761
10 2294.6163485043
11 4987.5952446434
12 6929.7441194145
13 10314.1864329374
15 12241.4011836503
17 12979.9089625150
18 13896.9130266572
19 15094.7184185461
22 15762.1530040442
23 16236.5065083269
24 18870.3292882528
26 19795.5122459492
28 19900.1646871892
29 21076.5444573908
30 21310.0076293615
31 22159.4102816845
35 23009.5129539124
41 23104.0288492649
157 23411.4663902101
217 23604.8210862640
289 24004.1408288311
292 24157.5233251718
294 24224.3911270537
296 24750.6734096444
301 24953.4142566486
303 25372.8465611860
319 25496.6122129922
406 25573.3790870976
428 25801.4441358283
473 25861.0979445029
489 26236.4341225992
579 26436.5152447933
602 26555.5457450996
706 26694.1863821179
781 26733.1492990841
1065 26934.1566786646
1073 27088.6191647185
1074 27356.2120482130
1226 27556.3735032681
1379 27651.9531936812
1441 27947.4586750088
1530 28061.3311679218
1533 28163.1082423907
2115 28267.9605383784
2151 28535.7284340223
2152 28676.2212997581
2211 28799.2358377369
2255 28870.9427038232
2275 28871.5635683267
2393 28971.7794337813
2428 29099.4390431977
2570 29231.3052035069
2911 29318.6992905489
2943 29426.0903800479
3614 29553.4351336063
3977 29617.5630535857
4010 29850.6275180672
4592 29940.0416704782
4638 30064.4597333462
5121 30132.0206877417
5145 30348.2743710560
5187 30605.8662372184
6005 30880.6432459384
6239 31137.0496670427
6322 31265.7561892484
6324 31433.7166641781
6341 31559.3266622203
6558 31655.3073165240
7340 31667.8162219177
7373 31854.6198927829
7530 31987.9956683968
7775 32051.5106361502
10000 32051.5106361502
