evaluations raw_y
1 -2028.0000000000
3 -2007.0000000000
4 -2005.0000000000
8 -1989.0000000000
17 -1970.0000000000
21 -1967.0000000000
33 -1957.0000000000
41 -1925.0000000000
65 -1916.0000000000
70 -1913.0000000000
82 -1904.0000000000
86 -1882.0000000000
95 -1870.0000000000
101 -1848.0000000000
133 -1845.0000000000
181 -1828.0000000000
212 -1815.0000000000
226 -1814.0000000000
228 -1813.0000000000
251 -1808.0000000000
259 -1807.0000000000
267 -1801.0000000000
276 -1797.0000000000
294 -1794.0000000000
300 -1793.0000000000
307 -1791.0000000000
322 -1786.0000000000
346 -1783.0000000000
367 -1780.0000000000
373 -1776.0000000000
389 -1775.0000000000
390 -1774.0000000000
399 -1773.0000000000
412 -1771.0000000000
415 -1769.0000000000
431 -1767.0000000000
442 -1766.0000000000
450 -1763.0000000000
455 -1759.0000000000
467 -1758.0000000000
491 -1757.0000000000
504 -1755.0000000000
537 -1754.0000000000
549 -1753.0000000000
563 -1752.0000000000
573 -1751.0000000000
582 -1747.0000000000
622 -1745.0000000000
642 -1743.0000000000
670 -1742.0000000000
688 -1741.0000000000
705 -1739.0000000000
713 -1738.0000000000
751 -1737.0000000000
758 -1736.0000000000
762 -1733.0000000000
790 -1732.0000000000
801 -1731.0000000000
818 -1730.0000000000
841 -1729.0000000000
845 -1727.0000000000
863 -1725.0000000000
875 -1724.0000000000
901 -1723.0000000000
909 -1722.0000000000
911 -1720.0000000000
916 -1719.0000000000
920 -1717.0000000000
943 -1716.0000000000
949 -1714.0000000000
983 -1713.0000000000
989 -1712.0000000000
995 -1711.0000000000
1014 -1707.0000000000
1021 -1704.0000000000
1065 -1703.0000000000
1079 -1702.0000000000
1108 -1701.0000000000
1144 -1698.0000000000
1168 -1696.0000000000
1189 -1695.0000000000
1202 -1691.0000000000
1229 -1690.0000000000
1233 -1689.0000000000
1246 -1687.0000000000
1262 -1685.0000000000
1284 -1682.0000000000
1316 -1681.0000000000
1321 -1680.0000000000
1330 -1679.0000000000
1366 -1678.0000000000
1384 -1677.0000000000
1402 -1675.0000000000
1429 -1674.0000000000
1439 -1672.0000000000
1462 -1671.0000000000
1465 -1670.0000000000
1473 -1669.0000000000
1487 -1668.0000000000
1501 -1666.0000000000
1545 -1663.0000000000
1564 -1662.0000000000
1588 -1661.0000000000
1592 -1660.0000000000
1594 -1659.0000000000
1611 -1658.0000000000
1621 -1657.0000000000
1639 -1655.0000000000
1657 -1653.0000000000
1676 -1652.0000000000
1694 -1649.0000000000
1704 -1648.0000000000
1711 -1647.0000000000
1742 -1646.0000000000
1761 -1643.0000000000
1806 -1642.0000000000
1813 -1641.0000000000
1828 -1640.0000000000
1841 -1639.0000000000
1856 -1638.0000000000
1868 -1637.0000000000
1871 -1636.0000000000
1903 -1635.0000000000
1910 -1634.0000000000
1925 -1632.0000000000
1950 -1631.0000000000
1967 -1628.0000000000
1988 -1627.0000000000
2005 -1625.0000000000
2043 -1623.0000000000
2066 -1620.0000000000
2081 -1619.0000000000
2125 -1618.0000000000
2130 -1617.0000000000
2150 -1615.0000000000
2156 -1614.0000000000
2169 -1613.0000000000
2182 -1612.0000000000
2186 -1611.0000000000
2204 -1609.0000000000
2231 -1607.0000000000
2244 -1605.0000000000
2279 -1604.0000000000
2301 -1600.0000000000
2341 -1599.0000000000
2345 -1597.0000000000
2374 -1596.0000000000
2383 -1592.0000000000
2405 -1590.0000000000
2432 -1589.0000000000
2445 -1584.0000000000
2489 -1583.0000000000
2508 -1580.0000000000
2540 -1579.0000000000
2543 -1577.0000000000
2574 -1575.0000000000
2603 -1572.0000000000
2633 -1571.0000000000
2641 -1569.0000000000
2661 -1568.0000000000
2687 -1567.0000000000
2696 -1564.0000000000
2717 -1563.0000000000
2737 -1562.0000000000
2762 -1561.0000000000
2774 -1559.0000000000
2788 -1557.0000000000
2802 -1555.0000000000
2803 -1554.0000000000
2843 -1553.0000000000
2867 -1552.0000000000
2883 -1549.0000000000
2907 -1548.0000000000
2927 -1547.0000000000
2942 -1545.0000000000
2961 -1544.0000000000
2978 -1542.0000000000
3000 -1540.0000000000
3024 -1539.0000000000
3026 -1536.0000000000
3048 -1534.0000000000
3056 -1531.0000000000
3076 -1530.0000000000
3087 -1528.0000000000
3103 -1527.0000000000
3133 -1525.0000000000
3147 -1523.0000000000
3164 -1521.0000000000
3217 -1520.0000000000
3221 -1519.0000000000
3224 -1518.0000000000
3258 -1517.0000000000
3263 -1516.0000000000
3269 -1512.0000000000
3285 -1511.0000000000
3320 -1510.0000000000
3337 -1509.0000000000
3350 -1505.0000000000
3386 -1504.0000000000
3399 -1503.0000000000
3419 -1500.0000000000
3447 -1499.0000000000
3462 -1498.0000000000
3489 -1497.0000000000
3500 -1495.0000000000
3511 -1494.0000000000
3540 -1493.0000000000
3561 -1492.0000000000
3563 -1491.0000000000
3596 -1488.0000000000
3625 -1487.0000000000
3639 -1486.0000000000
3644 -1485.0000000000
3684 -1484.0000000000
3689 -1481.0000000000
3707 -1480.0000000000
3714 -1479.0000000000
3726 -1477.0000000000
3741 -1475.0000000000
3753 -1474.0000000000
3766 -1473.0000000000
3777 -1471.0000000000
3800 -1470.0000000000
3807 -1469.0000000000
3840 -1467.0000000000
3843 -1466.0000000000
3863 -1465.0000000000
3876 -1464.0000000000
3881 -1463.0000000000
3886 -1461.0000000000
3908 -1460.0000000000
3928 -1457.0000000000
3961 -1456.0000000000
3969 -1455.0000000000
3984 -1450.0000000000
4005 -1449.0000000000
4027 -1445.0000000000
4075 -1444.0000000000
4082 -1441.0000000000
4101 -1440.0000000000
4106 -1439.0000000000
4127 -1438.0000000000
4132 -1437.0000000000
4151 -1436.0000000000
4155 -1432.0000000000
4189 -1430.0000000000
4204 -1429.0000000000
4222 -1428.0000000000
4224 -1427.0000000000
4245 -1426.0000000000
4247 -1425.0000000000
4267 -1424.0000000000
4274 -1423.0000000000
4283 -1422.0000000000
4308 -1421.0000000000
4311 -1420.0000000000
4335 -1417.0000000000
4378 -1416.0000000000
4397 -1415.0000000000
4402 -1414.0000000000
4422 -1411.0000000000
4460 -1409.0000000000
4484 -1408.0000000000
4506 -1407.0000000000
4527 -1406.0000000000
4529 -1405.0000000000
4543 -1403.0000000000
4568 -1402.0000000000
4578 -1401.0000000000
4587 -1399.0000000000
4636 -1398.0000000000
4653 -1397.0000000000
4668 -1394.0000000000
4683 -1392.0000000000
4686 -1391.0000000000
4711 -1389.0000000000
4726 -1387.0000000000
4762 -1386.0000000000
4775 -1381.0000000000
4781 -1378.0000000000
4807 -1377.0000000000
4821 -1375.0000000000
4825 -1373.0000000000
4841 -1372.0000000000
4861 -1369.0000000000
4876 -1368.0000000000
4885 -1366.0000000000
4904 -1364.0000000000
4940 -1362.0000000000
4957 -1361.0000000000
4960 -1360.0000000000
4966 -1359.0000000000
4978 -1358.0000000000
4994 -1355.0000000000
5002 -1353.0000000000
5023 -1350.0000000000
5062 -1349.0000000000
5071 -1348.0000000000
5087 -1345.0000000000
5112 -1344.0000000000
5142 -1342.0000000000
5174 -1341.0000000000
5192 -1340.0000000000
5218 -1339.0000000000
5226 -1337.0000000000
5260 -1336.0000000000
5289 -1335.0000000000
5300 -1332.0000000000
5321 -1331.0000000000
5350 -1330.0000000000
5358 -1328.0000000000
5372 -1327.0000000000
5375 -1325.0000000000
5425 -1323.0000000000
5463 -1321.0000000000
5484 -1320.0000000000
5502 -1318.0000000000
5547 -1317.0000000000
5568 -1316.0000000000
5576 -1314.0000000000
5603 -1313.0000000000
5631 -1310.0000000000
5645 -1308.0000000000
5662 -1307.0000000000
5674 -1306.0000000000
5682 -1305.0000000000
5689 -1304.0000000000
5702 -1303.0000000000
5722 -1300.0000000000
5758 -1298.0000000000
5769 -1294.0000000000
5815 -1293.0000000000
5821 -1291.0000000000
5843 -1290.0000000000
5851 -1289.0000000000
5869 -1288.0000000000
5883 -1287.0000000000
5916 -1286.0000000000
5922 -1283.0000000000
5973 -1282.0000000000
5987 -1281.0000000000
5993 -1279.0000000000
6002 -1277.0000000000
6022 -1276.0000000000
6030 -1275.0000000000
6053 -1274.0000000000
6057 -1273.0000000000
6076 -1272.0000000000
6099 -1271.0000000000
6107 -1269.0000000000
6134 -1268.0000000000
6174 -1267.0000000000
6187 -1266.0000000000
6201 -1265.0000000000
6215 -1264.0000000000
6228 -1263.0000000000
6266 -1262.0000000000
6285 -1261.0000000000
6297 -1260.0000000000
6313 -1259.0000000000
6322 -1258.0000000000
6347 -1257.0000000000
6348 -1255.0000000000
6386 -1254.0000000000
6418 -1253.0000000000
6430 -1252.0000000000
6434 -1251.0000000000
6453 -1250.0000000000
6480 -1249.0000000000
6488 -1248.0000000000
6497 -1247.0000000000
6505 -1246.0000000000
6536 -1245.0000000000
6546 -1243.0000000000
6565 -1242.0000000000
6589 -1240.0000000000
6606 -1239.0000000000
6610 -1238.0000000000
6633 -1237.0000000000
6646 -1236.0000000000
6658 -1234.0000000000
6665 -1233.0000000000
6687 -1232.0000000000
6688 -1231.0000000000
6720 -1229.0000000000
6724 -1227.0000000000
6762 -1226.0000000000
6782 -1225.0000000000
6789 -1223.0000000000
6824 -1222.0000000000
6833 -1221.0000000000
6851 -1220.0000000000
6863 -1216.0000000000
6901 -1215.0000000000
6929 -1211.0000000000
6965 -1210.0000000000
6992 -1209.0000000000
7013 -1206.0000000000
7042 -1201.0000000000
7086 -1200.0000000000
7093 -1199.0000000000
7105 -1197.0000000000
7124 -1196.0000000000
7154 -1195.0000000000
7175 -1194.0000000000
7182 -1193.0000000000
7210 -1192.0000000000
7218 -1190.0000000000
7270 -1189.0000000000
7273 -1188.0000000000
7294 -1187.0000000000
7295 -1186.0000000000
7322 -1185.0000000000
7341 -1183.0000000000
7351 -1182.0000000000
7374 -1181.0000000000
7393 -1180.0000000000
7413 -1177.0000000000
7428 -1176.0000000000
7464 -1175.0000000000
7493 -1173.0000000000
7524 -1172.0000000000
7554 -1170.0000000000
7572 -1169.0000000000
7583 -1168.0000000000
7585 -1167.0000000000
7611 -1166.0000000000
7650 -1165.0000000000
7657 -1164.0000000000
7664 -1163.0000000000
7676 -1162.0000000000
7706 -1161.0000000000
7717 -1160.0000000000
7741 -1159.0000000000
7762 -1157.0000000000
7783 -1156.0000000000
7829 -1155.0000000000
7836 -1154.0000000000
7868 -1153.0000000000
7885 -1151.0000000000
7901 -1150.0000000000
7926 -1149.0000000000
7950 -1147.0000000000
7985 -1145.0000000000
8006 -1144.0000000000
8035 -1143.0000000000
8043 -1142.0000000000
8062 -1140.0000000000
8100 -1138.0000000000
8121 -1136.0000000000
8123 -1135.0000000000
8157 -1133.0000000000
8182 -1132.0000000000
8203 -1131.0000000000
8215 -1130.0000000000
8253 -1129.0000000000
8270 -1127.0000000000
8281 -1125.0000000000
8303 -1124.0000000000
8313 -1123.0000000000
8326 -1122.0000000000
8328 -1121.0000000000
8347 -1120.0000000000
8368 -1119.0000000000
8388 -1118.0000000000
8409 -1116.0000000000
8426 -1114.0000000000
8450 -1112.0000000000
8452 -1111.0000000000
8491 -1108.0000000000
8505 -1107.0000000000
8521 -1105.0000000000
8548 -1104.0000000000
8589 -1103.0000000000
8633 -1102.0000000000
8653 -1101.0000000000
8675 -1100.0000000000
8681 -1098.0000000000
8716 -1096.0000000000
8737 -1095.0000000000
8753 -1093.0000000000
8763 -1092.0000000000
8800 -1091.0000000000
8840 -1090.0000000000
8841 -1088.0000000000
8884 -1087.0000000000
8887 -1086.0000000000
8900 -1085.0000000000
8925 -1084.0000000000
8969 -1083.0000000000
8981 -1081.0000000000
9012 -1080.0000000000
9023 -1079.0000000000
9030 -1078.0000000000
9039 -1077.0000000000
9065 -1076.0000000000
9091 -1074.0000000000
9119 -1072.0000000000
9143 -1070.0000000000
9160 -1069.0000000000
9163 -1068.0000000000
9201 -1067.0000000000
9214 -1065.0000000000
9223 -1064.0000000000
9244 -1063.0000000000
9265 -1062.0000000000
9292 -1060.0000000000
9297 -1059.0000000000
9310 -1057.0000000000
9342 -1056.0000000000
9348 -1055.0000000000
9372 -1052.0000000000
9402 -1051.0000000000
9407 -1050.0000000000
9427 -1048.0000000000
9466 -1047.0000000000
9489 -1045.0000000000
9505 -1044.0000000000
9521 -1043.0000000000
9554 -1042.0000000000
9556 -1041.0000000000
9561 -1040.0000000000
9587 -1038.0000000000
9628 -1036.0000000000
9671 -1035.0000000000
9703 -1033.0000000000
9721 -1031.0000000000
9744 -1030.0000000000
9777 -1029.0000000000
9801 -1028.0000000000
9855 -1027.0000000000
9861 -1026.0000000000
9916 -1025.0000000000
9924 -1023.0000000000
9975 -1021.0000000000
10000 -1024.0000000000
