evaluations raw_y
1 -1922.0000000000
3 -1915.0000000000
4 -1912.0000000000
7 -1892.0000000000
10 -1885.0000000000
24 -1851.0000000000
42 -1850.0000000000
56 -1845.0000000000
60 -1826.0000000000
62 -1823.0000000000
66 -1814.0000000000
85 -1802.0000000000
104 -1792.0000000000
134 -1765.0000000000
148 -1763.0000000000
181 -1760.0000000000
183 -1754.0000000000
193 -1752.0000000000
195 -1751.0000000000
201 -1745.0000000000
202 -1725.0000000000
232 -1712.0000000000
242 -1711.0000000000
265 -1700.0000000000
280 -1690.0000000000
312 -1688.0000000000
320 -1687.0000000000
323 -1683.0000000000
327 -1675.0000000000
343 -1674.0000000000
363 -1664.0000000000
387 -1661.0000000000
404 -1659.0000000000
408 -1657.0000000000
412 -1656.0000000000
422 -1655.0000000000
424 -1654.0000000000
428 -1652.0000000000
434 -1648.0000000000
457 -1647.0000000000
467 -1646.0000000000
485 -1644.0000000000
502 -1643.0000000000
510 -1642.0000000000
530 -1641.0000000000
538 -1640.0000000000
543 -1638.0000000000
561 -1635.0000000000
585 -1633.0000000000
632 -1632.0000000000
639 -1631.0000000000
642 -1627.0000000000
666 -1623.0000000000
710 -1620.0000000000
735 -1619.0000000000
760 -1618.0000000000
761 -1617.0000000000
764 -1616.0000000000
795 -1615.0000000000
803 -1614.0000000000
813 -1612.0000000000
825 -1608.0000000000
875 -1607.0000000000
887 -1606.0000000000
889 -1605.0000000000
904 -1604.0000000000
937 -1603.0000000000
947 -1602.0000000000
965 -1600.0000000000
987 -1599.0000000000
1003 -1598.0000000000
1008 -1595.0000000000
1055 -1592.0000000000
1091 -1590.0000000000
1141 -1589.0000000000
1143 -1588.0000000000
1178 -1587.0000000000
1186 -1586.0000000000
1202 -1585.0000000000
1210 -1584.0000000000
1227 -1583.0000000000
1233 -1581.0000000000
1243 -1579.0000000000
1274 -1577.0000000000
1279 -1575.0000000000
1288 -1574.0000000000
1306 -1573.0000000000
1321 -1572.0000000000
1338 -1569.0000000000
1361 -1568.0000000000
1390 -1567.0000000000
1405 -1565.0000000000
1415 -1564.0000000000
1434 -1563.0000000000
1445 -1559.0000000000
1473 -1558.0000000000
1514 -1557.0000000000
1524 -1554.0000000000
1551 -1553.0000000000
1566 -1552.0000000000
1586 -1550.0000000000
1603 -1548.0000000000
1612 -1547.0000000000
1628 -1546.0000000000
1647 -1545.0000000000
1665 -1543.0000000000
1695 -1542.0000000000
1703 -1541.0000000000
1730 -1540.0000000000
1748 -1536.0000000000
1783 -1535.0000000000
1793 -1533.0000000000
1805 -1528.0000000000
1866 -1525.0000000000
1886 -1524.0000000000
1907 -1523.0000000000
1921 -1521.0000000000
1946 -1518.0000000000
1963 -1516.0000000000
1983 -1515.0000000000
2024 -1514.0000000000
2039 -1513.0000000000
2042 -1511.0000000000
2051 -1510.0000000000
2100 -1508.0000000000
2123 -1507.0000000000
2142 -1504.0000000000
2164 -1502.0000000000
2197 -1501.0000000000
2225 -1498.0000000000
2263 -1497.0000000000
2266 -1495.0000000000
2282 -1494.0000000000
2302 -1493.0000000000
2331 -1491.0000000000
2361 -1490.0000000000
2375 -1489.0000000000
2396 -1488.0000000000
2408 -1486.0000000000
2442 -1484.0000000000
2448 -1483.0000000000
2485 -1481.0000000000
2509 -1480.0000000000
2510 -1479.0000000000
2531 -1478.0000000000
2538 -1477.0000000000
2556 -1476.0000000000
2561 -1475.0000000000
2568 -1473.0000000000
2582 -1470.0000000000
2583 -1469.0000000000
2622 -1468.0000000000
2649 -1467.0000000000
2651 -1466.0000000000
2681 -1464.0000000000
2685 -1462.0000000000
2716 -1461.0000000000
2745 -1460.0000000000
2759 -1459.0000000000
2786 -1458.0000000000
2824 -1457.0000000000
2841 -1456.0000000000
2864 -1455.0000000000
2876 -1454.0000000000
2907 -1453.0000000000
2908 -1452.0000000000
2910 -1451.0000000000
2950 -1449.0000000000
2953 -1448.0000000000
2966 -1447.0000000000
3005 -1446.0000000000
3014 -1445.0000000000
3036 -1444.0000000000
3055 -1442.0000000000
3069 -1441.0000000000
3088 -1440.0000000000
3100 -1439.0000000000
3112 -1438.0000000000
3135 -1436.0000000000
3143 -1435.0000000000
3144 -1434.0000000000
3168 -1431.0000000000
3202 -1429.0000000000
3221 -1427.0000000000
3239 -1426.0000000000
3240 -1425.0000000000
3265 -1424.0000000000
3278 -1423.0000000000
3290 -1422.0000000000
3328 -1420.0000000000
3341 -1419.0000000000
3344 -1418.0000000000
3367 -1416.0000000000
3382 -1413.0000000000
3432 -1411.0000000000
3464 -1410.0000000000
3492 -1408.0000000000
3523 -1406.0000000000
3555 -1405.0000000000
3562 -1402.0000000000
3622 -1399.0000000000
3647 -1396.0000000000
3693 -1395.0000000000
3699 -1394.0000000000
3705 -1393.0000000000
3724 -1390.0000000000
3746 -1388.0000000000
3767 -1385.0000000000
3796 -1384.0000000000
3811 -1383.0000000000
3840 -1382.0000000000
3872 -1381.0000000000
3877 -1380.0000000000
3901 -1379.0000000000
3929 -1378.0000000000
3931 -1377.0000000000
3958 -1376.0000000000
3965 -1375.0000000000
3981 -1372.0000000000
4004 -1370.0000000000
4009 -1368.0000000000
4038 -1367.0000000000
4047 -1366.0000000000
4080 -1364.0000000000
4081 -1363.0000000000
4094 -1361.0000000000
4102 -1358.0000000000
4147 -1356.0000000000
4174 -1355.0000000000
4191 -1354.0000000000
4209 -1353.0000000000
4212 -1352.0000000000
4216 -1349.0000000000
4231 -1348.0000000000
4283 -1347.0000000000
4286 -1346.0000000000
4311 -1345.0000000000
4325 -1344.0000000000
4338 -1343.0000000000
4349 -1342.0000000000
4364 -1341.0000000000
4381 -1340.0000000000
4382 -1339.0000000000
4392 -1338.0000000000
4407 -1337.0000000000
4423 -1336.0000000000
4433 -1333.0000000000
4441 -1332.0000000000
4467 -1330.0000000000
4493 -1329.0000000000
4503 -1328.0000000000
4542 -1327.0000000000
4550 -1325.0000000000
4562 -1324.0000000000
4582 -1323.0000000000
4601 -1321.0000000000
4606 -1320.0000000000
4622 -1318.0000000000
4643 -1317.0000000000
4644 -1315.0000000000
4680 -1314.0000000000
4701 -1313.0000000000
4711 -1310.0000000000
4732 -1308.0000000000
4776 -1307.0000000000
4798 -1306.0000000000
4801 -1305.0000000000
4819 -1304.0000000000
4843 -1303.0000000000
4846 -1302.0000000000
4863 -1301.0000000000
4889 -1300.0000000000
4891 -1299.0000000000
4909 -1298.0000000000
4926 -1297.0000000000
4928 -1296.0000000000
4934 -1295.0000000000
4971 -1293.0000000000
4991 -1292.0000000000
5010 -1289.0000000000
5025 -1288.0000000000
5057 -1286.0000000000
5068 -1284.0000000000
5103 -1283.0000000000
5147 -1281.0000000000
5158 -1280.0000000000
5175 -1279.0000000000
5181 -1278.0000000000
5190 -1277.0000000000
5229 -1275.0000000000
5246 -1272.0000000000
5292 -1271.0000000000
5301 -1270.0000000000
5304 -1269.0000000000
5326 -1267.0000000000
5363 -1265.0000000000
5372 -1264.0000000000
5383 -1263.0000000000
5411 -1260.0000000000
5442 -1259.0000000000
5454 -1258.0000000000
5461 -1256.0000000000
5491 -1253.0000000000
5530 -1252.0000000000
5541 -1249.0000000000
5582 -1248.0000000000
5590 -1246.0000000000
5604 -1244.0000000000
5641 -1243.0000000000
5655 -1242.0000000000
5668 -1239.0000000000
5682 -1237.0000000000
5718 -1235.0000000000
5727 -1234.0000000000
5754 -1233.0000000000
5768 -1230.0000000000
5824 -1229.0000000000
5825 -1228.0000000000
5852 -1227.0000000000
5855 -1226.0000000000
5882 -1225.0000000000
5906 -1224.0000000000
5932 -1223.0000000000
5944 -1222.0000000000
5966 -1218.0000000000
6001 -1217.0000000000
6024 -1216.0000000000
6036 -1215.0000000000
6046 -1214.0000000000
6073 -1213.0000000000
6077 -1212.0000000000
6097 -1211.0000000000
6104 -1209.0000000000
6130 -1208.0000000000
6152 -1207.0000000000
6153 -1206.0000000000
6161 -1205.0000000000
6169 -1203.0000000000
6197 -1200.0000000000
6245 -1199.0000000000
6261 -1197.0000000000
6298 -1196.0000000000
6302 -1195.0000000000
6326 -1194.0000000000
6342 -1192.0000000000
6370 -1191.0000000000
6381 -1190.0000000000
6382 -1189.0000000000
6411 -1188.0000000000
6416 -1187.0000000000
6437 -1185.0000000000
6442 -1184.0000000000
6456 -1183.0000000000
6480 -1182.0000000000
6487 -1181.0000000000
6489 -1179.0000000000
6524 -1177.0000000000
6541 -1175.0000000000
6563 -1172.0000000000
6581 -1169.0000000000
6643 -1165.0000000000
6697 -1164.0000000000
6698 -1161.0000000000
6713 -1160.0000000000
6744 -1159.0000000000
6745 -1158.0000000000
6777 -1157.0000000000
6783 -1156.0000000000
6796 -1155.0000000000
6819 -1152.0000000000
6854 -1151.0000000000
6864 -1149.0000000000
6881 -1148.0000000000
6904 -1147.0000000000
6922 -1146.0000000000
6946 -1143.0000000000
6961 -1142.0000000000
6984 -1141.0000000000
7005 -1140.0000000000
7011 -1139.0000000000
7026 -1138.0000000000
7051 -1134.0000000000
7098 -1132.0000000000
7121 -1129.0000000000
7141 -1128.0000000000
7152 -1125.0000000000
7193 -1122.0000000000
7241 -1120.0000000000
7253 -1118.0000000000
7266 -1117.0000000000
7286 -1115.0000000000
7304 -1113.0000000000
7312 -1112.0000000000
7322 -1110.0000000000
7364 -1109.0000000000
7396 -1108.0000000000
7421 -1107.0000000000
7425 -1106.0000000000
7448 -1105.0000000000
7461 -1104.0000000000
7471 -1102.0000000000
7489 -1101.0000000000
7505 -1100.0000000000
7524 -1098.0000000000
7542 -1097.0000000000
7582 -1096.0000000000
7598 -1094.0000000000
7617 -1093.0000000000
7622 -1092.0000000000
7651 -1091.0000000000
7653 -1090.0000000000
7663 -1088.0000000000
7707 -1087.0000000000
7721 -1085.0000000000
7746 -1084.0000000000
7763 -1083.0000000000
7764 -1081.0000000000
7803 -1080.0000000000
7807 -1079.0000000000
7809 -1078.0000000000
7827 -1077.0000000000
7852 -1076.0000000000
7857 -1074.0000000000
7880 -1072.0000000000
7890 -1071.0000000000
7901 -1069.0000000000
7921 -1068.0000000000
7933 -1067.0000000000
7978 -1066.0000000000
7995 -1063.0000000000
8006 -1062.0000000000
8013 -1058.0000000000
8021 -1057.0000000000
8045 -1056.0000000000
8089 -1054.0000000000
8094 -1053.0000000000
8107 -1052.0000000000
8141 -1051.0000000000
8162 -1049.0000000000
8205 -1048.0000000000
8221 -1047.0000000000
8241 -1046.0000000000
8276 -1045.0000000000
8292 -1044.0000000000
8294 -1043.0000000000
8305 -1042.0000000000
8326 -1041.0000000000
8341 -1039.0000000000
8368 -1038.0000000000
8403 -1037.0000000000
8414 -1035.0000000000
8438 -1034.0000000000
8447 -1032.0000000000
8453 -1031.0000000000
8461 -1027.0000000000
8492 -1026.0000000000
8503 -1025.0000000000
8531 -1021.0000000000
8589 -1020.0000000000
8602 -1019.0000000000
8615 -1018.0000000000
8638 -1016.0000000000
8646 -1015.0000000000
8661 -1014.0000000000
8676 -1012.0000000000
8705 -1011.0000000000
8740 -1010.0000000000
8743 -1008.0000000000
8770 -1007.0000000000
8777 -1006.0000000000
8781 -1005.0000000000
8812 -1001.0000000000
8823 -1000.0000000000
8855 -998.0000000000
8866 -997.0000000000
8885 -996.0000000000
8911 -995.0000000000
8924 -994.0000000000
8938 -993.0000000000
8941 -992.0000000000
8961 -991.0000000000
8973 -990.0000000000
8982 -989.0000000000
8988 -988.0000000000
9020 -987.0000000000
9026 -985.0000000000
9061 -984.0000000000
9064 -982.0000000000
9087 -981.0000000000
9115 -979.0000000000
9159 -977.0000000000
9182 -976.0000000000
9186 -975.0000000000
9211 -974.0000000000
9224 -973.0000000000
9242 -971.0000000000
9267 -970.0000000000
9293 -966.0000000000
9363 -965.0000000000
9367 -961.0000000000
9425 -959.0000000000
9427 -958.0000000000
9440 -957.0000000000
9453 -956.0000000000
9484 -955.0000000000
9497 -954.0000000000
9501 -953.0000000000
9548 -952.0000000000
9557 -951.0000000000
9569 -950.0000000000
9597 -949.0000000000
9606 -947.0000000000
9632 -944.0000000000
9644 -943.0000000000
9683 -941.0000000000
9707 -939.0000000000
9727 -938.0000000000
9741 -937.0000000000
9749 -936.0000000000
9786 -935.0000000000
9800 -934.0000000000
9809 -933.0000000000
9847 -932.0000000000
9850 -931.0000000000
9869 -930.0000000000
9893 -929.0000000000
9901 -928.0000000000
9929 -927.0000000000
9954 -924.0000000000
9974 -923.0000000000
9982 -922.0000000000
10005 -921.0000000000
10022 -920.0000000000
10031 -919.0000000000
10063 -918.0000000000
10068 -916.0000000000
10086 -915.0000000000
10102 -913.0000000000
10132 -911.0000000000
10183 -910.0000000000
10194 -909.0000000000
10205 -908.0000000000
10228 -906.0000000000
10261 -905.0000000000
10271 -902.0000000000
10282 -901.0000000000
10305 -899.0000000000
10340 -898.0000000000
10376 -897.0000000000
10387 -896.0000000000
10403 -895.0000000000
10404 -894.0000000000
10438 -892.0000000000
10451 -891.0000000000
10496 -890.0000000000
10539 -889.0000000000
10571 -888.0000000000
10584 -887.0000000000
10626 -884.0000000000
10646 -883.0000000000
10699 -882.0000000000
10703 -881.0000000000
10762 -878.0000000000
10788 -877.0000000000
10805 -875.0000000000
10825 -873.0000000000
10893 -870.0000000000
10904 -869.0000000000
10944 -868.0000000000
10958 -867.0000000000
10974 -864.0000000000
10995 -862.0000000000
11034 -861.0000000000
11065 -860.0000000000
11074 -859.0000000000
11114 -857.0000000000
11143 -855.0000000000
11195 -853.0000000000
11196 -852.0000000000
11210 -851.0000000000
11226 -850.0000000000
11241 -848.0000000000
11266 -847.0000000000
11298 -846.0000000000
11309 -845.0000000000
11334 -844.0000000000
11357 -842.0000000000
11370 -841.0000000000
11383 -839.0000000000
11404 -838.0000000000
11427 -836.0000000000
11458 -835.0000000000
11487 -834.0000000000
11499 -833.0000000000
11521 -832.0000000000
11529 -831.0000000000
11557 -830.0000000000
11581 -829.0000000000
11604 -828.0000000000
11617 -826.0000000000
11681 -825.0000000000
11689 -824.0000000000
11720 -823.0000000000
11728 -822.0000000000
11751 -821.0000000000
11768 -820.0000000000
11773 -819.0000000000
11797 -817.0000000000
11834 -816.0000000000
11854 -815.0000000000
11872 -814.0000000000
11886 -811.0000000000
11904 -810.0000000000
11941 -809.0000000000
11968 -808.0000000000
11981 -807.0000000000
12014 -806.0000000000
12015 -805.0000000000
12056 -804.0000000000
12061 -799.0000000000
12101 -797.0000000000
12123 -796.0000000000
12124 -795.0000000000
12148 -794.0000000000
12181 -793.0000000000
12202 -792.0000000000
12224 -791.0000000000
12234 -790.0000000000
12245 -789.0000000000
12298 -788.0000000000
12301 -786.0000000000
12334 -785.0000000000
12359 -782.0000000000
12401 -780.0000000000
12424 -779.0000000000
12448 -778.0000000000
12462 -777.0000000000
12484 -776.0000000000
12507 -775.0000000000
12513 -774.0000000000
12524 -772.0000000000
12556 -771.0000000000
12609 -770.0000000000
12615 -769.0000000000
12651 -766.0000000000
12685 -765.0000000000
12717 -764.0000000000
12730 -762.0000000000
12741 -759.0000000000
12762 -758.0000000000
12783 -756.0000000000
12806 -755.0000000000
12828 -753.0000000000
12849 -752.0000000000
12870 -751.0000000000
12885 -750.0000000000
12886 -749.0000000000
12911 -748.0000000000
12913 -747.0000000000
12963 -746.0000000000
12983 -743.0000000000
13013 -741.0000000000
13063 -740.0000000000
13093 -739.0000000000
13106 -738.0000000000
13147 -737.0000000000
13164 -736.0000000000
13166 -735.0000000000
13211 -734.0000000000
13219 -733.0000000000
13243 -731.0000000000
13269 -729.0000000000
13287 -728.0000000000
13292 -726.0000000000
13337 -725.0000000000
13361 -724.0000000000
13366 -723.0000000000
13374 -722.0000000000
13382 -721.0000000000
13427 -719.0000000000
13447 -717.0000000000
13513 -716.0000000000
13523 -714.0000000000
13545 -713.0000000000
13570 -712.0000000000
13584 -711.0000000000
13605 -710.0000000000
13629 -708.0000000000
13662 -706.0000000000
13701 -705.0000000000
13715 -704.0000000000
13731 -703.0000000000
13773 -702.0000000000
13796 -701.0000000000
13825 -700.0000000000
13841 -699.0000000000
13865 -698.0000000000
13901 -697.0000000000
13907 -696.0000000000
13964 -695.0000000000
13981 -694.0000000000
14041 -693.0000000000
14064 -692.0000000000
14070 -691.0000000000
14082 -690.0000000000
14104 -689.0000000000
14109 -687.0000000000
14122 -686.0000000000
14161 -685.0000000000
14194 -683.0000000000
14223 -682.0000000000
14246 -680.0000000000
14265 -678.0000000000
14304 -677.0000000000
14307 -676.0000000000
14341 -675.0000000000
14363 -674.0000000000
14381 -671.0000000000
14423 -670.0000000000
14436 -669.0000000000
14440 -667.0000000000
14462 -665.0000000000
14506 -664.0000000000
14513 -663.0000000000
14526 -662.0000000000
14549 -661.0000000000
14583 -660.0000000000
14595 -659.0000000000
14628 -657.0000000000
14648 -656.0000000000
14664 -655.0000000000
14665 -654.0000000000
14701 -652.0000000000
14748 -651.0000000000
14774 -650.0000000000
14783 -649.0000000000
14814 -648.0000000000
14827 -647.0000000000
14849 -646.0000000000
14858 -645.0000000000
14887 -644.0000000000
14919 -642.0000000000
14937 -641.0000000000
14964 -639.0000000000
15016 -638.0000000000
15036 -637.0000000000
15048 -636.0000000000
15111 -635.0000000000
15115 -634.0000000000
15147 -633.0000000000
15168 -632.0000000000
15209 -631.0000000000
15215 -630.0000000000
15246 -629.0000000000
15261 -628.0000000000
15305 -627.0000000000
15334 -626.0000000000
15337 -625.0000000000
15361 -624.0000000000
15381 -623.0000000000
15403 -621.0000000000
15431 -620.0000000000
15449 -619.0000000000
15473 -618.0000000000
15518 -617.0000000000
15542 -616.0000000000
15565 -615.0000000000
15581 -614.0000000000
15583 -613.0000000000
15585 -612.0000000000
15629 -609.0000000000
15674 -608.0000000000
15690 -606.0000000000
15751 -605.0000000000
15760 -604.0000000000
15797 -603.0000000000
15827 -602.0000000000
15860 -600.0000000000
15899 -599.0000000000
15904 -598.0000000000
15928 -597.0000000000
15941 -596.0000000000
16013 -595.0000000000
16031 -594.0000000000
16050 -593.0000000000
16072 -591.0000000000
16080 -590.0000000000
16111 -589.0000000000
16122 -588.0000000000
16144 -586.0000000000
16172 -585.0000000000
16207 -584.0000000000
16218 -582.0000000000
16251 -581.0000000000
16269 -580.0000000000
16301 -579.0000000000
16315 -578.0000000000
16322 -577.0000000000
16372 -576.0000000000
16408 -573.0000000000
16453 -572.0000000000
16503 -569.0000000000
16549 -567.0000000000
16580 -566.0000000000
16607 -564.0000000000
16639 -563.0000000000
16662 -562.0000000000
16690 -561.0000000000
16714 -560.0000000000
16732 -559.0000000000
16770 -557.0000000000
16815 -555.0000000000
16844 -554.0000000000
16889 -553.0000000000
16913 -552.0000000000
16944 -551.0000000000
16955 -550.0000000000
16999 -549.0000000000
17013 -548.0000000000
17052 -547.0000000000
17060 -546.0000000000
17091 -545.0000000000
17110 -544.0000000000
17141 -542.0000000000
17212 -541.0000000000
17221 -539.0000000000
17262 -538.0000000000
17298 -535.0000000000
17323 -534.0000000000
17371 -533.0000000000
17393 -532.0000000000
17413 -531.0000000000
17457 -530.0000000000
17469 -529.0000000000
17491 -528.0000000000
17515 -526.0000000000
17563 -523.0000000000
17605 -521.0000000000
17627 -520.0000000000
17642 -519.0000000000
17690 -518.0000000000
17699 -517.0000000000
17723 -515.0000000000
17760 -513.0000000000
17787 -511.0000000000
17820 -510.0000000000
17839 -509.0000000000
17866 -508.0000000000
17888 -505.0000000000
17958 -504.0000000000
17962 -503.0000000000
17992 -502.0000000000
18045 -501.0000000000
18086 -500.0000000000
18117 -499.0000000000
18128 -497.0000000000
18175 -496.0000000000
18190 -494.0000000000
18221 -493.0000000000
18267 -492.0000000000
18302 -491.0000000000
18338 -490.0000000000
18348 -489.0000000000
18363 -488.0000000000
18416 -487.0000000000
18427 -486.0000000000
18435 -485.0000000000
18459 -483.0000000000
18489 -480.0000000000
18550 -479.0000000000
18566 -478.0000000000
18582 -477.0000000000
18601 -476.0000000000
18623 -475.0000000000
18625 -474.0000000000
18693 -473.0000000000
18711 -471.0000000000
18723 -469.0000000000
18775 -468.0000000000
18808 -467.0000000000
18824 -466.0000000000
18846 -465.0000000000
18864 -464.0000000000
18918 -463.0000000000
18944 -462.0000000000
18962 -461.0000000000
19030 -460.0000000000
19039 -459.0000000000
19066 -458.0000000000
19081 -457.0000000000
19099 -456.0000000000
19107 -455.0000000000
19113 -454.0000000000
19155 -453.0000000000
19166 -452.0000000000
19190 -451.0000000000
19268 -450.0000000000
19303 -448.0000000000
19335 -447.0000000000
19378 -445.0000000000
19421 -444.0000000000
19447 -443.0000000000
19484 -442.0000000000
19524 -441.0000000000
19545 -439.0000000000
19592 -438.0000000000
19611 -436.0000000000
19651 -435.0000000000
19682 -434.0000000000
19714 -433.0000000000
19722 -431.0000000000
19775 -429.0000000000
19791 -428.0000000000
19858 -427.0000000000
19866 -426.0000000000
19872 -425.0000000000
19899 -424.0000000000
19908 -423.0000000000
19929 -422.0000000000
19952 -421.0000000000
19963 -420.0000000000
19982 -419.0000000000
20002 -417.0000000000
20032 -416.0000000000
20050 -413.0000000000
20111 -411.0000000000
20148 -409.0000000000
20202 -408.0000000000
20224 -407.0000000000
20251 -406.0000000000
20302 -405.0000000000
20306 -404.0000000000
20323 -403.0000000000
20339 -402.0000000000
20374 -401.0000000000
20394 -400.0000000000
20401 -399.0000000000
20471 -398.0000000000
20483 -397.0000000000
20530 -396.0000000000
20586 -395.0000000000
20607 -394.0000000000
20621 -392.0000000000
20716 -391.0000000000
20723 -389.0000000000
20786 -387.0000000000
20864 -386.0000000000
20878 -385.0000000000
20918 -383.0000000000
20946 -382.0000000000
21004 -381.0000000000
21017 -380.0000000000
21024 -379.0000000000
21052 -378.0000000000
21068 -377.0000000000
21102 -376.0000000000
21160 -375.0000000000
21178 -374.0000000000
21202 -373.0000000000
21232 -372.0000000000
21285 -371.0000000000
21297 -370.0000000000
21346 -369.0000000000
21390 -367.0000000000
21427 -366.0000000000
21461 -365.0000000000
21464 -364.0000000000
21503 -361.0000000000
21542 -360.0000000000
21580 -359.0000000000
21593 -358.0000000000
21614 -357.0000000000
21629 -356.0000000000
21641 -355.0000000000
21646 -354.0000000000
21679 -353.0000000000
21729 -352.0000000000
21751 -351.0000000000
21807 -350.0000000000
21813 -349.0000000000
21875 -348.0000000000
21897 -346.0000000000
21948 -344.0000000000
21987 -343.0000000000
22017 -342.0000000000
22035 -341.0000000000
22063 -340.0000000000
22120 -339.0000000000
22156 -338.0000000000
22178 -337.0000000000
22205 -336.0000000000
22246 -335.0000000000
22268 -334.0000000000
22298 -333.0000000000
22312 -332.0000000000
22338 -331.0000000000
22339 -330.0000000000
22401 -329.0000000000
22432 -328.0000000000
22461 -327.0000000000
22485 -325.0000000000
22544 -323.0000000000
22605 -321.0000000000
22645 -320.0000000000
22664 -319.0000000000
22706 -317.0000000000
22736 -316.0000000000
22754 -315.0000000000
22777 -314.0000000000
22828 -313.0000000000
22835 -312.0000000000
22887 -311.0000000000
22891 -310.0000000000
22939 -309.0000000000
22949 -308.0000000000
22961 -306.0000000000
23005 -304.0000000000
23041 -303.0000000000
23063 -302.0000000000
23089 -301.0000000000
23113 -300.0000000000
23126 -299.0000000000
23166 -298.0000000000
23170 -296.0000000000
23227 -295.0000000000
23244 -294.0000000000
23272 -293.0000000000
23315 -292.0000000000
23341 -291.0000000000
23368 -290.0000000000
23411 -289.0000000000
23445 -288.0000000000
23478 -287.0000000000
23513 -285.0000000000
23564 -283.0000000000
23593 -282.0000000000
23643 -281.0000000000
23678 -280.0000000000
23751 -279.0000000000
23791 -278.0000000000
23830 -277.0000000000
23837 -276.0000000000
23887 -275.0000000000
23911 -274.0000000000
23988 -273.0000000000
23999 -272.0000000000
24037 -271.0000000000
24061 -270.0000000000
24104 -269.0000000000
24124 -268.0000000000
24125 -267.0000000000
24148 -266.0000000000
24198 -265.0000000000
24217 -264.0000000000
24256 -263.0000000000
24295 -262.0000000000
24310 -261.0000000000
24347 -260.0000000000
24379 -259.0000000000
24407 -255.0000000000
24484 -254.0000000000
24521 -253.0000000000
24561 -251.0000000000
24613 -249.0000000000
24717 -248.0000000000
24746 -247.0000000000
24770 -246.0000000000
24794 -245.0000000000
24830 -244.0000000000
24862 -243.0000000000
24883 -241.0000000000
25008 -240.0000000000
25082 -239.0000000000
25102 -237.0000000000
25172 -236.0000000000
25196 -235.0000000000
25226 -234.0000000000
25231 -233.0000000000
25261 -232.0000000000
25303 -231.0000000000
25340 -230.0000000000
25365 -229.0000000000
25394 -228.0000000000
25447 -225.0000000000
25514 -224.0000000000
25546 -223.0000000000
25589 -222.0000000000
25642 -221.0000000000
25671 -220.0000000000
25686 -219.0000000000
25785 -218.0000000000
25797 -217.0000000000
25856 -216.0000000000
25861 -215.0000000000
25882 -214.0000000000
25913 -213.0000000000
25966 -212.0000000000
26000 -211.0000000000
26043 -210.0000000000
26073 -209.0000000000
26110 -208.0000000000
26180 -207.0000000000
26215 -206.0000000000
26247 -205.0000000000
26325 -203.0000000000
26396 -202.0000000000
26427 -201.0000000000
26471 -200.0000000000
26523 -199.0000000000
26549 -198.0000000000
26569 -196.0000000000
26602 -195.0000000000
26635 -194.0000000000
26669 -193.0000000000
26734 -192.0000000000
26755 -191.0000000000
26770 -190.0000000000
26823 -189.0000000000
26881 -188.0000000000
26918 -187.0000000000
26985 -186.0000000000
27021 -185.0000000000
27022 -184.0000000000
27042 -183.0000000000
27095 -182.0000000000
27112 -180.0000000000
27166 -179.0000000000
27197 -177.0000000000
27221 -175.0000000000
27270 -174.0000000000
27302 -173.0000000000
27336 -171.0000000000
27353 -170.0000000000
27369 -169.0000000000
27420 -167.0000000000
27437 -166.0000000000
27464 -165.0000000000
27510 -164.0000000000
27550 -163.0000000000
27651 -162.0000000000
27703 -161.0000000000
27721 -159.0000000000
27754 -158.0000000000
27792 -157.0000000000
27812 -156.0000000000
27889 -155.0000000000
28055 -154.0000000000
28287 -153.0000000000
28377 -152.0000000000
28405 -151.0000000000
28462 -150.0000000000
28563 -149.0000000000
28617 -148.0000000000
28712 -147.0000000000
28741 -146.0000000000
28775 -145.0000000000
28784 -144.0000000000
28810 -143.0000000000
28834 -142.0000000000
28867 -141.0000000000
28947 -140.0000000000
28982 -139.0000000000
29006 -138.0000000000
29055 -137.0000000000
29105 -135.0000000000
29231 -134.0000000000
29303 -133.0000000000
29383 -132.0000000000
29437 -131.0000000000
29476 -130.0000000000
29521 -129.0000000000
29593 -128.0000000000
29671 -127.0000000000
29691 -126.0000000000
29736 -125.0000000000
29744 -123.0000000000
29823 -122.0000000000
29850 -121.0000000000
29903 -120.0000000000
29914 -118.0000000000
29952 -117.0000000000
29970 -116.0000000000
30039 -115.0000000000
30097 -114.0000000000
30168 -113.0000000000
30213 -112.0000000000
30256 -111.0000000000
30280 -110.0000000000
30306 -109.0000000000
30322 -108.0000000000
30406 -107.0000000000
30415 -106.0000000000
30463 -105.0000000000
30483 -104.0000000000
30574 -103.0000000000
30613 -102.0000000000
30656 -101.0000000000
30690 -100.0000000000
30728 -99.0000000000
30765 -98.0000000000
30812 -97.0000000000
30884 -96.0000000000
30945 -95.0000000000
31003 -94.0000000000
31121 -93.0000000000
31178 -92.0000000000
31183 -91.0000000000
31251 -90.0000000000
31304 -89.0000000000
31345 -88.0000000000
31422 -87.0000000000
31461 -86.0000000000
31519 -84.0000000000
31595 -83.0000000000
31682 -82.0000000000
31699 -81.0000000000
31801 -80.0000000000
31836 -79.0000000000
31904 -78.0000000000
31965 -77.0000000000
32024 -76.0000000000
32053 -75.0000000000
32104 -73.0000000000
32183 -72.0000000000
32317 -71.0000000000
32399 -70.0000000000
32446 -69.0000000000
32528 -68.0000000000
32597 -67.0000000000
32621 -66.0000000000
32678 -65.0000000000
32698 -64.0000000000
32759 -63.0000000000
32791 -62.0000000000
32881 -61.0000000000
32940 -60.0000000000
32984 -59.0000000000
33074 -58.0000000000
33131 -57.0000000000
33190 -56.0000000000
33218 -55.0000000000
33287 -54.0000000000
33342 -53.0000000000
33399 -52.0000000000
33408 -51.0000000000
33449 -50.0000000000
33472 -49.0000000000
33508 -48.0000000000
33556 -47.0000000000
33557 -46.0000000000
33629 -45.0000000000
33642 -43.0000000000
33722 -42.0000000000
33768 -41.0000000000
33785 -40.0000000000
33869 -39.0000000000
33956 -38.0000000000
34102 -37.0000000000
34180 -36.0000000000
34206 -35.0000000000
34268 -34.0000000000
34382 -33.0000000000
34437 -32.0000000000
34476 -30.0000000000
34570 -29.0000000000
34660 -27.0000000000
34756 -26.0000000000
34765 -25.0000000000
34904 -24.0000000000
35029 -23.0000000000
35134 -22.0000000000
35144 -21.0000000000
35217 -20.0000000000
35515 -19.0000000000
36063 -18.0000000000
36312 -17.0000000000
36397 -16.0000000000
36518 -15.0000000000
36669 -14.0000000000
36781 -13.0000000000
36933 -12.0000000000
36987 -11.0000000000
37018 -10.0000000000
37120 -9.0000000000
37188 -8.0000000000
37445 -7.0000000000
37548 -6.0000000000
37651 -5.0000000000
37744 -4.0000000000
37863 -3.0000000000
37934 -2.0000000000
38105 -1.0000000000
38184 615.7200000000
38208 632.6100000000
38247 643.4300000000
38295 644.6000000000
38620 645.9000000000
39225 653.2800000000
39263 656.3100000000
48448 664.5500000000
57093 720.6100000000
57125 731.2100000000
57179 732.3500000000
57185 737.3800000000
57259 741.6400000000
57260 748.9200000000
57549 753.5100000000
57604 765.5600000000
64009 768.4000000000
69279 776.0400000000
84802 803.8900000000
84863 813.9800000000
84909 819.3700000000
84918 821.2300000000
84923 825.2700000000
84995 826.7700000000
85119 841.6900000000
86572 841.8400000000
86887 847.5100000000
86901 849.9600000000
87000 851.5500000000
87004 859.8500000000
87044 866.9300000000
87911 867.3900000000
88190 867.4400000000
88231 869.5400000000
88308 874.3000000000
89380 875.3600000000
89664 882.0300000000
91205 882.8400000000
91516 893.2600000000
92388 909.3400000000
100000 843.3800000000
