evaluations raw_y
1 704203.2843281486
24 708057.8941872678
25 712541.9276620222
44 717203.6912188363
53 723099.8524617887
61 723170.1954200222
62 728648.7723919629
81 729490.5519489972
82 747624.6950323237
109 748038.6357445340
113 749116.3788602628
137 749163.7213913022
141 750987.7359549111
159 752173.2624513480
166 761540.7945430654
194 764503.3874893440
207 770198.9073273446
223 778290.3751161982
244 780773.1186806073
261 782218.0523623587
268 784994.1278559071
281 785204.1508817917
283 785928.1240029241
288 785972.5399411680
304 786786.3479707019
305 789504.2166160436
319 789516.1187121579
321 789946.7568066177
326 791331.6755115517
330 794804.6514131282
342 796186.6577298538
349 796540.4127464585
371 797599.9273203969
374 797659.8353518904
384 797909.1070186947
386 798544.0471413762
387 799168.7239765807
388 802416.6448732115
403 805582.2355924192
422 807194.3619929256
435 807212.9023080742
441 807344.3503419071
442 807938.7306906427
446 808540.7105853829
449 809009.6358998275
450 812431.9548487953
487 813100.7730113517
503 813701.9279900240
516 813874.8166928706
518 814046.9883709883
527 815411.4778196256
540 816216.9618120566
541 816758.8873238360
548 817711.9672535495
584 817854.0472951151
585 821501.8818212810
618 821680.7022441656
628 823885.1314120797
667 824245.6400287343
672 825234.1050002255
683 825280.2261884396
696 826211.8605527056
708 826279.4445735071
713 826822.7237904200
719 827038.5121290094
727 828015.4390679923
741 828277.2502609325
750 829315.2532939650
767 829739.3715905104
784 830164.3777504422
804 830255.2430575158
815 831055.3110792333
823 831253.7377716970
831 832727.3897468837
841 832906.6738178985
848 832947.0504287668
861 833138.7947973429
867 833379.2264366074
878 834325.3161072554
883 835523.4441560968
889 835740.7135467920
905 837579.9747833227
947 838187.3945119859
964 838777.4163519122
968 839437.2105958922
992 840009.1093927632
1001 841062.0154817937
1002 841635.1799804724
1013 841968.6054816273
1017 842191.2630363413
1025 842842.8358226502
1026 844609.0000286570
1043 845156.2885586108
1066 845241.4731303720
1070 845441.2280204054
1071 845467.6097838925
1075 845471.1604554306
1082 845568.4953212918
1083 845791.8191538359
1087 845826.2844157345
1093 846845.4422451843
1097 847359.1634776621
1108 848003.7204083813
1143 850122.1549076926
1162 850347.4458661810
1182 851243.3856510334
1185 851529.3650148422
1186 853282.4506082698
1204 853900.0180240106
1230 854235.7404359995
1243 856439.1845437787
1276 858426.7458121770
1302 859109.2471961526
1310 860169.1835440007
1321 860732.3254535563
1328 860811.8427317212
1333 860907.0375884562
1352 861257.2447198393
1359 862594.1680976333
1362 862723.0461696329
1384 863333.1133386230
1392 863833.3590696533
1407 865372.3999536125
1441 865961.7359783719
1442 866999.2858879076
1444 867491.1377245042
1469 868044.7042277835
1488 869343.0432971389
1494 869670.8869511078
1515 872288.1862717503
1547 873313.3786053358
1564 873704.3690861826
1581 873726.2337736891
1589 873777.6681586249
1596 874219.8312878712
1597 874294.9114937086
1621 874924.4023238396
1626 875246.8639572706
1645 875967.6338283113
1646 876179.4016409534
1662 876717.3081222915
1666 878502.0616961475
1703 878558.8647540102
1705 878614.8362283867
1709 879213.8770512504
1722 881791.5961453860
1784 882308.0976737605
1804 883555.1492379790
1818 883841.3444270416
1827 884546.7489615076
1842 884827.0676750850
1850 885545.6102343341
1862 885654.6321219723
1866 886274.6163114246
1878 886433.9458342323
1896 886652.3898734413
1904 887188.2137855673
1917 887394.5015204350
1921 887716.5010147401
1927 888166.6327881991
1935 888303.8044812916
1936 889178.6265698763
1942 889312.2419435726
1962 889939.3674105497
1963 890455.9649010742
1966 890735.5060122636
1989 890797.4706066168
1992 890844.1287392392
1994 891370.1595819021
2013 891457.6078038629
2018 891654.0652025694
2032 892307.9674433602
2040 892759.2359991797
2044 893034.9824885796
2053 893113.9180330985
2058 893541.8689227309
2064 894215.6973543396
2083 894277.9335038379
2084 894466.4725147722
2086 895285.5608733352
2089 895478.2996639310
2090 896060.8212796156
2106 896521.5521223494
2114 896640.7141018400
2120 896733.3444406375
2121 897248.1189791909
2130 899065.1261778970
2141 899448.0013605596
2150 899629.8304736917
2165 900024.1647309260
2182 900693.2931748286
2189 901070.5338703200
2211 901860.2095666989
2238 902540.7354737789
2241 902691.6672125270
2248 904258.8093953138
2273 904862.2881276940
2291 905646.6128176606
2303 906919.4780244130
2314 906977.3955958332
2331 907325.6118022251
2334 908905.3608281938
2347 909252.2520476585
2351 909965.9088331781
2368 910453.3140734641
2382 911833.7985833321
2405 914158.7016877388
2432 914376.9056036372
2441 915852.2460146653
2463 916238.5996362878
2486 916724.4052456237
2493 916991.0141824030
2503 918484.5392695344
2521 918591.9154515190
2530 919431.3776285892
2549 919474.4051664062
2559 919980.2039520451
2568 921120.2598182375
2575 921548.0759370922
2593 921583.0721645711
2606 921613.8928728275
2607 922738.1704455817
2621 922787.4861964665
2623 924094.5842799720
2646 925759.8644342165
2669 926035.4599000338
2683 926209.3853236641
2688 926239.9771385277
2692 926894.2554175158
2706 927096.1855518747
2707 927416.8657359761
2725 928766.1215071868
2743 929068.5233019675
2749 929176.6525645321
2750 929916.6121354117
2764 929954.4485364700
2766 929965.4321116306
2785 930771.6439116066
2805 931064.4179847450
2811 931351.2823285910
2824 932644.5094243793
2853 933402.9061331721
2883 934432.8773560354
2943 934571.5517474568
2945 934981.3338223367
2962 936829.9928819024
3008 937072.7453544642
3023 938095.5703113290
3047 938986.8842245149
3056 939320.7050226760
3066 939510.6447450093
3070 939598.1807487352
3079 940373.8015372073
3094 941851.8618458869
3107 942213.3057364165
3110 942246.8427338782
3133 942797.4882379934
3143 943880.1826354696
3167 945046.9757961880
3184 945559.1498635253
3215 946555.7096382364
3236 947468.7212750001
3241 947776.9253051828
3243 948234.8931724231
3253 948963.4103982080
3282 949053.7450589887
3283 949394.3942088546
3302 950178.4972325470
3312 950454.2375742766
3329 951055.5355635219
3355 951179.0172492702
3376 951330.1963977279
3381 951368.3145842495
3384 953714.4235114106
3405 954575.7801253770
3414 954589.1640723206
3439 955137.2691187833
3446 955295.1076150220
3465 955472.3088661443
3468 955732.4186477595
3474 956137.6198398954
3498 956141.2538003894
3501 956431.9123685829
3508 956631.0139799315
3525 957334.9550233253
3534 957765.3172734020
3544 958154.6688890943
3570 958901.4943257568
3583 958959.6498057934
3591 961263.2309274884
3630 961681.2663532493
3643 962352.6581353284
3648 962534.4386981271
3651 963219.8175331586
3664 963221.3455194780
3674 963481.6701375258
3684 963720.9359412520
3693 964718.5352085691
3701 965053.3822551063
3719 966487.0389309505
3745 967527.6067874917
3763 967591.0862632097
3768 968521.1280327127
3792 969052.7101720152
3793 969696.7523379353
3807 970365.4575966852
3813 972204.2935304578
3842 972547.5389503358
3866 973447.1129537165
3882 973489.3263416737
3905 973509.9078966160
3919 974384.0634144701
3925 974549.3838591438
3927 974595.2267101654
3929 974977.2732589004
3937 975541.9917039737
3955 975629.1281811617
3963 975750.8430230259
3965 977031.3469689800
4002 977095.3082215696
4015 977371.1467393007
4021 977479.1408873285
4025 977852.5525904280
4042 978722.4266970403
4057 978834.1319399786
4061 979128.1383376583
4069 979949.4584940745
4082 980496.6292058153
4097 981052.0923950417
4102 981494.6053366539
4132 982811.0049154741
4141 983074.2099496733
4145 983637.6740177675
4178 983766.7984411947
4185 984154.9011352883
4193 984591.5383069505
4207 985165.1175552370
4220 986025.8412524190
4223 986465.0004411272
4241 986500.6840938940
4252 986541.8362023915
4269 986619.3706699819
4270 986697.6426505907
4278 988104.6827654982
4283 988159.1479592997
4303 988397.5612813084
4317 988692.7302246983
4318 989328.8285227674
4323 989586.5411144329
4345 990950.8159275509
4361 991163.6990834902
4371 992270.8469904723
4384 992282.8609770302
4400 992768.9603496226
4417 992858.0262053390
4419 994615.9955562886
4453 996256.9293389641
4467 996461.2082284994
4502 996503.8996265585
4510 997386.9475528251
4528 998059.1650841094
4546 998481.3885719121
4550 998995.9940212029
4560 1000014.5093194187
4564 1000369.9956204457
4588 1000482.4844243464
4596 1000711.0018305603
4607 1002523.7542294423
4624 1002875.7346198374
4645 1002920.7344556502
4649 1003927.0630694892
4670 1003951.4424482095
4684 1004909.5059823581
4695 1004936.9169628703
4704 1004980.3207425555
4707 1005330.9379293587
4720 1006112.5116120736
4722 1006395.2635134659
4723 1006405.6861682140
4730 1007277.7111235944
4742 1007890.7458847002
4786 1008936.7278394445
4801 1009218.7927370104
4810 1009301.2610234200
4817 1010148.8694164952
4829 1011036.9312721505
4863 1011101.8246938636
4875 1011844.1029506181
4903 1011850.6962818871
4906 1012316.2445704794
4915 1013093.6054156730
4934 1013349.3911851246
4955 1014156.5709833009
4972 1014735.5088339718
4982 1014850.5023230964
4996 1015131.8416481517
5002 1015663.9258094874
5008 1015913.4235035598
5011 1016749.2819117182
5049 1017386.5767230641
5056 1017456.2894675834
5062 1018164.7026000045
5069 1018530.0979148609
5083 1018937.3559582545
5088 1019089.6055829673
5098 1019500.2621406903
5102 1019702.5646769757
5117 1020162.1287523964
5122 1020680.8888134295
5131 1021712.2614462122
5151 1021898.0250011847
5158 1021909.8088778440
5162 1022757.8948787965
5175 1022868.9013596480
5178 1022907.9061784331
5182 1023036.9504858101
5183 1023174.3835346072
5188 1023664.1206573127
5201 1024269.8848830346
5223 1024845.3477644722
5243 1025026.7420553104
5248 1025143.8790419991
5249 1026481.8948413444
5266 1026719.4740889206
5281 1027694.3345357390
5311 1028773.9427207425
5326 1029783.5416090445
5361 1030212.0171470045
5365 1030321.7332125149
5389 1030845.4704163867
5423 1031458.9787906822
5442 1033097.7057436057
5464 1033270.3243871789
5507 1034101.7716560340
5544 1034211.3221520522
5545 1034535.5330141125
5547 1034777.3952134834
5557 1035282.1209190410
5563 1036256.2119755347
5582 1036347.1902355460
5585 1036383.1133674037
5603 1036771.5823862007
5625 1037147.6092218319
5641 1037238.5361194699
5671 1037627.0039719131
5683 1037756.9720349787
5687 1037927.3039380844
5718 1038044.0397804668
5727 1038406.7657574373
5745 1038644.4312074293
5757 1039033.2850385928
5764 1041320.8809735408
5835 1041392.3517084065
5841 1041580.8432671919
5847 1041862.1666291791
5850 1042382.2441327209
5865 1042794.1548151319
5867 1042886.8724521883
5873 1043199.6708092951
5881 1044440.9697480804
5894 1044706.6953521140
5908 1045241.2551167073
5931 1045396.4071297096
5942 1045822.6710573301
5961 1045834.2857621554
5962 1046364.3179745807
5967 1046615.2472466228
5973 1046944.3575099555
5985 1046995.6279737797
5988 1048417.2057911000
6012 1048505.4198496534
6016 1048520.6817794798
6024 1049473.1054826856
6042 1049719.5505908837
6071 1049876.6054512446
6081 1050199.6109869978
6102 1050667.9677702291
6139 1050955.3983022398
6152 1051851.2132395254
6167 1052081.6910098139
6202 1052106.2356337181
6205 1052429.2562635893
6212 1052807.4869620227
6226 1053756.6101065432
6265 1054204.3484063398
6278 1054318.8878910425
6281 1054600.9690487077
6282 1054988.6043263755
6290 1055477.1818134843
6318 1055712.8096123319
6322 1055973.3052022411
6339 1056289.7355913569
6343 1056967.3055817683
6355 1057406.5457415085
6367 1057904.4886930380
6381 1058151.7503714177
6382 1058542.8533350343
6406 1060119.3592617854
6423 1060539.0664993385
6442 1060674.9160514548
6443 1060823.3337311260
6460 1060886.3167983913
6464 1061052.6214610317
6473 1061110.3262048028
6484 1061184.4590552596
6495 1061884.1309367572
6500 1062512.2638252280
6523 1062748.5418395749
6531 1062920.4841180453
6548 1062965.4227121749
6551 1063476.2701515602
6557 1064101.6079144131
6578 1064405.2679751432
6619 1064475.8662465406
6620 1065049.2901879139
6642 1066470.9352249082
6667 1066692.0402305000
6676 1066852.7435988511
6699 1066912.2735245263
6707 1067394.5677229830
6708 1067581.1577940958
6713 1067682.9541461274
6726 1068286.6394724092
6757 1068480.8971940856
6758 1070203.3469993267
6775 1070609.0276468850
6802 1071016.7305728733
6804 1071384.2410543086
6810 1071463.2464704725
6821 1071979.3773680830
6848 1072566.7877992715
6881 1073721.9211263764
6913 1074289.4161895930
6923 1075308.8001130417
6951 1075318.4236363936
6967 1075887.5544053607
6971 1075982.3560493193
6979 1076158.7881421314
6989 1077121.0495867874
7003 1077621.9311896660
7026 1077922.5930487984
7045 1078008.5805545705
7059 1078167.2887092892
7063 1078217.2131120889
7065 1078223.3157960391
7081 1078528.8952196992
7101 1078802.8618248999
7103 1079434.6292893756
7122 1080093.0536972429
7141 1080249.0987224043
7154 1080266.6154156502
7161 1081002.7511701356
7162 1081898.4814112075
7195 1082194.4408172378
7201 1082829.3030445138
7209 1083125.4099617309
7227 1083639.8299883192
7234 1083800.6617137983
7237 1083821.4903190944
7244 1084947.3048603612
7266 1085349.0435704279
7268 1085878.2616567158
7285 1086527.3278090577
7306 1086814.6042967374
7321 1086978.6824150505
7323 1087019.2846066423
7327 1087348.8567816829
7345 1087559.8561832446
7364 1088443.5782867651
7367 1088738.1646348480
7389 1088757.6952228062
7409 1089047.5821645753
7410 1089919.5514070615
7459 1090379.0524815870
7465 1091503.3823159283
7503 1092780.7908769229
7533 1093093.5866065701
7541 1093912.3827999413
7547 1094218.9760506195
7565 1095168.7124498503
7606 1095227.2623096057
7615 1095238.2829605355
7619 1095525.4797474849
7629 1095655.5214439952
7635 1095716.0547279052
7637 1096089.7525966282
7646 1096638.9675321514
7674 1096828.8665076941
7683 1096986.1563536541
7700 1097055.9841219173
7701 1097891.4869033319
7710 1098015.2800157091
7731 1098855.3719170645
7743 1099191.9587204719
7750 1099413.8043090980
7759 1100788.7981943986
7780 1100978.7322311166
7788 1100980.3592497050
7800 1102693.9684284339
7824 1102741.5961333148
7836 1103334.3666162870
7853 1103530.1269322452
7869 1104182.0841618294
7882 1104350.1394276787
7890 1104611.2781337914
7916 1105024.8995085633
7928 1105497.1379287767
7961 1105950.6578650014
7963 1106408.1371744242
8008 1106449.2599581042
8009 1107444.0493112465
8039 1107594.1617772414
8056 1107635.9021562517
8068 1107834.3298659136
8072 1108010.7768448687
8079 1108866.5515236263
8095 1109017.9682718797
8096 1109194.9834932454
8105 1109848.1551156873
8122 1111623.7872522732
8161 1111962.8877182927
8189 1112233.4898410167
8203 1112269.6223840113
8208 1112439.8909176155
8211 1113045.7485892356
8221 1113396.5892160030
8241 1113474.8006136448
8243 1114306.9623218083
8273 1114429.7524083464
8275 1114595.2843515999
8301 1114704.1785702810
8316 1114780.5093774160
8317 1117125.3073776630
8363 1117913.0319312396
8381 1118725.5288381591
8384 1119102.3846145750
8410 1119471.5903056995
8435 1119674.1796694314
8448 1119804.7610986750
8451 1120057.4256755442
8472 1120399.3410353032
8480 1120436.7993891297
8483 1120698.4242205538
8490 1120940.4511100973
8497 1121361.6816215261
8525 1121758.3830267747
8545 1122475.5544126113
8566 1122780.0806709826
8589 1122886.0347623061
8593 1123442.2654495905
8606 1123578.4248934069
8617 1123820.6940588763
8634 1124145.0644306149
8639 1124657.2739969606
8648 1125625.5251271084
8678 1126918.0009325792
8683 1127259.3455794938
8714 1127302.0377025551
8717 1127637.0874983789
8746 1127994.7552336473
8760 1128169.2737104499
8768 1129600.5027029768
8791 1129734.2325125982
8803 1130046.4426820581
8820 1131233.6034520867
8841 1132443.8789035291
8869 1132560.9854519053
8875 1132843.0569315234
8884 1133323.5659579348
8908 1133709.6520952657
8925 1134231.4163610633
8930 1134886.5342242953
8947 1135403.3745875587
8959 1136822.9958645320
8964 1136945.5898249992
8981 1138017.3414438420
9001 1138678.8809110078
9002 1138790.9156635085
9029 1139399.5289236505
9059 1139848.9311019941
9081 1139880.6259498394
9092 1139916.2948118991
9095 1139951.2951967155
9101 1140177.8950954073
9107 1140366.8067932171
9114 1141460.9004202266
9137 1142507.2714120373
9147 1143291.0353210613
9161 1143906.8201869426
9169 1144103.3761671262
9181 1144311.7504411279
9200 1145219.0637438919
9250 1145447.6221425419
9256 1146367.5849074919
9271 1146441.1727228968
9273 1147258.0519080958
9320 1147566.5473977444
9343 1147576.0043473272
9346 1147786.8014194090
9349 1147788.3159578741
9359 1147823.0476173603
9363 1147842.3824302477
9366 1148141.4441653057
9382 1148663.7251990046
9404 1148689.8935380767
9422 1149806.6004357766
9443 1150188.8531685243
9466 1150537.2146087855
9482 1151007.0639708235
9522 1151013.6254389144
9531 1151071.2605729464
9537 1151073.3574349910
9541 1151141.1316888463
9542 1151911.3195533196
9566 1152071.0462444110
9571 1152206.8049229989
9573 1153070.1399114658
9590 1153525.1584680418
9602 1153637.1446446558
9611 1153763.5603265802
9624 1155030.2808431124
9642 1155358.5411092914
9645 1155661.2866572565
9667 1155692.1399293740
9671 1156116.4751462888
9683 1156373.5986870117
9710 1156501.2033925771
9716 1156534.2633731947
9730 1157500.2546716738
9761 1158137.6364756259
9767 1158510.9489327734
9773 1158551.5376041874
9801 1158668.0895980694
9815 1158856.4333560455
9825 1159077.5514749114
9828 1160396.7345547720
9866 1160418.8373014333
9878 1160899.2497384069
9887 1161120.7746148212
9902 1161298.0515733243
9905 1161623.2728650903
9921 1161627.7957813700
9924 1161916.9385679481
9931 1161949.4668719564
9949 1162125.8825811076
9961 1163580.1786976813
10016 1164405.7997577386
10030 1165144.0944825110
10063 1165277.5908358961
10064 1165622.0749116298
10077 1165816.3670501064
10091 1165951.4515432885
10095 1166106.5171325284
10105 1166211.1169057109
10106 1166857.5100118453
10155 1168172.7341440199
10194 1168620.8296116395
10201 1168624.7339319719
10210 1168792.5427906183
10221 1169930.6332969882
10267 1170605.2054654586
10282 1170741.6175777027
10301 1170975.2605961754
10310 1171275.2461178557
10333 1171585.3517885823
10342 1171960.7762521079
10348 1172357.6689370994
10361 1172580.2438094534
10369 1173119.1961654050
10391 1173759.3177762427
10403 1173834.0429744539
10413 1173977.0836621716
10421 1174097.6559686346
10441 1174497.3019238983
10447 1174965.8835322852
10465 1175029.2212178428
10478 1175280.9236865025
10489 1175828.2492310386
10504 1176035.6812677437
10514 1176972.4979673203
10541 1177167.2377242604
10563 1177224.0606635939
10566 1177256.9304823435
10571 1177413.1434107500
10584 1177413.4828457059
10619 1178014.3796882706
10628 1178427.7981027348
10644 1178557.2403526674
10645 1179537.8078312450
10707 1180045.9580582941
10733 1180212.5334215818
10759 1181151.6808779477
10799 1181564.0900774172
10810 1181948.9360991854
10813 1182094.7330705163
10840 1182209.4463169179
10842 1182212.9277209572
10846 1182479.5756693147
10866 1182622.2535097133
10867 1183032.3002130312
10869 1183193.6658074108
10904 1183823.8210830032
10913 1183919.0719874972
10923 1184354.4011922483
10928 1184370.6609689808
10929 1184768.4830070334
10956 1185472.4970718443
10960 1185854.5299257420
10984 1186549.5558748427
11024 1186713.3647457017
11043 1186834.8607217616
11059 1187025.3587117691
11076 1187188.0561876430
11088 1187204.5664418142
11103 1188436.9315548942
11151 1189028.8180032589
11161 1190048.8164620390
11242 1190350.5654080156
11261 1191349.1325111429
11283 1191466.8991250757
11291 1191657.2330172139
11304 1191677.9070589237
11315 1191835.5521835221
11322 1192147.2261686039
11327 1192586.5799290976
11355 1193649.5834660295
11390 1193760.2441909623
11399 1193888.1684737802
11404 1194311.2103066344
11425 1194804.7807646473
11445 1194946.2230483606
11454 1195353.4134950289
11499 1195494.1534803493
11515 1195615.6272538574
11526 1195833.9811162201
11541 1196157.5416179437
11561 1196291.6359716037
11585 1196510.7690920753
11602 1196965.2706082156
11611 1197460.5109796422
11636 1197682.1556542818
11654 1197813.0144690832
11687 1198050.4312691246
11701 1198201.0549734279
11709 1198257.0415467413
11730 1198867.3658052504
11760 1198984.6763422536
11777 1199026.5130757724
11787 1199488.2678927332
11794 1200053.9465443087
11809 1200064.4313958394
11823 1200364.1140025002
11856 1200494.6582285210
11877 1200722.2172330937
11881 1200885.8199233119
11915 1200980.8960456618
11920 1201167.6137660234
11933 1201650.1469061994
11949 1201731.2773773766
11958 1201748.2952816361
11961 1202004.7118316211
11970 1202078.1855382186
11971 1202586.2406134163
11983 1202675.4054036012
12002 1202978.5084076901
12028 1203064.4139516836
12029 1204008.6137251544
12061 1205255.0154795854
12131 1205690.2095451928
12161 1205908.3775623431
12171 1206662.0048723910
12256 1206862.7515919020
12300 1206997.5740275795
12305 1207201.1255371659
12315 1207253.8341303265
12354 1207629.4402110314
12384 1207965.2063015813
12388 1208670.8885615035
12422 1208689.0531989075
12424 1208709.7062141423
12426 1208880.1395972604
12456 1209207.5661309147
12462 1209216.9772137974
12466 1209285.8484729805
12470 1209314.5784140821
12491 1209493.1235394431
12493 1209529.9128560561
12507 1209566.1278162780
12515 1210188.1966867305
12539 1210705.1192204012
12563 1211135.9407155663
12590 1211245.6469462996
12606 1211975.3601661900
12608 1212040.6002604247
12624 1212794.8087942796
12628 1212875.4733051490
12662 1212955.3996691057
12668 1213040.4960120572
12675 1213698.9646908855
12688 1213707.1712406911
12696 1213825.6048121613
12716 1214081.8462254717
12729 1214115.4707856979
12746 1214201.4121366777
12752 1214420.5901600111
12762 1214621.2347562884
12764 1214657.6684005647
12765 1214891.8632881790
12772 1215028.7610168466
12812 1215211.5546369599
12820 1215262.1767772955
12823 1215434.7876234376
12827 1215522.6501734527
12843 1216033.8832721221
12869 1216516.6223930465
12888 1216543.9463015862
12912 1216661.2725238679
12914 1216703.0684818039
12929 1217815.6499715557
12970 1218166.8441602592
12994 1218307.7719521297
13001 1218516.2435880420
13021 1219009.7794637121
13041 1219075.8909698692
13042 1219225.0476650589
13053 1219334.1083387889
13062 1219394.2198625957
13063 1219402.2802302947
13072 1219610.3073943390
13094 1219707.2157063021
13102 1220014.7939483256
13119 1220313.9562542345
13127 1220966.1768476302
13150 1221474.6349083111
13182 1221506.2639293487
13189 1221981.7390289067
13231 1222275.0957249084
13233 1222879.9609873083
13241 1223211.4444405455
13263 1223447.9022390097
13311 1223509.1184499620
13318 1223554.2939802138
13326 1223733.4480126919
13328 1223775.8497978149
13362 1223803.0110336414
13369 1224148.0242429515
13373 1224154.1094752324
13381 1224483.1729013892
13407 1224651.0305302851
13410 1224668.8359546023
13423 1224994.5336177421
13450 1225114.8763463562
13462 1225346.4303876339
13505 1225565.1508024717
13513 1225839.6381994416
13521 1226128.5134830121
13556 1226161.3094524192
13561 1226453.2564119634
13566 1226636.1395146165
13589 1226674.3566006138
13600 1226946.9084471157
13606 1227021.6661449603
13628 1228011.0031982623
13653 1228475.9980619608
13683 1228700.4379424020
13692 1228701.8615288909
13695 1228833.0721462984
13701 1228879.9020559092
13703 1229016.2790532908
13722 1229164.6333581689
13742 1229484.9699555167
13743 1230007.8149096146
13774 1230416.8174031903
13803 1230696.7596412480
13822 1230882.6716141759
13847 1231041.0019606077
13908 1231119.6288329584
13921 1232268.0713218518
13974 1232314.7232752892
13989 1232581.9687067638
14017 1232909.2009815143
14028 1233263.8080688750
14047 1233276.3939591916
14055 1233596.2499701367
14072 1234128.4624477618
14112 1234392.3535718804
14150 1234431.3759102169
14155 1234580.0406042896
14173 1234584.6049163088
14184 1234799.0555068918
14213 1234878.2343998495
14229 1235122.1696834147
14233 1235204.8096572757
14243 1235315.5437002666
14296 1235888.3138182773
14297 1236150.6491641421
14313 1236402.4552554293
14314 1236429.7060225196
14325 1236433.6739654497
14331 1236681.5118947953
14336 1236782.5818951684
14342 1236786.5737966970
14352 1237065.6000369960
14368 1237237.9052697313
14405 1237590.7725265021
14432 1237688.0777477943
14442 1237707.9795257109
14443 1237947.3012193313
14461 1238055.2514029148
14476 1238061.3055802081
14500 1238127.3069944510
14518 1238177.2420322134
14520 1238301.4951184185
14530 1238421.2807032913
14548 1238490.2632232357
14552 1239254.0831950239
14574 1239661.9111118997
14602 1239886.0142106209
14608 1239983.2547557103
14620 1240316.1661765520
14630 1240413.4083324727
14632 1240709.7330631120
14634 1240723.9903091106
14670 1240915.9345902964
14674 1241003.1236614473
14675 1241078.5502915534
14705 1241658.4381275708
14731 1241840.3155352101
14737 1241987.2383524361
14745 1242850.1794795431
14786 1243015.1122175835
14789 1243257.9946593111
14831 1243474.8713576542
14839 1243651.1120119435
14844 1244035.0506631380
14864 1244452.8200827357
14908 1244600.2049539315
14911 1244651.7315271478
14918 1244749.0351600614
14919 1245578.0484458953
14952 1246584.2234978790
14970 1248112.0268225747
15015 1248379.7853888606
15019 1248519.9910304702
15023 1248728.4116996953
15044 1249636.9437603722
15085 1249883.5283906101
15101 1250072.8768121365
15103 1250583.2638131399
15146 1250651.7430252566
15155 1250681.0103200795
15168 1251872.1345287485
15190 1251901.3611411371
15208 1252305.5183967077
15223 1252680.6883587181
15234 1252709.8723762182
15243 1252845.9418203947
15255 1253019.4099149564
15267 1253098.2877306496
15275 1253198.8273672629
15289 1253861.7933256596
15321 1254108.8625389419
15322 1254605.0434739015
15361 1255054.7735755197
15399 1255154.4191441266
15413 1255459.6145671688
15424 1255503.2132639608
15441 1255700.6590608896
15442 1256094.0920239903
15458 1256358.4473266846
15462 1256408.1625665736
15485 1256678.3607206026
15513 1257538.7926568892
15545 1258099.0952987212
15581 1258537.1759472098
15605 1258686.0038910303
15613 1258706.2825910153
15636 1258965.1270038385
15659 1259176.5663434956
15664 1259204.2795746000
15671 1259295.1752093518
15702 1259327.0009434873
15709 1259347.1108812932
15748 1259407.8182350388
15752 1259708.3947540196
15786 1259869.9848926384
15800 1259958.0461561631
15805 1260146.3193132991
15820 1260177.8963637657
15823 1260516.0727724552
15845 1260777.9774156183
15849 1260985.5221923285
15880 1261435.9323831995
15890 1261775.2508461406
15957 1261805.7683312343
15965 1261841.4230003546
15982 1262145.0781947561
16030 1262374.2623957205
16046 1262968.0578556727
16080 1263169.7427250745
16081 1263397.5079030078
16117 1263486.7348875261
16131 1263711.0073917818
16134 1263992.7221551398
16142 1264550.4068530267
16212 1264843.9790889332
16214 1264868.2767499397
16230 1265464.3558018948
16247 1265573.0133762250
16263 1265857.1203056781
16285 1266094.5390796822
16306 1266104.4727454432
16318 1267124.5794085490
16339 1267164.3723231708
16345 1267233.0534824929
16350 1267251.2080811656
16353 1267289.5733248019
16364 1268164.9379199757
16417 1268181.2790435264
16418 1268193.9225237486
16422 1268217.8907735739
16426 1268744.1654648669
16437 1269287.6440373142
16451 1269452.6216557117
16462 1270138.2758174688
16485 1270219.5292831431
16501 1270578.4820571460
16504 1271028.2374283257
16536 1271266.6472601509
16591 1271283.4695378128
16606 1272002.0503013169
16657 1272068.2537332620
16662 1272165.2361592322
16689 1272379.3243924140
16694 1272449.3181360620
16708 1272607.6617341666
16724 1272614.2362040211
16733 1272900.5085081409
16756 1273045.2051225440
16762 1273077.3151642524
16773 1273364.6371100927
16790 1273697.1745844807
16801 1273970.8840489006
16802 1274077.1834604924
16823 1274528.8878852811
16845 1274666.2679364479
16857 1275171.9783166186
16886 1275376.1218637493
16891 1275396.3236184400
16892 1275756.7894633159
16904 1275946.9588428694
16954 1276060.9995758075
16961 1276138.7315100946
16973 1276257.1434660067
16981 1276564.0907606317
16987 1276651.6901709200
16990 1276687.2772868627
17007 1276911.9224103075
17040 1276993.7032340297
17053 1277180.3032653665
17063 1277297.3613389721
17095 1277441.9572761736
17101 1277529.5921946419
17138 1277875.6267194592
17154 1277975.1475583003
17161 1278264.2252877739
17209 1278408.8052414097
17227 1278658.6278017184
17234 1278843.6153344563
17247 1279036.6332678171
17254 1279125.5171000303
17280 1279224.6378368656
17288 1279513.7267984697
17294 1279649.6927983963
17340 1279770.7073247645
17349 1280214.7449119538
17362 1280352.0144137556
17378 1280620.9951582565
17426 1280797.6505030105
17434 1280855.2058929014
17447 1281261.3423566753
17452 1281543.2927990472
17465 1281623.6538116124
17482 1281719.2236603510
17491 1282006.8842320396
17514 1282286.1322555144
17550 1282325.6799018797
17568 1282910.3330499798
17608 1283041.2436754904
17638 1283235.8491929101
17641 1283258.3186552457
17646 1283327.2356924596
17663 1283497.3139733851
17683 1283538.7699669334
17685 1283663.0413761705
17711 1283786.6806084854
17717 1283997.5389071372
17733 1284132.6188777040
17742 1284374.9113822973
17789 1284454.5431969115
17790 1285095.6587648811
17842 1285208.8655992625
17844 1285401.0996493103
17890 1285486.7550778296
17900 1285598.3127885871
17928 1285938.4671012152
17946 1286354.3874160731
17962 1286573.2417776266
18003 1287083.9694256531
18020 1287479.5737219176
18035 1287513.4561227176
18049 1288388.9613608646
18065 1288734.2094032897
18100 1289053.6931319528
18122 1289209.8763485546
18143 1289638.1509550193
18164 1289753.6539845190
18198 1289885.5879283799
18212 1289937.5705897759
18217 1290007.7095929813
18227 1290415.3024914684
18264 1290512.4057529073
18270 1290779.8326987270
18271 1290872.0705019624
18293 1291044.8941263219
18309 1291644.1506317048
18321 1291855.3677666979
18333 1291943.2679316390
18344 1292227.0864340542
18366 1292335.2516342057
18379 1292357.0195197854
18388 1292785.0620081001
18409 1293080.0197983950
18421 1293192.2982508102
18443 1293198.0708279128
18456 1293310.3543692997
18477 1293383.6063909568
18482 1293501.6831923455
18516 1293512.3562750623
18535 1293611.4447518974
18542 1293626.7046535083
18550 1293729.4544307981
18571 1293945.6628800328
18604 1294597.1333044528
18624 1295032.2605822356
18689 1295244.2380413648
18731 1295307.9675432711
18732 1295690.9533154115
18759 1296044.0128118536
18793 1296107.7415447794
18795 1296279.4362282802
18817 1296303.2118016523
18824 1296366.9183510840
18830 1296530.7520748163
18866 1296666.7046157508
18871 1296926.8535955548
18927 1297062.7684683709
18968 1297449.4376325118
18992 1297573.7527935870
19001 1297585.2414021504
19016 1297707.5220406621
19052 1297910.5214653020
19062 1298025.8575214508
19073 1298304.1187406001
19081 1298677.4056192595
19082 1299152.4389086526
19110 1299534.6676050222
19124 1299575.9146507333
19127 1299754.4420394879
19165 1300473.7994602362
19187 1300701.3791387554
19211 1301175.9254444304
19237 1301388.5091074086
19244 1301866.9727461115
19264 1302088.8689839162
19298 1302135.3215874636
19313 1302218.0716375941
19317 1302323.6227324281
19324 1302357.2216247339
19328 1302473.9910303240
19352 1302504.8628012878
19358 1302891.9898110649
19361 1303397.3364645932
19382 1303548.3700826266
19398 1303643.3863140480
19404 1303945.3024804252
19406 1304002.0837417017
19409 1304092.0511485394
19446 1304381.0100331588
19450 1305169.9477628258
19479 1305237.2800725896
19513 1305443.1726215314
19523 1305800.7296835133
19563 1306694.6156291303
19645 1306938.1834367993
19686 1307343.3441791504
19708 1307436.3798944226
19719 1307460.0149681522
19721 1307467.1790733747
19725 1307722.4203058162
19753 1307800.4136411599
19768 1308048.3637342630
19769 1308278.7925392243
19791 1308604.6584765112
19803 1309159.4253471820
19872 1309339.3415905472
19888 1309397.6375325411
19898 1309439.7551895455
19918 1309564.3044173005
19923 1309836.7492831810
19986 1309926.4815690909
19995 1309956.5070157619
19996 1310067.9317632192
20002 1310420.5577548128
20035 1310560.4448719167
20044 1310577.9005113835
20056 1310685.6272131291
20086 1310686.5200555809
20088 1310996.8773858636
20105 1311023.0724385579
20116 1311557.4359949084
20157 1311561.4192855004
20162 1311824.9212694662
20163 1312105.0207245017
20181 1312312.1187768169
20203 1312360.1243651146
20235 1312732.8970100579
20301 1312885.7078153943
20339 1312995.8426182559
20345 1313467.3108856315
20400 1313631.3767933890
20426 1313961.6595767664
20452 1314272.3523318460
20528 1314300.0817837014
20555 1314342.8256126582
20563 1314911.6863109367
20621 1314963.5144088748
20635 1314976.0618441571
20643 1315137.1814944604
20673 1315201.5548558526
20681 1315285.5826622471
20742 1315339.0731484301
20767 1315511.0198138542
20773 1315531.6675437519
20775 1315760.1350733510
20803 1316228.8482801204
20833 1316496.1215392584
20873 1316854.7078108035
20913 1317165.4964888466
20917 1317229.0341382667
20929 1317560.6803592376
20948 1317667.7143548713
20961 1318004.0667868752
20971 1318227.8516549717
21011 1318789.9025400323
21050 1319283.9207608842
21062 1319488.5919294534
21089 1320389.2861318132
21126 1320999.2091433273
21168 1321754.8722352665
21316 1321858.4094453596
21322 1321870.2283725927
21325 1321940.3267024085
21359 1322043.8204604248
21397 1322167.7574020785
21411 1322206.6516591238
21419 1323032.8917988422
21461 1323145.8810715885
21488 1323184.0502012430
21501 1323369.3007465207
21521 1323439.4595621740
21580 1323440.7789336646
21581 1323550.5818688963
21609 1324606.6871981130
21714 1324699.8951900548
21716 1325407.0791037213
21742 1326160.8719610821
21806 1326254.0283869822
21842 1326440.7518597471
21846 1326598.3597992985
21902 1326999.2453472086
21937 1327088.6189277992
21957 1327100.0897494589
21995 1327181.7683634923
22017 1327358.9198511762
22036 1327424.8426203572
22100 1327437.9125324814
22103 1327487.6243632101
22105 1327553.3924752374
22116 1327591.4021232519
22123 1327601.8096781154
22127 1327622.0431446671
22129 1327694.8649983346
22161 1327767.1737064645
22184 1327852.6273052031
22189 1328011.9542672276
22204 1328059.5848620641
22224 1328166.1756317443
22240 1328298.3932725724
22253 1328450.0879455225
22262 1328475.2838277002
22272 1328543.0788700243
22306 1329133.0396260580
22321 1329994.2969550642
22397 1330235.3318632764
22413 1330719.9018066903
22470 1330795.6977221551
22499 1330803.7179869772
22595 1330832.8055513573
22658 1330876.4864382113
22674 1331047.7226792942
22684 1331082.7798392884
22701 1331603.5952779111
22722 1331985.1876282466
22745 1332050.9563663306
22751 1332135.6639513604
22772 1332270.4783848263
22805 1332289.5932399589
22812 1332441.4642390742
22832 1332763.8526744577
22868 1332826.1869879835
22879 1332934.8244525795
22882 1333210.8582285771
22929 1333437.8607791434
22981 1333772.2427456114
23016 1333873.5752414777
23055 1333995.0477206486
23065 1334074.6210020063
23105 1334096.2498906688
23112 1334175.8077257387
23143 1334254.7804044129
23184 1334262.8106058263
23207 1334342.3649701856
23268 1334374.6788032437
23359 1334645.4648794422
23510 1335055.7526655863
23563 1335142.4889698462
23773 1335305.4568588382
23900 1335307.3724715302
23917 1335357.1415075869
23943 1335358.9815019544
23969 1335359.7295059972
23970 1335519.4001340976
23979 1335546.4876367708
23980 1335595.7768540771
24014 1335713.2747802788
24015 1335820.4584038574
24037 1335984.6388282783
24094 1335986.5684706639
24111 1336088.3481818365
24116 1336434.2563992196
24166 1336601.0462543722
24239 1337165.0754961236
24313 1337173.4271046035
24426 1337237.9255178412
24460 1337274.6300663291
24481 1337483.7848444583
24564 1337800.9441838267
24682 1338047.8023264753
25036 1338429.2566226907
25675 1338650.2834139625
25784 1338747.6812769771
25882 1339337.1328910887
26002 1339562.7885413202
26052 1339577.0543841086
26080 1339752.4805027875
26126 1339765.1290733279
26138 1340084.2924324987
26185 1340267.8292346527
26335 1340270.7504938636
26397 1340492.5875586527
26422 1340495.5215363638
26460 1340736.4568721612
26518 1340758.4848165396
26544 1340787.0095100680
26545 1340959.6534771975
26565 1340968.8300918695
26608 1341027.9247389869
26639 1341036.5173584875
26696 1341201.5995075547
26874 1341272.8520091157
26895 1341380.6735959239
26925 1341540.4469374078
26946 1341650.7774341758
27199 1341734.3210617122
27366 1341945.1445373839
27573 1342004.2396842744
27631 1342039.0634510461
27701 1342098.4863121982
27755 1342220.2550658954
27806 1342279.6644371105
27830 1342294.2753993138
27862 1342611.8877482123
27924 1342613.5350798690
28075 1342647.2892875022
28083 1342647.6435721596
28457 1342654.8827684578
28511 1342879.9316947928
28528 1342981.1410473948
28678 1342992.5992242966
28850 1343051.6970335285
28960 1343328.0317311550
29039 1343464.0858059004
29235 1343715.2939225365
29435 1343751.1623588407
29443 1343887.0092078289
29511 1344001.7120583255
29592 1344035.4703473754
29915 1344397.9807250695
30227 1344443.8541009941
30351 1344444.6756844465
30415 1344449.6270912802
30460 1344544.2211095411
30509 1344696.5248299448
30566 1344701.5594683895
30601 1345063.4931716344
30626 1345174.8529638844
30642 1345215.8183628996
30680 1345282.5061500692
30703 1345342.4036429506
30719 1345434.8169219634
30723 1345441.6184764854
30752 1345769.3729256948
30814 1345787.2374062170
30979 1345846.6327518243
31060 1346041.5715812440
31061 1346094.1759613471
31860 1346095.0407996560
31933 1346343.6128651365
32012 1346488.6335637865
32044 1346506.0829764802
32056 1346737.2156025933
32080 1346754.6798835990
32132 1347475.5666232021
32157 1347518.4090162730
32206 1347632.3947525176
32256 1347736.4865025769
32716 1347740.2884418441
32802 1347937.1860027218
33301 1348552.8575604376
33779 1348553.7584719823
34099 1348609.5055229038
34104 1348756.0570101296
34163 1348820.5345879104
34238 1348876.2758947772
34712 1348881.1607167947
34736 1349069.0729627672
34822 1349163.1440139748
35525 1349264.9533794480
35582 1349500.1256993003
35703 1349535.2896045984
35821 1349596.9570674358
36362 1349701.2659807845
36533 1349714.5562325232
37105 1349747.6855758198
37218 1349811.5216045179
37370 1350157.1289972384
37556 1350281.8684902047
37942 1350292.7203245244
37966 1350390.4638352944
38059 1350529.6506862482
38163 1350539.6073207993
38223 1350542.0447860423
38276 1350554.8542499510
39042 1350560.1252942188
39166 1350639.6986636946
39237 1350670.1321141305
39758 1351060.3385489103
40557 1351063.0818229956
40948 1351106.8671841864
41469 1351141.9010622927
41663 1351298.5056191881
42118 1351349.4991558511
42223 1351566.7869959981
42304 1351592.4670174255
42326 1351642.6479783785
42375 1351690.1478185891
43755 1351694.9714444722
43832 1351787.5884041148
43892 1351959.0000854735
43973 1351980.5003673923
44046 1352132.2748896191
44828 1352535.3774084512
45068 1352674.1398564333
46418 1352795.8651439224
47514 1352936.2781182800
47587 1353007.1153620281
47622 1353072.7717157975
47663 1353213.1913744204
48192 1353335.1267049168
48608 1353360.8018604189
49663 1353409.5375847917
49676 1353436.3982827652
49702 1353473.1815287780
49781 1353594.4678335174
49815 1353666.2033045241
49882 1353686.1538540616
50551 1353790.7658206320
50609 1353846.4178268176
51010 1353907.1103789532
52016 1353977.1387310524
52043 1354262.4032173245
52163 1354342.4285743497
52193 1354625.4290756916
52235 1354673.7369054577
52368 1354686.4938634930
52460 1354857.7713810892
52511 1354870.5248944499
53163 1354877.6438350962
53447 1354908.9507716128
53470 1355184.3603820498
53573 1355198.9852947765
53587 1355215.6774578902
53655 1355301.3482373829
54905 1355405.4106439464
54940 1355437.7715384867
55020 1355586.6862415706
55160 1355610.5712727208
55296 1355660.1014349086
55809 1355977.6904212730
58202 1355995.8362158306
58287 1356002.8374224568
58323 1356074.0377665458
58501 1356113.6388980832
58522 1356163.1538898787
58646 1356590.8212675073
59450 1356686.9953074248
59641 1356750.8464008623
62442 1356752.9483322029
63199 1356773.6719845519
63312 1356821.5161880010
64559 1356829.5132282097
65017 1356941.0070992603
65386 1357033.9107095776
66433 1357073.7437815682
67331 1357076.6732027011
67797 1357188.5700881199
68366 1357601.2476491274
68465 1357666.5911874149
69469 1357688.8612677401
70257 1357751.3835392918
70345 1357896.1157525005
70506 1358045.3188896815
71662 1358069.2316880594
71845 1358073.7453571097
71900 1358106.5078044264
71982 1358302.5208576331
72036 1358324.8267186584
72116 1358350.0157097483
72122 1358386.4477028083
72126 1358397.5146994172
72169 1358508.1989204637
72602 1358749.3157937624
79961 1358765.8743449564
85424 1358901.1919494122
85500 1359017.7758199112
86424 1359181.8757158392
86957 1359254.0413828266
86999 1359339.5497604352
87191 1359390.1825429285
88060 1359423.6276271655
89082 1359759.1164353327
89441 1359797.2900129627
90942 1359798.1976846405
91692 1359872.5702349844
93001 1359969.1249427611
97064 1360022.9595567014
97964 1360030.7947164136
100000 1359311.1623988820
