evaluations raw_y
1 -1896.0000000000
4 -1861.0000000000
36 -1852.0000000000
39 -1823.0000000000
46 -1816.0000000000
61 -1814.0000000000
64 -1793.0000000000
103 -1768.0000000000
132 -1764.0000000000
143 -1755.0000000000
145 -1732.0000000000
161 -1729.0000000000
187 -1727.0000000000
191 -1705.0000000000
225 -1698.0000000000
241 -1689.0000000000
249 -1688.0000000000
271 -1673.0000000000
303 -1668.0000000000
308 -1665.0000000000
323 -1664.0000000000
329 -1660.0000000000
344 -1656.0000000000
346 -1655.0000000000
348 -1651.0000000000
379 -1646.0000000000
399 -1645.0000000000
402 -1644.0000000000
406 -1642.0000000000
423 -1641.0000000000
429 -1636.0000000000
444 -1632.0000000000
483 -1631.0000000000
496 -1629.0000000000
509 -1627.0000000000
515 -1626.0000000000
524 -1625.0000000000
535 -1624.0000000000
555 -1623.0000000000
560 -1622.0000000000
571 -1618.0000000000
593 -1617.0000000000
606 -1615.0000000000
630 -1613.0000000000
634 -1612.0000000000
651 -1610.0000000000
666 -1609.0000000000
669 -1607.0000000000
703 -1605.0000000000
704 -1603.0000000000
735 -1602.0000000000
744 -1601.0000000000
751 -1600.0000000000
771 -1599.0000000000
781 -1598.0000000000
815 -1597.0000000000
827 -1596.0000000000
841 -1595.0000000000
851 -1594.0000000000
882 -1592.0000000000
922 -1587.0000000000
961 -1586.0000000000
981 -1585.0000000000
985 -1584.0000000000
989 -1583.0000000000
1009 -1581.0000000000
1030 -1580.0000000000
1044 -1579.0000000000
1063 -1578.0000000000
1086 -1577.0000000000
1110 -1576.0000000000
1116 -1573.0000000000
1161 -1572.0000000000
1164 -1570.0000000000
1201 -1569.0000000000
1213 -1568.0000000000
1228 -1567.0000000000
1242 -1566.0000000000
1261 -1565.0000000000
1275 -1563.0000000000
1298 -1562.0000000000
1308 -1561.0000000000
1331 -1560.0000000000
1353 -1559.0000000000
1371 -1557.0000000000
1381 -1556.0000000000
1401 -1555.0000000000
1421 -1553.0000000000
1436 -1552.0000000000
1443 -1551.0000000000
1470 -1550.0000000000
1479 -1548.0000000000
1516 -1545.0000000000
1521 -1544.0000000000
1545 -1543.0000000000
1552 -1542.0000000000
1596 -1539.0000000000
1626 -1538.0000000000
1634 -1537.0000000000
1644 -1536.0000000000
1659 -1534.0000000000
1665 -1533.0000000000
1702 -1529.0000000000
1734 -1526.0000000000
1748 -1525.0000000000
1765 -1524.0000000000
1801 -1523.0000000000
1806 -1522.0000000000
1846 -1521.0000000000
1866 -1520.0000000000
1876 -1519.0000000000
1886 -1516.0000000000
1917 -1513.0000000000
1946 -1511.0000000000
1950 -1510.0000000000
1983 -1508.0000000000
2014 -1507.0000000000
2017 -1506.0000000000
2046 -1505.0000000000
2061 -1504.0000000000
2081 -1503.0000000000
2093 -1502.0000000000
2099 -1500.0000000000
2106 -1498.0000000000
2121 -1496.0000000000
2142 -1495.0000000000
2158 -1494.0000000000
2163 -1492.0000000000
2200 -1491.0000000000
2219 -1490.0000000000
2225 -1489.0000000000
2237 -1488.0000000000
2253 -1487.0000000000
2261 -1486.0000000000
2270 -1485.0000000000
2285 -1484.0000000000
2306 -1482.0000000000
2322 -1481.0000000000
2335 -1480.0000000000
2344 -1478.0000000000
2365 -1477.0000000000
2374 -1475.0000000000
2390 -1474.0000000000
2404 -1473.0000000000
2405 -1472.0000000000
2442 -1471.0000000000
2448 -1470.0000000000
2457 -1468.0000000000
2464 -1467.0000000000
2488 -1466.0000000000
2506 -1464.0000000000
2520 -1463.0000000000
2543 -1461.0000000000
2551 -1460.0000000000
2566 -1459.0000000000
2590 -1458.0000000000
2599 -1457.0000000000
2627 -1456.0000000000
2643 -1453.0000000000
2665 -1452.0000000000
2666 -1450.0000000000
2713 -1448.0000000000
2742 -1446.0000000000
2744 -1445.0000000000
2764 -1444.0000000000
2768 -1442.0000000000
2813 -1440.0000000000
2844 -1439.0000000000
2858 -1438.0000000000
2870 -1437.0000000000
2890 -1435.0000000000
2910 -1434.0000000000
2928 -1432.0000000000
2961 -1430.0000000000
2970 -1429.0000000000
2982 -1427.0000000000
3004 -1426.0000000000
3020 -1425.0000000000
3041 -1423.0000000000
3053 -1422.0000000000
3064 -1421.0000000000
3088 -1420.0000000000
3101 -1419.0000000000
3111 -1417.0000000000
3141 -1416.0000000000
3148 -1414.0000000000
3179 -1413.0000000000
3195 -1412.0000000000
3211 -1411.0000000000
3221 -1409.0000000000
3241 -1408.0000000000
3263 -1407.0000000000
3275 -1406.0000000000
3276 -1405.0000000000
3293 -1403.0000000000
3302 -1401.0000000000
3322 -1400.0000000000
3363 -1399.0000000000
3376 -1398.0000000000
3382 -1397.0000000000
3403 -1396.0000000000
3421 -1394.0000000000
3444 -1393.0000000000
3454 -1392.0000000000
3468 -1391.0000000000
3481 -1390.0000000000
3482 -1388.0000000000
3504 -1387.0000000000
3519 -1386.0000000000
3521 -1384.0000000000
3546 -1383.0000000000
3563 -1382.0000000000
3584 -1381.0000000000
3585 -1380.0000000000
3588 -1379.0000000000
3615 -1378.0000000000
3618 -1377.0000000000
3627 -1376.0000000000
3640 -1375.0000000000
3646 -1373.0000000000
3648 -1372.0000000000
3690 -1371.0000000000
3703 -1369.0000000000
3712 -1368.0000000000
3727 -1367.0000000000
3744 -1366.0000000000
3757 -1365.0000000000
3761 -1364.0000000000
3781 -1362.0000000000
3820 -1361.0000000000
3823 -1360.0000000000
3825 -1359.0000000000
3842 -1358.0000000000
3860 -1357.0000000000
3861 -1355.0000000000
3887 -1353.0000000000
3906 -1352.0000000000
3926 -1351.0000000000
3945 -1348.0000000000
3968 -1347.0000000000
3978 -1346.0000000000
4005 -1345.0000000000
4028 -1344.0000000000
4045 -1343.0000000000
4062 -1342.0000000000
4069 -1341.0000000000
4074 -1338.0000000000
4086 -1337.0000000000
4102 -1336.0000000000
4121 -1335.0000000000
4147 -1334.0000000000
4158 -1333.0000000000
4191 -1332.0000000000
4204 -1330.0000000000
4242 -1328.0000000000
4262 -1327.0000000000
4265 -1324.0000000000
4288 -1323.0000000000
4315 -1322.0000000000
4324 -1321.0000000000
4343 -1319.0000000000
4366 -1316.0000000000
4382 -1315.0000000000
4417 -1314.0000000000
4434 -1313.0000000000
4446 -1312.0000000000
4464 -1311.0000000000
4484 -1310.0000000000
4487 -1309.0000000000
4519 -1307.0000000000
4527 -1305.0000000000
4542 -1304.0000000000
4546 -1302.0000000000
4561 -1301.0000000000
4573 -1300.0000000000
4608 -1299.0000000000
4619 -1296.0000000000
4659 -1295.0000000000
4661 -1294.0000000000
4667 -1292.0000000000
4680 -1290.0000000000
4702 -1287.0000000000
4741 -1286.0000000000
4745 -1284.0000000000
4768 -1283.0000000000
4776 -1282.0000000000
4784 -1279.0000000000
4825 -1278.0000000000
4840 -1277.0000000000
4846 -1276.0000000000
4863 -1274.0000000000
4887 -1273.0000000000
4922 -1271.0000000000
4975 -1270.0000000000
4980 -1269.0000000000
5018 -1268.0000000000
5028 -1267.0000000000
5042 -1266.0000000000
5060 -1265.0000000000
5086 -1264.0000000000
5098 -1263.0000000000
5106 -1262.0000000000
5121 -1261.0000000000
5144 -1258.0000000000
5165 -1257.0000000000
5166 -1255.0000000000
5186 -1254.0000000000
5201 -1253.0000000000
5209 -1249.0000000000
5254 -1247.0000000000
5286 -1245.0000000000
5292 -1244.0000000000
5304 -1243.0000000000
5327 -1241.0000000000
5345 -1240.0000000000
5365 -1239.0000000000
5366 -1237.0000000000
5391 -1234.0000000000
5425 -1233.0000000000
5453 -1231.0000000000
5468 -1229.0000000000
5502 -1226.0000000000
5522 -1224.0000000000
5526 -1222.0000000000
5556 -1217.0000000000
5593 -1215.0000000000
5595 -1214.0000000000
5611 -1213.0000000000
5621 -1212.0000000000
5643 -1211.0000000000
5645 -1210.0000000000
5677 -1208.0000000000
5684 -1206.0000000000
5707 -1204.0000000000
5736 -1202.0000000000
5745 -1201.0000000000
5778 -1199.0000000000
5797 -1196.0000000000
5802 -1194.0000000000
5839 -1193.0000000000
5853 -1192.0000000000
5875 -1191.0000000000
5883 -1190.0000000000
5906 -1189.0000000000
5922 -1188.0000000000
5934 -1185.0000000000
5965 -1181.0000000000
6012 -1180.0000000000
6023 -1179.0000000000
6039 -1177.0000000000
6064 -1175.0000000000
6093 -1174.0000000000
6110 -1173.0000000000
6139 -1172.0000000000
6141 -1171.0000000000
6162 -1169.0000000000
6178 -1168.0000000000
6189 -1167.0000000000
6203 -1166.0000000000
6215 -1165.0000000000
6222 -1164.0000000000
6244 -1161.0000000000
6283 -1160.0000000000
6285 -1159.0000000000
6300 -1158.0000000000
6304 -1156.0000000000
6320 -1155.0000000000
6329 -1154.0000000000
6345 -1153.0000000000
6362 -1152.0000000000
6384 -1151.0000000000
6394 -1150.0000000000
6421 -1148.0000000000
6448 -1147.0000000000
6460 -1146.0000000000
6463 -1144.0000000000
6482 -1142.0000000000
6518 -1141.0000000000
6524 -1140.0000000000
6535 -1138.0000000000
6564 -1137.0000000000
6582 -1136.0000000000
6595 -1134.0000000000
6624 -1133.0000000000
6654 -1130.0000000000
6701 -1129.0000000000
6716 -1128.0000000000
6721 -1127.0000000000
6729 -1126.0000000000
6766 -1125.0000000000
6770 -1122.0000000000
6794 -1120.0000000000
6811 -1118.0000000000
6836 -1116.0000000000
6902 -1113.0000000000
6945 -1112.0000000000
6951 -1110.0000000000
6983 -1109.0000000000
7008 -1108.0000000000
7011 -1104.0000000000
7046 -1103.0000000000
7083 -1102.0000000000
7089 -1101.0000000000
7104 -1100.0000000000
7126 -1099.0000000000
7143 -1098.0000000000
7183 -1097.0000000000
7189 -1095.0000000000
7219 -1094.0000000000
7239 -1092.0000000000
7281 -1089.0000000000
7322 -1088.0000000000
7324 -1086.0000000000
7347 -1085.0000000000
7366 -1084.0000000000
7384 -1082.0000000000
7385 -1080.0000000000
7426 -1079.0000000000
7441 -1078.0000000000
7476 -1076.0000000000
7512 -1075.0000000000
7527 -1073.0000000000
7543 -1072.0000000000
7568 -1071.0000000000
7585 -1069.0000000000
7605 -1067.0000000000
7649 -1066.0000000000
7662 -1065.0000000000
7664 -1064.0000000000
7669 -1063.0000000000
7705 -1062.0000000000
7726 -1061.0000000000
7763 -1060.0000000000
7781 -1059.0000000000
7803 -1058.0000000000
7804 -1056.0000000000
7838 -1055.0000000000
7851 -1052.0000000000
7873 -1051.0000000000
7876 -1049.0000000000
7935 -1047.0000000000
7963 -1045.0000000000
8017 -1044.0000000000
8021 -1043.0000000000
8036 -1042.0000000000
8051 -1040.0000000000
8081 -1039.0000000000
8085 -1038.0000000000
8102 -1037.0000000000
8132 -1036.0000000000
8145 -1035.0000000000
8178 -1034.0000000000
8186 -1032.0000000000
8224 -1030.0000000000
8257 -1029.0000000000
8262 -1028.0000000000
8296 -1027.0000000000
8304 -1026.0000000000
8313 -1025.0000000000
8352 -1024.0000000000
8353 -1023.0000000000
8381 -1022.0000000000
8413 -1021.0000000000
8437 -1020.0000000000
8452 -1019.0000000000
8484 -1018.0000000000
8521 -1016.0000000000
8547 -1014.0000000000
8600 -1012.0000000000
8647 -1011.0000000000
8661 -1010.0000000000
8662 -1009.0000000000
8690 -1007.0000000000
8733 -1004.0000000000
8745 -1002.0000000000
8771 -1001.0000000000
8821 -1000.0000000000
8827 -999.0000000000
8839 -998.0000000000
8875 -996.0000000000
8890 -995.0000000000
8896 -994.0000000000
8918 -992.0000000000
8950 -991.0000000000
8952 -990.0000000000
9001 -989.0000000000
9005 -988.0000000000
9008 -987.0000000000
9039 -986.0000000000
9059 -985.0000000000
9062 -984.0000000000
9084 -983.0000000000
9087 -982.0000000000
9104 -981.0000000000
9122 -980.0000000000
9126 -979.0000000000
9133 -978.0000000000
9160 -977.0000000000
9165 -975.0000000000
9210 -973.0000000000
9221 -972.0000000000
9242 -971.0000000000
9274 -970.0000000000
9278 -969.0000000000
9283 -964.0000000000
9328 -963.0000000000
9344 -961.0000000000
9364 -960.0000000000
9393 -959.0000000000
9432 -958.0000000000
9435 -957.0000000000
9469 -956.0000000000
9481 -955.0000000000
9482 -954.0000000000
9498 -952.0000000000
9535 -950.0000000000
9565 -948.0000000000
9596 -947.0000000000
9620 -946.0000000000
9626 -945.0000000000
9643 -944.0000000000
9680 -943.0000000000
9685 -942.0000000000
9702 -940.0000000000
9722 -938.0000000000
9786 -937.0000000000
9799 -936.0000000000
9805 -935.0000000000
9833 -933.0000000000
9860 -931.0000000000
9900 -930.0000000000
9911 -929.0000000000
9941 -928.0000000000
9955 -927.0000000000
9975 -926.0000000000
9993 -924.0000000000
10008 -923.0000000000
10010 -922.0000000000
10026 -920.0000000000
10061 -919.0000000000
10089 -918.0000000000
10108 -917.0000000000
10120 -916.0000000000
10129 -915.0000000000
10151 -914.0000000000
10167 -913.0000000000
10185 -911.0000000000
10197 -910.0000000000
10227 -909.0000000000
10243 -905.0000000000
10269 -904.0000000000
10305 -903.0000000000
10310 -902.0000000000
10339 -901.0000000000
10361 -900.0000000000
10365 -898.0000000000
10408 -896.0000000000
10422 -895.0000000000
10444 -894.0000000000
10486 -892.0000000000
10501 -891.0000000000
10508 -889.0000000000
10544 -888.0000000000
10562 -885.0000000000
10635 -884.0000000000
10646 -883.0000000000
10663 -882.0000000000
10680 -881.0000000000
10702 -880.0000000000
10715 -879.0000000000
10726 -878.0000000000
10782 -876.0000000000
10821 -874.0000000000
10835 -873.0000000000
10856 -871.0000000000
10864 -869.0000000000
10884 -868.0000000000
10937 -867.0000000000
10941 -863.0000000000
10996 -862.0000000000
11013 -858.0000000000
11037 -857.0000000000
11115 -856.0000000000
11124 -855.0000000000
11178 -854.0000000000
11182 -853.0000000000
11201 -851.0000000000
11242 -850.0000000000
11280 -849.0000000000
11282 -848.0000000000
11332 -845.0000000000
11361 -844.0000000000
11368 -842.0000000000
11421 -840.0000000000
11433 -839.0000000000
11454 -838.0000000000
11478 -836.0000000000
11525 -835.0000000000
11544 -834.0000000000
11547 -833.0000000000
11571 -832.0000000000
11595 -830.0000000000
11621 -829.0000000000
11672 -828.0000000000
11675 -827.0000000000
11702 -826.0000000000
11727 -825.0000000000
11731 -824.0000000000
11746 -823.0000000000
11774 -822.0000000000
11788 -821.0000000000
11799 -820.0000000000
11818 -819.0000000000
11845 -818.0000000000
11846 -817.0000000000
11884 -816.0000000000
11925 -815.0000000000
11936 -814.0000000000
11944 -811.0000000000
11964 -810.0000000000
11998 -809.0000000000
12022 -807.0000000000
12044 -805.0000000000
12084 -804.0000000000
12089 -802.0000000000
12105 -800.0000000000
12122 -799.0000000000
12163 -798.0000000000
12171 -797.0000000000
12187 -796.0000000000
12212 -795.0000000000
12233 -794.0000000000
12234 -793.0000000000
12264 -792.0000000000
12284 -791.0000000000
12306 -790.0000000000
12324 -789.0000000000
12350 -788.0000000000
12379 -787.0000000000
12410 -784.0000000000
12468 -783.0000000000
12478 -782.0000000000
12486 -781.0000000000
12510 -780.0000000000
12521 -779.0000000000
12530 -778.0000000000
12554 -777.0000000000
12580 -774.0000000000
12582 -773.0000000000
12631 -772.0000000000
12648 -769.0000000000
12692 -768.0000000000
12715 -767.0000000000
12738 -766.0000000000
12741 -765.0000000000
12761 -760.0000000000
12810 -759.0000000000
12850 -758.0000000000
12870 -757.0000000000
12886 -755.0000000000
12943 -752.0000000000
12970 -751.0000000000
13010 -749.0000000000
13028 -748.0000000000
13055 -747.0000000000
13059 -746.0000000000
13091 -745.0000000000
13100 -744.0000000000
13136 -743.0000000000
13175 -742.0000000000
13184 -741.0000000000
13205 -738.0000000000
13259 -737.0000000000
13289 -736.0000000000
13308 -735.0000000000
13319 -734.0000000000
13331 -732.0000000000
13363 -730.0000000000
13411 -729.0000000000
13419 -728.0000000000
13424 -727.0000000000
13441 -726.0000000000
13461 -725.0000000000
13504 -724.0000000000
13523 -722.0000000000
13546 -721.0000000000
13574 -719.0000000000
13614 -718.0000000000
13630 -717.0000000000
13647 -716.0000000000
13670 -715.0000000000
13673 -714.0000000000
13682 -713.0000000000
13688 -712.0000000000
13741 -710.0000000000
13749 -709.0000000000
13764 -707.0000000000
13793 -706.0000000000
13799 -705.0000000000
13803 -703.0000000000
13833 -701.0000000000
13910 -698.0000000000
13983 -697.0000000000
13990 -696.0000000000
14024 -695.0000000000
14055 -694.0000000000
14056 -693.0000000000
14076 -692.0000000000
14113 -690.0000000000
14125 -689.0000000000
14141 -688.0000000000
14150 -687.0000000000
14178 -686.0000000000
14191 -685.0000000000
14219 -684.0000000000
14231 -683.0000000000
14251 -682.0000000000
14290 -681.0000000000
14293 -679.0000000000
14337 -677.0000000000
14396 -676.0000000000
14401 -675.0000000000
14413 -674.0000000000
14428 -672.0000000000
14442 -671.0000000000
14471 -670.0000000000
14483 -669.0000000000
14517 -668.0000000000
14551 -666.0000000000
14584 -665.0000000000
14599 -664.0000000000
14601 -663.0000000000
14641 -661.0000000000
14674 -660.0000000000
14685 -659.0000000000
14727 -657.0000000000
14762 -656.0000000000
14785 -654.0000000000
14812 -652.0000000000
14830 -651.0000000000
14837 -650.0000000000
14861 -649.0000000000
14888 -648.0000000000
14921 -647.0000000000
14951 -646.0000000000
14963 -645.0000000000
14982 -644.0000000000
15012 -642.0000000000
15052 -641.0000000000
15084 -640.0000000000
15095 -638.0000000000
15123 -636.0000000000
15132 -633.0000000000
15194 -630.0000000000
15212 -628.0000000000
15257 -625.0000000000
15313 -624.0000000000
15328 -623.0000000000
15373 -622.0000000000
15386 -621.0000000000
15410 -620.0000000000
15418 -619.0000000000
15441 -617.0000000000
15461 -615.0000000000
15498 -614.0000000000
15510 -613.0000000000
15546 -611.0000000000
15555 -610.0000000000
15586 -609.0000000000
15600 -608.0000000000
15614 -606.0000000000
15650 -605.0000000000
15697 -603.0000000000
15703 -602.0000000000
15721 -600.0000000000
15760 -599.0000000000
15772 -598.0000000000
15789 -596.0000000000
15804 -594.0000000000
15870 -593.0000000000
15907 -592.0000000000
15943 -591.0000000000
15966 -590.0000000000
15989 -588.0000000000
16041 -587.0000000000
16062 -586.0000000000
16094 -585.0000000000
16124 -584.0000000000
16145 -583.0000000000
16150 -582.0000000000
16177 -580.0000000000
16208 -579.0000000000
16225 -575.0000000000
16284 -574.0000000000
16305 -573.0000000000
16334 -572.0000000000
16354 -571.0000000000
16368 -570.0000000000
16414 -569.0000000000
16449 -568.0000000000
16457 -567.0000000000
16485 -566.0000000000
16491 -564.0000000000
16529 -563.0000000000
16544 -562.0000000000
16552 -561.0000000000
16562 -560.0000000000
16601 -559.0000000000
16605 -558.0000000000
16674 -557.0000000000
16691 -555.0000000000
16743 -554.0000000000
16779 -553.0000000000
16786 -552.0000000000
16809 -551.0000000000
16810 -550.0000000000
16860 -549.0000000000
16896 -548.0000000000
16903 -545.0000000000
16947 -544.0000000000
16983 -543.0000000000
17022 -542.0000000000
17027 -540.0000000000
17068 -539.0000000000
17099 -538.0000000000
17123 -537.0000000000
17126 -536.0000000000
17163 -535.0000000000
17185 -534.0000000000
17194 -533.0000000000
17216 -532.0000000000
17246 -531.0000000000
17268 -528.0000000000
17306 -526.0000000000
17328 -525.0000000000
17373 -524.0000000000
17397 -522.0000000000
17441 -521.0000000000
17480 -520.0000000000
17507 -518.0000000000
17542 -517.0000000000
17565 -516.0000000000
17567 -515.0000000000
17601 -513.0000000000
17642 -512.0000000000
17670 -511.0000000000
17703 -510.0000000000
17715 -509.0000000000
17721 -508.0000000000
17722 -507.0000000000
17737 -506.0000000000
17781 -505.0000000000
17818 -504.0000000000
17826 -503.0000000000
17872 -502.0000000000
17889 -501.0000000000
17921 -500.0000000000
17949 -498.0000000000
17983 -496.0000000000
18009 -495.0000000000
18030 -494.0000000000
18067 -491.0000000000
18103 -490.0000000000
18153 -489.0000000000
18159 -488.0000000000
18164 -487.0000000000
18197 -485.0000000000
18210 -484.0000000000
18261 -483.0000000000
18273 -482.0000000000
18301 -481.0000000000
18332 -480.0000000000
18355 -479.0000000000
18359 -478.0000000000
18425 -477.0000000000
18464 -476.0000000000
18483 -475.0000000000
18539 -474.0000000000
18555 -473.0000000000
18558 -472.0000000000
18591 -471.0000000000
18613 -470.0000000000
18657 -469.0000000000
18692 -467.0000000000
18716 -466.0000000000
18739 -465.0000000000
18763 -464.0000000000
18783 -463.0000000000
18801 -462.0000000000
18869 -461.0000000000
18872 -459.0000000000
18923 -458.0000000000
18959 -457.0000000000
19020 -456.0000000000
19027 -455.0000000000
19079 -454.0000000000
19083 -453.0000000000
19125 -452.0000000000
19147 -451.0000000000
19180 -450.0000000000
19224 -447.0000000000
19287 -446.0000000000
19306 -445.0000000000
19327 -444.0000000000
19341 -442.0000000000
19387 -441.0000000000
19403 -440.0000000000
19445 -438.0000000000
19544 -437.0000000000
19588 -436.0000000000
19604 -435.0000000000
19632 -434.0000000000
19651 -433.0000000000
19661 -432.0000000000
19675 -431.0000000000
19696 -430.0000000000
19748 -429.0000000000
19777 -428.0000000000
19811 -427.0000000000
19847 -425.0000000000
19876 -423.0000000000
19921 -421.0000000000
19994 -420.0000000000
20001 -419.0000000000
20026 -418.0000000000
20043 -417.0000000000
20100 -416.0000000000
20102 -415.0000000000
20106 -413.0000000000
20129 -412.0000000000
20159 -410.0000000000
20205 -408.0000000000
20251 -407.0000000000
20321 -406.0000000000
20362 -405.0000000000
20417 -404.0000000000
20443 -403.0000000000
20448 -401.0000000000
20481 -400.0000000000
20523 -399.0000000000
20564 -398.0000000000
20603 -397.0000000000
20630 -396.0000000000
20644 -394.0000000000
20677 -393.0000000000
20700 -392.0000000000
20730 -391.0000000000
20751 -390.0000000000
20823 -389.0000000000
20825 -388.0000000000
20887 -386.0000000000
20909 -385.0000000000
20920 -384.0000000000
20949 -383.0000000000
20966 -381.0000000000
21025 -380.0000000000
21038 -379.0000000000
21083 -377.0000000000
21124 -376.0000000000
21149 -375.0000000000
21192 -374.0000000000
21193 -373.0000000000
21226 -372.0000000000
21249 -371.0000000000
21324 -370.0000000000
21350 -369.0000000000
21391 -368.0000000000
21421 -366.0000000000
21502 -365.0000000000
21509 -364.0000000000
21596 -363.0000000000
21602 -362.0000000000
21634 -360.0000000000
21678 -359.0000000000
21702 -358.0000000000
21784 -357.0000000000
21808 -356.0000000000
21844 -355.0000000000
21877 -353.0000000000
21914 -352.0000000000
21942 -351.0000000000
21983 -350.0000000000
22024 -349.0000000000
22049 -348.0000000000
22072 -347.0000000000
22085 -346.0000000000
22150 -345.0000000000
22229 -344.0000000000
22253 -343.0000000000
22282 -342.0000000000
22301 -340.0000000000
22324 -339.0000000000
22374 -338.0000000000
22423 -337.0000000000
22425 -336.0000000000
22472 -335.0000000000
22502 -333.0000000000
22542 -332.0000000000
22563 -331.0000000000
22644 -330.0000000000
22665 -329.0000000000
22690 -328.0000000000
22715 -327.0000000000
22741 -326.0000000000
22763 -325.0000000000
22818 -324.0000000000
22857 -323.0000000000
22894 -322.0000000000
22948 -321.0000000000
23009 -320.0000000000
23063 -319.0000000000
23068 -318.0000000000
23074 -317.0000000000
23107 -316.0000000000
23128 -315.0000000000
23144 -314.0000000000
23190 -312.0000000000
23226 -311.0000000000
23280 -309.0000000000
23336 -308.0000000000
23344 -307.0000000000
23383 -306.0000000000
23417 -305.0000000000
23444 -304.0000000000
23446 -303.0000000000
23498 -301.0000000000
23545 -300.0000000000
23613 -299.0000000000
23627 -298.0000000000
23689 -297.0000000000
23743 -296.0000000000
23766 -295.0000000000
23795 -294.0000000000
23826 -293.0000000000
23861 -292.0000000000
23901 -291.0000000000
23906 -290.0000000000
23923 -289.0000000000
23958 -288.0000000000
24001 -287.0000000000
24060 -286.0000000000
24082 -285.0000000000
24103 -284.0000000000
24121 -283.0000000000
24142 -282.0000000000
24183 -281.0000000000
24245 -280.0000000000
24317 -278.0000000000
24403 -277.0000000000
24436 -276.0000000000
24511 -275.0000000000
24563 -274.0000000000
24604 -273.0000000000
24649 -272.0000000000
24665 -271.0000000000
24687 -270.0000000000
24745 -269.0000000000
24789 -268.0000000000
24831 -267.0000000000
24859 -266.0000000000
24889 -265.0000000000
24942 -264.0000000000
24971 -262.0000000000
25042 -261.0000000000
25086 -259.0000000000
25121 -258.0000000000
25149 -257.0000000000
25197 -256.0000000000
25261 -255.0000000000
25265 -254.0000000000
25357 -253.0000000000
25367 -252.0000000000
25414 -250.0000000000
25463 -249.0000000000
25495 -247.0000000000
25507 -246.0000000000
25569 -245.0000000000
25591 -244.0000000000
25636 -243.0000000000
25745 -242.0000000000
25804 -241.0000000000
25817 -240.0000000000
25844 -239.0000000000
25876 -238.0000000000
25884 -237.0000000000
25921 -236.0000000000
25962 -235.0000000000
25988 -233.0000000000
26004 -232.0000000000
26089 -231.0000000000
26178 -230.0000000000
26206 -229.0000000000
26232 -227.0000000000
26304 -226.0000000000
26373 -225.0000000000
26432 -224.0000000000
26475 -223.0000000000
26490 -221.0000000000
26521 -220.0000000000
26573 -219.0000000000
26637 -218.0000000000
26643 -217.0000000000
26654 -216.0000000000
26681 -214.0000000000
26777 -213.0000000000
26797 -212.0000000000
26806 -211.0000000000
26851 -210.0000000000
26897 -209.0000000000
27005 -208.0000000000
27009 -207.0000000000
27076 -206.0000000000
27098 -205.0000000000
27123 -204.0000000000
27150 -203.0000000000
27173 -202.0000000000
27219 -201.0000000000
27304 -200.0000000000
27372 -199.0000000000
27384 -198.0000000000
27458 -197.0000000000
27510 -196.0000000000
27523 -195.0000000000
27583 -194.0000000000
27670 -193.0000000000
27729 -192.0000000000
27788 -191.0000000000
27818 -190.0000000000
27892 -188.0000000000
27944 -187.0000000000
27992 -186.0000000000
28018 -185.0000000000
28061 -184.0000000000
28076 -183.0000000000
28145 -182.0000000000
28188 -180.0000000000
28223 -179.0000000000
28254 -178.0000000000
28330 -177.0000000000
28368 -176.0000000000
28450 -175.0000000000
28463 -174.0000000000
28511 -173.0000000000
28532 -172.0000000000
28595 -171.0000000000
28659 -170.0000000000
28677 -169.0000000000
28717 -168.0000000000
28738 -167.0000000000
28810 -166.0000000000
28879 -164.0000000000
28898 -163.0000000000
28911 -162.0000000000
29026 -161.0000000000
29088 -160.0000000000
29121 -159.0000000000
29129 -158.0000000000
29188 -156.0000000000
29226 -155.0000000000
29263 -154.0000000000
29281 -152.0000000000
29351 -151.0000000000
29390 -150.0000000000
29408 -149.0000000000
29462 -148.0000000000
29543 -147.0000000000
29588 -146.0000000000
29622 -144.0000000000
29661 -143.0000000000
29707 -142.0000000000
29774 -141.0000000000
29808 -140.0000000000
29832 -139.0000000000
29884 -138.0000000000
29931 -137.0000000000
29972 -136.0000000000
30047 -135.0000000000
30055 -134.0000000000
30105 -132.0000000000
30182 -131.0000000000
30219 -130.0000000000
30266 -129.0000000000
30302 -128.0000000000
30322 -127.0000000000
30411 -126.0000000000
30531 -125.0000000000
30592 -124.0000000000
30627 -123.0000000000
30687 -122.0000000000
30757 -121.0000000000
30841 -120.0000000000
30881 -119.0000000000
30918 -118.0000000000
30975 -117.0000000000
31003 -116.0000000000
31089 -115.0000000000
31144 -114.0000000000
31194 -113.0000000000
31279 -112.0000000000
31376 -111.0000000000
31387 -110.0000000000
31447 -109.0000000000
31461 -108.0000000000
31522 -107.0000000000
31577 -106.0000000000
31601 -105.0000000000
31617 -104.0000000000
31762 -103.0000000000
31800 -102.0000000000
31844 -101.0000000000
31909 -100.0000000000
31967 -99.0000000000
32032 -98.0000000000
32182 -97.0000000000
32223 -96.0000000000
32325 -95.0000000000
32428 -94.0000000000
32668 -93.0000000000
32741 -92.0000000000
32802 -91.0000000000
32827 -90.0000000000
32873 -89.0000000000
32905 -88.0000000000
32932 -87.0000000000
32946 -86.0000000000
33127 -85.0000000000
33190 -84.0000000000
33235 -83.0000000000
33302 -82.0000000000
33374 -81.0000000000
33384 -80.0000000000
33464 -79.0000000000
33559 -78.0000000000
33570 -77.0000000000
33656 -76.0000000000
33664 -75.0000000000
33687 -74.0000000000
33778 -73.0000000000
33825 -72.0000000000
33896 -71.0000000000
33920 -70.0000000000
33954 -69.0000000000
34044 -66.0000000000
34135 -65.0000000000
34161 -63.0000000000
34234 -62.0000000000
34250 -61.0000000000
34334 -60.0000000000
34453 -59.0000000000
34476 -58.0000000000
34615 -57.0000000000
34687 -56.0000000000
34728 -55.0000000000
34803 -54.0000000000
34998 -53.0000000000
35048 -52.0000000000
35107 -51.0000000000
35190 -50.0000000000
35268 -49.0000000000
35331 -48.0000000000
35533 -47.0000000000
35753 -46.0000000000
35868 -45.0000000000
35913 -44.0000000000
35950 -43.0000000000
35982 -41.0000000000
36048 -40.0000000000
36106 -39.0000000000
36119 -38.0000000000
36137 -37.0000000000
36255 -36.0000000000
36368 -35.0000000000
36517 -34.0000000000
36604 -33.0000000000
36752 -32.0000000000
36808 -31.0000000000
36870 -29.0000000000
36961 -28.0000000000
37021 -27.0000000000
37084 -26.0000000000
37086 -25.0000000000
37192 -24.0000000000
37250 -23.0000000000
37303 -22.0000000000
37387 -21.0000000000
37436 -20.0000000000
37515 -19.0000000000
37671 -18.0000000000
37735 -17.0000000000
38037 -16.0000000000
38170 -15.0000000000
38244 -14.0000000000
38529 -13.0000000000
38548 -12.0000000000
38621 -11.0000000000
38667 -10.0000000000
38710 -9.0000000000
38738 -8.0000000000
38769 -7.0000000000
38894 -6.0000000000
38952 -5.0000000000
39284 -4.0000000000
39366 -3.0000000000
39459 -2.0000000000
39529 -1.0000000000
39595 533.2200000000
39601 533.7800000000
39629 546.4400000000
39632 558.5600000000
39639 581.8200000000
40402 583.3100000000
40600 585.9600000000
51721 587.8200000000
58046 589.0300000000
58467 671.0800000000
58618 673.8000000000
58644 675.0400000000
58695 679.5800000000
58744 685.3000000000
58757 692.4300000000
58898 692.5800000000
59607 694.9300000000
59833 698.0400000000
60720 713.3800000000
61159 751.4800000000
61223 761.6000000000
61740 762.5700000000
61786 764.4700000000
61865 766.6200000000
62622 774.5600000000
63986 782.7400000000
66477 783.2500000000
66551 791.0000000000
86177 791.4600000000
86466 793.0700000000
88900 800.6700000000
92235 844.4900000000
92243 883.9800000000
92399 888.8000000000
92767 892.6600000000
95367 893.0700000000
96426 893.8600000000
98886 899.9500000000
99243 902.3700000000
100000 -1.0000000000
