evaluations raw_y
1 -1841.0000000000
2 -1840.0000000000
4 -1839.0000000000
10 -1838.0000000000
19 -1837.0000000000
20 -1836.0000000000
22 -1835.0000000000
34 -1834.0000000000
36 -1833.0000000000
37 -1832.0000000000
40 -1830.0000000000
42 -1829.0000000000
46 -1828.0000000000
51 -1827.0000000000
58 -1826.0000000000
62 -1825.0000000000
65 -1823.0000000000
66 -1822.0000000000
72 -1821.0000000000
74 -1819.0000000000
76 -1818.0000000000
79 -1817.0000000000
81 -1816.0000000000
84 -1815.0000000000
88 -1814.0000000000
92 -1813.0000000000
94 -1812.0000000000
97 -1810.0000000000
107 -1809.0000000000
111 -1807.0000000000
112 -1806.0000000000
122 -1804.0000000000
123 -1803.0000000000
127 -1802.0000000000
131 -1801.0000000000
132 -1800.0000000000
137 -1799.0000000000
139 -1798.0000000000
140 -1797.0000000000
141 -1796.0000000000
150 -1795.0000000000
151 -1794.0000000000
155 -1792.0000000000
168 -1790.0000000000
172 -1789.0000000000
191 -1788.0000000000
196 -1787.0000000000
201 -1784.0000000000
210 -1783.0000000000
212 -1782.0000000000
214 -1780.0000000000
223 -1778.0000000000
227 -1777.0000000000
230 -1776.0000000000
235 -1775.0000000000
240 -1774.0000000000
241 -1773.0000000000
242 -1772.0000000000
244 -1771.0000000000
245 -1769.0000000000
251 -1768.0000000000
253 -1766.0000000000
258 -1765.0000000000
262 -1764.0000000000
265 -1763.0000000000
268 -1762.0000000000
274 -1760.0000000000
287 -1759.0000000000
302 -1758.0000000000
306 -1757.0000000000
307 -1755.0000000000
313 -1754.0000000000
317 -1753.0000000000
318 -1752.0000000000
319 -1750.0000000000
320 -1749.0000000000
321 -1748.0000000000
322 -1747.0000000000
337 -1746.0000000000
338 -1745.0000000000
348 -1743.0000000000
354 -1741.0000000000
363 -1739.0000000000
364 -1738.0000000000
365 -1736.0000000000
368 -1735.0000000000
372 -1733.0000000000
375 -1732.0000000000
392 -1731.0000000000
393 -1729.0000000000
395 -1728.0000000000
411 -1726.0000000000
419 -1725.0000000000
422 -1724.0000000000
425 -1723.0000000000
427 -1721.0000000000
433 -1720.0000000000
437 -1719.0000000000
438 -1718.0000000000
442 -1717.0000000000
443 -1716.0000000000
444 -1715.0000000000
447 -1714.0000000000
451 -1713.0000000000
452 -1712.0000000000
455 -1711.0000000000
458 -1710.0000000000
461 -1709.0000000000
469 -1707.0000000000
485 -1706.0000000000
487 -1704.0000000000
501 -1703.0000000000
502 -1702.0000000000
509 -1698.0000000000
513 -1696.0000000000
520 -1695.0000000000
522 -1694.0000000000
525 -1693.0000000000
531 -1692.0000000000
557 -1689.0000000000
561 -1688.0000000000
564 -1687.0000000000
565 -1686.0000000000
566 -1685.0000000000
572 -1683.0000000000
585 -1681.0000000000
586 -1680.0000000000
590 -1679.0000000000
599 -1678.0000000000
614 -1677.0000000000
619 -1676.0000000000
621 -1675.0000000000
624 -1674.0000000000
625 -1673.0000000000
627 -1672.0000000000
628 -1671.0000000000
638 -1670.0000000000
640 -1669.0000000000
642 -1668.0000000000
645 -1667.0000000000
646 -1666.0000000000
652 -1665.0000000000
654 -1664.0000000000
660 -1663.0000000000
666 -1662.0000000000
667 -1660.0000000000
668 -1659.0000000000
679 -1658.0000000000
683 -1657.0000000000
684 -1656.0000000000
693 -1655.0000000000
695 -1654.0000000000
696 -1653.0000000000
697 -1652.0000000000
699 -1651.0000000000
710 -1650.0000000000
711 -1649.0000000000
724 -1648.0000000000
729 -1647.0000000000
738 -1646.0000000000
744 -1645.0000000000
748 -1644.0000000000
755 -1643.0000000000
756 -1641.0000000000
761 -1640.0000000000
764 -1639.0000000000
770 -1638.0000000000
772 -1636.0000000000
778 -1635.0000000000
779 -1634.0000000000
793 -1633.0000000000
812 -1632.0000000000
813 -1631.0000000000
817 -1630.0000000000
818 -1629.0000000000
824 -1628.0000000000
825 -1627.0000000000
834 -1626.0000000000
835 -1625.0000000000
840 -1624.0000000000
844 -1623.0000000000
845 -1622.0000000000
849 -1621.0000000000
856 -1620.0000000000
860 -1619.0000000000
869 -1618.0000000000
872 -1617.0000000000
879 -1616.0000000000
880 -1615.0000000000
882 -1614.0000000000
889 -1613.0000000000
891 -1612.0000000000
904 -1610.0000000000
905 -1609.0000000000
906 -1608.0000000000
909 -1607.0000000000
914 -1606.0000000000
929 -1604.0000000000
934 -1603.0000000000
938 -1599.0000000000
941 -1598.0000000000
944 -1597.0000000000
946 -1596.0000000000
947 -1595.0000000000
953 -1594.0000000000
962 -1593.0000000000
975 -1592.0000000000
981 -1591.0000000000
986 -1590.0000000000
988 -1587.0000000000
990 -1586.0000000000
995 -1585.0000000000
997 -1584.0000000000
1003 -1582.0000000000
1005 -1580.0000000000
1015 -1579.0000000000
1024 -1578.0000000000
1032 -1577.0000000000
1034 -1576.0000000000
1049 -1575.0000000000
1053 -1574.0000000000
1059 -1573.0000000000
1062 -1572.0000000000
1063 -1570.0000000000
1065 -1569.0000000000
1076 -1568.0000000000
1077 -1566.0000000000
1080 -1565.0000000000
1083 -1564.0000000000
1084 -1563.0000000000
1091 -1562.0000000000
1093 -1561.0000000000
1101 -1560.0000000000
1106 -1559.0000000000
1109 -1557.0000000000
1114 -1556.0000000000
1118 -1555.0000000000
1133 -1553.0000000000
1139 -1552.0000000000
1141 -1551.0000000000
1143 -1550.0000000000
1144 -1549.0000000000
1146 -1548.0000000000
1147 -1547.0000000000
1152 -1545.0000000000
1153 -1544.0000000000
1160 -1543.0000000000
1163 -1542.0000000000
1176 -1541.0000000000
1190 -1540.0000000000
1198 -1539.0000000000
1200 -1538.0000000000
1207 -1537.0000000000
1210 -1536.0000000000
1212 -1535.0000000000
1215 -1534.0000000000
1220 -1532.0000000000
1230 -1531.0000000000
1235 -1530.0000000000
1238 -1529.0000000000
1241 -1528.0000000000
1242 -1527.0000000000
1251 -1526.0000000000
1255 -1523.0000000000
1258 -1522.0000000000
1265 -1521.0000000000
1270 -1520.0000000000
1274 -1519.0000000000
1276 -1518.0000000000
1278 -1516.0000000000
1280 -1514.0000000000
1282 -1513.0000000000
1283 -1512.0000000000
1284 -1510.0000000000
1287 -1508.0000000000
1288 -1507.0000000000
1293 -1506.0000000000
1295 -1505.0000000000
1298 -1504.0000000000
1301 -1503.0000000000
1302 -1502.0000000000
1305 -1501.0000000000
1309 -1500.0000000000
1310 -1498.0000000000
1313 -1497.0000000000
1314 -1496.0000000000
1316 -1495.0000000000
1319 -1494.0000000000
1328 -1493.0000000000
1330 -1491.0000000000
1337 -1490.0000000000
1345 -1489.0000000000
1360 -1488.0000000000
1361 -1487.0000000000
1363 -1486.0000000000
1367 -1485.0000000000
1368 -1484.0000000000
1381 -1483.0000000000
1387 -1482.0000000000
1389 -1480.0000000000
1390 -1479.0000000000
1391 -1478.0000000000
1398 -1477.0000000000
1410 -1476.0000000000
1412 -1475.0000000000
1413 -1474.0000000000
1415 -1472.0000000000
1420 -1470.0000000000
1422 -1469.0000000000
1433 -1468.0000000000
1437 -1467.0000000000
1440 -1465.0000000000
1442 -1464.0000000000
1447 -1463.0000000000
1449 -1462.0000000000
1450 -1461.0000000000
1457 -1460.0000000000
1460 -1459.0000000000
1462 -1458.0000000000
1463 -1457.0000000000
1464 -1456.0000000000
1470 -1454.0000000000
1486 -1453.0000000000
1489 -1452.0000000000
1490 -1451.0000000000
1491 -1448.0000000000
1496 -1447.0000000000
1498 -1446.0000000000
1502 -1445.0000000000
1517 -1444.0000000000
1518 -1443.0000000000
1523 -1442.0000000000
1528 -1441.0000000000
1538 -1439.0000000000
1544 -1437.0000000000
1546 -1436.0000000000
1558 -1435.0000000000
1573 -1434.0000000000
1578 -1433.0000000000
1580 -1432.0000000000
1582 -1431.0000000000
1585 -1430.0000000000
1592 -1429.0000000000
1593 -1427.0000000000
1604 -1426.0000000000
1606 -1425.0000000000
1610 -1424.0000000000
1619 -1423.0000000000
1621 -1421.0000000000
1622 -1420.0000000000
1624 -1418.0000000000
1636 -1417.0000000000
1637 -1416.0000000000
1647 -1415.0000000000
1652 -1414.0000000000
1668 -1413.0000000000
1689 -1412.0000000000
1691 -1410.0000000000
1700 -1409.0000000000
1704 -1408.0000000000
1707 -1407.0000000000
1713 -1406.0000000000
1726 -1405.0000000000
1744 -1404.0000000000
1752 -1403.0000000000
1761 -1402.0000000000
1777 -1401.0000000000
1789 -1400.0000000000
1792 -1399.0000000000
1802 -1398.0000000000
1804 -1396.0000000000
1813 -1394.0000000000
1817 -1393.0000000000
1837 -1392.0000000000
1845 -1391.0000000000
1854 -1390.0000000000
1867 -1389.0000000000
1875 -1387.0000000000
1885 -1386.0000000000
1891 -1384.0000000000
1892 -1383.0000000000
1896 -1382.0000000000
1902 -1381.0000000000
1904 -1380.0000000000
1908 -1379.0000000000
1915 -1378.0000000000
1927 -1376.0000000000
1928 -1375.0000000000
1931 -1374.0000000000
1938 -1373.0000000000
1941 -1372.0000000000
1944 -1371.0000000000
1952 -1370.0000000000
1958 -1369.0000000000
1959 -1368.0000000000
1964 -1367.0000000000
1967 -1366.0000000000
1972 -1365.0000000000
1978 -1364.0000000000
1986 -1363.0000000000
1987 -1362.0000000000
1996 -1361.0000000000
2001 -1360.0000000000
2006 -1359.0000000000
2009 -1358.0000000000
2010 -1357.0000000000
2015 -1356.0000000000
2026 -1355.0000000000
2057 -1353.0000000000
2059 -1352.0000000000
2061 -1351.0000000000
2067 -1349.0000000000
2078 -1348.0000000000
2080 -1345.0000000000
2090 -1344.0000000000
2091 -1342.0000000000
2093 -1341.0000000000
2096 -1340.0000000000
2101 -1339.0000000000
2112 -1337.0000000000
2115 -1336.0000000000
2119 -1334.0000000000
2127 -1332.0000000000
2129 -1331.0000000000
2148 -1330.0000000000
2155 -1329.0000000000
2158 -1328.0000000000
2164 -1327.0000000000
2166 -1326.0000000000
2167 -1325.0000000000
2171 -1324.0000000000
2182 -1322.0000000000
2187 -1321.0000000000
2190 -1320.0000000000
2193 -1319.0000000000
2206 -1318.0000000000
2213 -1317.0000000000
2216 -1314.0000000000
2217 -1313.0000000000
2220 -1311.0000000000
2225 -1310.0000000000
2229 -1309.0000000000
2232 -1308.0000000000
2239 -1307.0000000000
2240 -1306.0000000000
2244 -1305.0000000000
2245 -1304.0000000000
2246 -1303.0000000000
2254 -1302.0000000000
2259 -1301.0000000000
2261 -1300.0000000000
2266 -1299.0000000000
2269 -1297.0000000000
2285 -1296.0000000000
2288 -1294.0000000000
2298 -1293.0000000000
2302 -1292.0000000000
2316 -1291.0000000000
2318 -1290.0000000000
2322 -1289.0000000000
2328 -1288.0000000000
2336 -1287.0000000000
2341 -1286.0000000000
2348 -1285.0000000000
2349 -1284.0000000000
2359 -1283.0000000000
2374 -1282.0000000000
2380 -1281.0000000000
2396 -1280.0000000000
2418 -1279.0000000000
2423 -1278.0000000000
2462 -1276.0000000000
2469 -1275.0000000000
2476 -1274.0000000000
2499 -1273.0000000000
2501 -1272.0000000000
2502 -1271.0000000000
2505 -1270.0000000000
2508 -1269.0000000000
2510 -1268.0000000000
2511 -1267.0000000000
2513 -1266.0000000000
2514 -1265.0000000000
2526 -1264.0000000000
2531 -1263.0000000000
2534 -1262.0000000000
2551 -1261.0000000000
2554 -1260.0000000000
2558 -1259.0000000000
2561 -1258.0000000000
2564 -1257.0000000000
2573 -1256.0000000000
2575 -1255.0000000000
2578 -1254.0000000000
2583 -1251.0000000000
2594 -1249.0000000000
2597 -1248.0000000000
2598 -1247.0000000000
2602 -1246.0000000000
2607 -1244.0000000000
2613 -1243.0000000000
2623 -1241.0000000000
2629 -1240.0000000000
2631 -1239.0000000000
2638 -1237.0000000000
2659 -1236.0000000000
2661 -1235.0000000000
2666 -1233.0000000000
2668 -1232.0000000000
2672 -1231.0000000000
2673 -1230.0000000000
2686 -1229.0000000000
2689 -1227.0000000000
2695 -1226.0000000000
2696 -1225.0000000000
2705 -1224.0000000000
2706 -1223.0000000000
2709 -1222.0000000000
2711 -1221.0000000000
2720 -1220.0000000000
2728 -1219.0000000000
2729 -1218.0000000000
2732 -1216.0000000000
2735 -1215.0000000000
2738 -1214.0000000000
2745 -1213.0000000000
2751 -1211.0000000000
2753 -1210.0000000000
2769 -1209.0000000000
2771 -1208.0000000000
2782 -1206.0000000000
2794 -1205.0000000000
2797 -1203.0000000000
2800 -1202.0000000000
2809 -1201.0000000000
2817 -1200.0000000000
2824 -1199.0000000000
2825 -1198.0000000000
2835 -1197.0000000000
2836 -1195.0000000000
2841 -1193.0000000000
2842 -1192.0000000000
2844 -1191.0000000000
2845 -1190.0000000000
2872 -1189.0000000000
2877 -1187.0000000000
2882 -1186.0000000000
2883 -1185.0000000000
2884 -1184.0000000000
2886 -1183.0000000000
2892 -1182.0000000000
2900 -1181.0000000000
2912 -1180.0000000000
2915 -1179.0000000000
2926 -1178.0000000000
2927 -1177.0000000000
2931 -1176.0000000000
2933 -1175.0000000000
2946 -1174.0000000000
2953 -1173.0000000000
2954 -1172.0000000000
2956 -1171.0000000000
2967 -1170.0000000000
2976 -1169.0000000000
2981 -1168.0000000000
2982 -1167.0000000000
2983 -1166.0000000000
2986 -1165.0000000000
2987 -1164.0000000000
2997 -1163.0000000000
3001 -1162.0000000000
3003 -1161.0000000000
3007 -1160.0000000000
3017 -1159.0000000000
3021 -1158.0000000000
3027 -1157.0000000000
3029 -1156.0000000000
3037 -1155.0000000000
3040 -1154.0000000000
3045 -1153.0000000000
3046 -1152.0000000000
3049 -1151.0000000000
3051 -1150.0000000000
3065 -1149.0000000000
3068 -1148.0000000000
3069 -1146.0000000000
3081 -1145.0000000000
3085 -1144.0000000000
3090 -1143.0000000000
3095 -1142.0000000000
3097 -1141.0000000000
3103 -1139.0000000000
3104 -1138.0000000000
3117 -1137.0000000000
3118 -1136.0000000000
3119 -1135.0000000000
3120 -1134.0000000000
3132 -1133.0000000000
3133 -1132.0000000000
3135 -1131.0000000000
3140 -1127.0000000000
3141 -1126.0000000000
3150 -1125.0000000000
3151 -1124.0000000000
3162 -1122.0000000000
3167 -1121.0000000000
3175 -1120.0000000000
3179 -1119.0000000000
3181 -1118.0000000000
3206 -1117.0000000000
3231 -1116.0000000000
3241 -1115.0000000000
3248 -1113.0000000000
3263 -1112.0000000000
3279 -1111.0000000000
3281 -1110.0000000000
3299 -1108.0000000000
3305 -1107.0000000000
3313 -1106.0000000000
3318 -1104.0000000000
3319 -1103.0000000000
3322 -1102.0000000000
3328 -1101.0000000000
3329 -1100.0000000000
3337 -1099.0000000000
3339 -1098.0000000000
3345 -1097.0000000000
3349 -1096.0000000000
3350 -1095.0000000000
3351 -1094.0000000000
3355 -1093.0000000000
3358 -1092.0000000000
3367 -1091.0000000000
3383 -1090.0000000000
3389 -1089.0000000000
3406 -1087.0000000000
3411 -1086.0000000000
3413 -1085.0000000000
3417 -1082.0000000000
3423 -1080.0000000000
3428 -1079.0000000000
3437 -1078.0000000000
3444 -1077.0000000000
3453 -1076.0000000000
3454 -1075.0000000000
3460 -1074.0000000000
3464 -1073.0000000000
3465 -1072.0000000000
3471 -1071.0000000000
3498 -1070.0000000000
3502 -1069.0000000000
3504 -1068.0000000000
3512 -1067.0000000000
3513 -1066.0000000000
3515 -1065.0000000000
3525 -1064.0000000000
3534 -1062.0000000000
3537 -1060.0000000000
3538 -1059.0000000000
3545 -1058.0000000000
3555 -1057.0000000000
3564 -1056.0000000000
3566 -1054.0000000000
3568 -1053.0000000000
3571 -1052.0000000000
3582 -1051.0000000000
3586 -1050.0000000000
3587 -1049.0000000000
3590 -1048.0000000000
3592 -1047.0000000000
3598 -1046.0000000000
3606 -1045.0000000000
3608 -1044.0000000000
3632 -1043.0000000000
3633 -1042.0000000000
3634 -1041.0000000000
3641 -1038.0000000000
3655 -1037.0000000000
3658 -1036.0000000000
3668 -1035.0000000000
3669 -1032.0000000000
3670 -1031.0000000000
3674 -1030.0000000000
3675 -1029.0000000000
3691 -1027.0000000000
3702 -1026.0000000000
3707 -1025.0000000000
3722 -1024.0000000000
3729 -1023.0000000000
3750 -1022.0000000000
3763 -1021.0000000000
3790 -1020.0000000000
3791 -1019.0000000000
3795 -1018.0000000000
3815 -1017.0000000000
3823 -1016.0000000000
3824 -1015.0000000000
3853 -1014.0000000000
3858 -1013.0000000000
3864 -1012.0000000000
3878 -1011.0000000000
3881 -1010.0000000000
3893 -1009.0000000000
3916 -1008.0000000000
3943 -1006.0000000000
3944 -1005.0000000000
3957 -1004.0000000000
3975 -1003.0000000000
3976 -1002.0000000000
3977 -1001.0000000000
3984 -999.0000000000
3991 -997.0000000000
3996 -996.0000000000
4001 -995.0000000000
4003 -994.0000000000
4009 -993.0000000000
4018 -992.0000000000
4019 -991.0000000000
4032 -990.0000000000
4033 -989.0000000000
4046 -988.0000000000
4048 -987.0000000000
4052 -986.0000000000
4055 -985.0000000000
4059 -984.0000000000
4065 -983.0000000000
4074 -981.0000000000
4076 -980.0000000000
4077 -979.0000000000
4087 -978.0000000000
4107 -976.0000000000
4109 -975.0000000000
4121 -974.0000000000
4135 -973.0000000000
4136 -972.0000000000
4147 -970.0000000000
4156 -968.0000000000
4160 -966.0000000000
4167 -965.0000000000
4170 -964.0000000000
4173 -963.0000000000
4179 -962.0000000000
4186 -961.0000000000
4187 -960.0000000000
4191 -959.0000000000
4194 -958.0000000000
4195 -957.0000000000
4197 -956.0000000000
4212 -955.0000000000
4213 -954.0000000000
4224 -953.0000000000
4230 -952.0000000000
4242 -951.0000000000
4244 -950.0000000000
4251 -949.0000000000
4252 -948.0000000000
4253 -947.0000000000
4261 -945.0000000000
4264 -943.0000000000
4268 -942.0000000000
4277 -941.0000000000
4282 -940.0000000000
4283 -939.0000000000
4291 -938.0000000000
4303 -937.0000000000
4310 -936.0000000000
4313 -934.0000000000
4318 -933.0000000000
4343 -932.0000000000
4347 -931.0000000000
4360 -930.0000000000
4364 -929.0000000000
4372 -927.0000000000
4395 -926.0000000000
4403 -924.0000000000
4418 -923.0000000000
4420 -922.0000000000
4430 -921.0000000000
4432 -920.0000000000
4446 -919.0000000000
4485 -918.0000000000
4501 -917.0000000000
4515 -916.0000000000
4520 -915.0000000000
4522 -914.0000000000
4526 -912.0000000000
4528 -911.0000000000
4543 -910.0000000000
4550 -909.0000000000
4552 -908.0000000000
4563 -907.0000000000
4576 -905.0000000000
4582 -904.0000000000
4589 -903.0000000000
4592 -902.0000000000
4596 -901.0000000000
4599 -900.0000000000
4634 -899.0000000000
4654 -898.0000000000
4658 -897.0000000000
4661 -896.0000000000
4662 -895.0000000000
4680 -894.0000000000
4684 -893.0000000000
4690 -892.0000000000
4714 -891.0000000000
4719 -890.0000000000
4743 -889.0000000000
4761 -888.0000000000
4767 -886.0000000000
4784 -885.0000000000
4788 -884.0000000000
4803 -883.0000000000
4805 -882.0000000000
4822 -881.0000000000
4871 -879.0000000000
4872 -878.0000000000
4892 -877.0000000000
4901 -876.0000000000
4912 -874.0000000000
4913 -872.0000000000
4926 -871.0000000000
4935 -870.0000000000
4950 -869.0000000000
4962 -867.0000000000
4980 -866.0000000000
5032 -865.0000000000
5035 -864.0000000000
5046 -863.0000000000
5049 -862.0000000000
5057 -861.0000000000
5065 -860.0000000000
5066 -859.0000000000
5068 -857.0000000000
5069 -856.0000000000
5070 -855.0000000000
5104 -854.0000000000
5107 -852.0000000000
5109 -850.0000000000
5116 -849.0000000000
5127 -847.0000000000
5138 -846.0000000000
5143 -845.0000000000
5145 -843.0000000000
5147 -842.0000000000
5148 -841.0000000000
5150 -840.0000000000
5168 -839.0000000000
5173 -838.0000000000
5183 -837.0000000000
5196 -836.0000000000
5200 -835.0000000000
5219 -834.0000000000
5230 -833.0000000000
5255 -832.0000000000
5281 -831.0000000000
5287 -830.0000000000
5289 -829.0000000000
5294 -828.0000000000
5312 -827.0000000000
5314 -825.0000000000
5320 -824.0000000000
5325 -823.0000000000
5331 -822.0000000000
5334 -821.0000000000
5354 -820.0000000000
5356 -819.0000000000
5361 -818.0000000000
5379 -817.0000000000
5388 -816.0000000000
5400 -815.0000000000
5402 -814.0000000000
5407 -813.0000000000
5419 -812.0000000000
5425 -811.0000000000
5432 -810.0000000000
5438 -809.0000000000
5443 -808.0000000000
5444 -807.0000000000
5478 -806.0000000000
5498 -805.0000000000
5499 -804.0000000000
5512 -803.0000000000
5529 -802.0000000000
5536 -801.0000000000
5537 -800.0000000000
5538 -799.0000000000
5562 -798.0000000000
5565 -797.0000000000
5569 -796.0000000000
5573 -795.0000000000
5585 -794.0000000000
5593 -793.0000000000
5604 -792.0000000000
5610 -791.0000000000
5617 -790.0000000000
5628 -788.0000000000
5629 -787.0000000000
5649 -786.0000000000
5654 -785.0000000000
5666 -784.0000000000
5667 -783.0000000000
5670 -781.0000000000
5683 -780.0000000000
5702 -779.0000000000
5705 -778.0000000000
5706 -777.0000000000
5735 -776.0000000000
5737 -775.0000000000
5738 -774.0000000000
5755 -773.0000000000
5762 -771.0000000000
5772 -770.0000000000
5777 -769.0000000000
5784 -768.0000000000
5787 -767.0000000000
5794 -765.0000000000
5806 -764.0000000000
5810 -763.0000000000
5811 -762.0000000000
5819 -761.0000000000
5824 -760.0000000000
5828 -759.0000000000
5854 -758.0000000000
5862 -757.0000000000
5885 -756.0000000000
5927 -755.0000000000
5952 -754.0000000000
5960 -753.0000000000
5968 -752.0000000000
5992 -751.0000000000
5999 -749.0000000000
6011 -748.0000000000
6019 -747.0000000000
6027 -746.0000000000
6031 -745.0000000000
6033 -744.0000000000
6034 -743.0000000000
6054 -742.0000000000
6058 -741.0000000000
6064 -740.0000000000
6100 -739.0000000000
6101 -738.0000000000
6102 -737.0000000000
6103 -736.0000000000
6108 -735.0000000000
6122 -733.0000000000
6129 -732.0000000000
6153 -731.0000000000
6161 -730.0000000000
6167 -729.0000000000
6184 -728.0000000000
6198 -727.0000000000
6200 -726.0000000000
6206 -725.0000000000
6208 -724.0000000000
6213 -723.0000000000
6215 -722.0000000000
6218 -721.0000000000
6219 -720.0000000000
6229 -719.0000000000
6241 -718.0000000000
6245 -717.0000000000
6255 -716.0000000000
6256 -715.0000000000
6272 -714.0000000000
6295 -713.0000000000
6328 -712.0000000000
6331 -711.0000000000
6332 -710.0000000000
6334 -709.0000000000
6357 -708.0000000000
6361 -707.0000000000
6366 -706.0000000000
6411 -705.0000000000
6435 -704.0000000000
6441 -703.0000000000
6472 -702.0000000000
6485 -701.0000000000
6486 -700.0000000000
6526 -699.0000000000
6536 -698.0000000000
6557 -697.0000000000
6560 -694.0000000000
6563 -693.0000000000
6567 -692.0000000000
6604 -691.0000000000
6645 -690.0000000000
6656 -689.0000000000
6683 -688.0000000000
6690 -687.0000000000
6708 -686.0000000000
6724 -685.0000000000
6741 -684.0000000000
6779 -682.0000000000
6791 -681.0000000000
6796 -680.0000000000
6810 -679.0000000000
6824 -678.0000000000
6825 -677.0000000000
6854 -676.0000000000
6858 -675.0000000000
6860 -674.0000000000
6868 -673.0000000000
6879 -672.0000000000
6885 -671.0000000000
6886 -670.0000000000
6894 -669.0000000000
6922 -668.0000000000
6929 -667.0000000000
6937 -665.0000000000
6949 -664.0000000000
6955 -663.0000000000
6960 -660.0000000000
6963 -659.0000000000
6974 -658.0000000000
6989 -657.0000000000
7000 -656.0000000000
7013 -655.0000000000
7017 -654.0000000000
7019 -652.0000000000
7038 -651.0000000000
7039 -650.0000000000
7048 -649.0000000000
7049 -648.0000000000
7061 -647.0000000000
7080 -646.0000000000
7121 -645.0000000000
7124 -644.0000000000
7129 -643.0000000000
7134 -642.0000000000
7136 -641.0000000000
7153 -640.0000000000
7156 -639.0000000000
7187 -638.0000000000
7190 -637.0000000000
7216 -636.0000000000
7219 -635.0000000000
7270 -634.0000000000
7281 -633.0000000000
7324 -632.0000000000
7327 -631.0000000000
7333 -630.0000000000
7337 -629.0000000000
7360 -628.0000000000
7365 -627.0000000000
7367 -626.0000000000
7376 -623.0000000000
7392 -622.0000000000
7399 -621.0000000000
7409 -620.0000000000
7418 -619.0000000000
7426 -618.0000000000
7438 -617.0000000000
7447 -616.0000000000
7448 -615.0000000000
7455 -614.0000000000
7458 -613.0000000000
7490 -612.0000000000
7524 -610.0000000000
7525 -609.0000000000
7526 -608.0000000000
7529 -607.0000000000
7543 -606.0000000000
7617 -605.0000000000
7619 -604.0000000000
7634 -603.0000000000
7657 -602.0000000000
7684 -601.0000000000
7699 -599.0000000000
7727 -598.0000000000
7746 -597.0000000000
7788 -595.0000000000
7789 -594.0000000000
7841 -593.0000000000
7843 -592.0000000000
7845 -591.0000000000
7849 -590.0000000000
7852 -589.0000000000
7860 -588.0000000000
7863 -587.0000000000
7867 -586.0000000000
7871 -585.0000000000
7885 -584.0000000000
7899 -583.0000000000
7907 -582.0000000000
7940 -581.0000000000
7953 -580.0000000000
7956 -579.0000000000
7964 -578.0000000000
7971 -577.0000000000
7984 -575.0000000000
7986 -574.0000000000
8017 -573.0000000000
8028 -572.0000000000
8040 -571.0000000000
8056 -570.0000000000
8065 -569.0000000000
8070 -568.0000000000
8079 -567.0000000000
8089 -566.0000000000
8091 -565.0000000000
8092 -564.0000000000
8116 -563.0000000000
8121 -562.0000000000
8129 -561.0000000000
8144 -560.0000000000
8161 -559.0000000000
8208 -558.0000000000
8221 -557.0000000000
8282 -556.0000000000
8312 -555.0000000000
8325 -554.0000000000
8339 -553.0000000000
8353 -552.0000000000
8393 -551.0000000000
8399 -550.0000000000
8412 -549.0000000000
8425 -548.0000000000
8426 -547.0000000000
8479 -546.0000000000
8487 -545.0000000000
8521 -544.0000000000
8523 -543.0000000000
8565 -541.0000000000
8586 -540.0000000000
8628 -539.0000000000
8637 -538.0000000000
8654 -537.0000000000
8763 -536.0000000000
8771 -535.0000000000
8772 -533.0000000000
8796 -532.0000000000
8826 -531.0000000000
8834 -530.0000000000
8836 -529.0000000000
8839 -528.0000000000
8842 -527.0000000000
8860 -526.0000000000
8862 -525.0000000000
8873 -524.0000000000
8887 -523.0000000000
8907 -522.0000000000
8914 -521.0000000000
8945 -520.0000000000
8975 -519.0000000000
8977 -518.0000000000
8978 -517.0000000000
9003 -516.0000000000
9008 -514.0000000000
9015 -513.0000000000
9043 -512.0000000000
9068 -511.0000000000
9074 -510.0000000000
9077 -509.0000000000
9112 -507.0000000000
9117 -506.0000000000
9155 -505.0000000000
9181 -504.0000000000
9216 -503.0000000000
9219 -502.0000000000
9220 -501.0000000000
9224 -500.0000000000
9230 -499.0000000000
9277 -497.0000000000
9289 -496.0000000000
9297 -495.0000000000
9299 -494.0000000000
9343 -493.0000000000
9397 -492.0000000000
9402 -491.0000000000
9404 -490.0000000000
9410 -489.0000000000
9414 -488.0000000000
9443 -487.0000000000
9448 -486.0000000000
9457 -485.0000000000
9467 -484.0000000000
9481 -483.0000000000
9499 -482.0000000000
9501 -481.0000000000
9505 -480.0000000000
9512 -479.0000000000
9554 -478.0000000000
9559 -477.0000000000
9561 -476.0000000000
9583 -475.0000000000
9622 -474.0000000000
9624 -473.0000000000
9628 -472.0000000000
9643 -471.0000000000
9649 -470.0000000000
9659 -469.0000000000
9667 -467.0000000000
9668 -466.0000000000
9671 -465.0000000000
9703 -464.0000000000
9704 -463.0000000000
9739 -462.0000000000
9745 -461.0000000000
9751 -460.0000000000
9757 -459.0000000000
9758 -458.0000000000
9789 -457.0000000000
9808 -456.0000000000
9823 -455.0000000000
9827 -454.0000000000
9846 -453.0000000000
9885 -452.0000000000
9888 -451.0000000000
9957 -450.0000000000
9971 -448.0000000000
9983 -447.0000000000
9996 -445.0000000000
9998 -444.0000000000
10000 -444.0000000000
