evaluations raw_y
1 -1957.0000000000
13 -1926.0000000000
57 -1907.0000000000
65 -1906.0000000000
79 -1888.0000000000
80 -1874.0000000000
92 -1862.0000000000
114 -1861.0000000000
115 -1859.0000000000
130 -1849.0000000000
141 -1839.0000000000
145 -1836.0000000000
175 -1835.0000000000
176 -1832.0000000000
187 -1828.0000000000
188 -1825.0000000000
208 -1807.0000000000
226 -1803.0000000000
241 -1789.0000000000
282 -1788.0000000000
303 -1787.0000000000
310 -1785.0000000000
311 -1784.0000000000
324 -1783.0000000000
325 -1778.0000000000
345 -1776.0000000000
346 -1766.0000000000
372 -1765.0000000000
373 -1763.0000000000
379 -1751.0000000000
401 -1742.0000000000
429 -1740.0000000000
450 -1737.0000000000
467 -1735.0000000000
486 -1733.0000000000
506 -1731.0000000000
512 -1729.0000000000
532 -1724.0000000000
598 -1720.0000000000
628 -1719.0000000000
632 -1718.0000000000
648 -1717.0000000000
665 -1716.0000000000
666 -1713.0000000000
707 -1712.0000000000
711 -1710.0000000000
745 -1709.0000000000
748 -1707.0000000000
766 -1705.0000000000
782 -1704.0000000000
806 -1701.0000000000
851 -1699.0000000000
875 -1698.0000000000
887 -1696.0000000000
901 -1695.0000000000
919 -1692.0000000000
968 -1689.0000000000
1007 -1688.0000000000
1014 -1687.0000000000
1024 -1686.0000000000
1027 -1684.0000000000
1045 -1683.0000000000
1082 -1682.0000000000
1086 -1680.0000000000
1105 -1678.0000000000
1131 -1677.0000000000
1142 -1674.0000000000
1164 -1672.0000000000
1175 -1671.0000000000
1211 -1670.0000000000
1214 -1669.0000000000
1237 -1666.0000000000
1265 -1665.0000000000
1285 -1663.0000000000
1305 -1660.0000000000
1322 -1659.0000000000
1332 -1658.0000000000
1348 -1656.0000000000
1362 -1655.0000000000
1366 -1653.0000000000
1396 -1652.0000000000
1413 -1651.0000000000
1423 -1649.0000000000
1442 -1648.0000000000
1450 -1647.0000000000
1472 -1646.0000000000
1474 -1644.0000000000
1481 -1643.0000000000
1501 -1641.0000000000
1534 -1640.0000000000
1550 -1638.0000000000
1586 -1637.0000000000
1600 -1636.0000000000
1605 -1635.0000000000
1634 -1632.0000000000
1645 -1630.0000000000
1662 -1629.0000000000
1676 -1628.0000000000
1683 -1627.0000000000
1703 -1625.0000000000
1727 -1624.0000000000
1741 -1621.0000000000
1759 -1620.0000000000
1763 -1619.0000000000
1769 -1618.0000000000
1789 -1617.0000000000
1803 -1615.0000000000
1812 -1613.0000000000
1829 -1610.0000000000
1865 -1609.0000000000
1887 -1608.0000000000
1890 -1605.0000000000
1892 -1604.0000000000
1921 -1603.0000000000
1935 -1602.0000000000
1973 -1601.0000000000
1990 -1600.0000000000
2025 -1598.0000000000
2049 -1596.0000000000
2065 -1595.0000000000
2085 -1592.0000000000
2125 -1591.0000000000
2144 -1590.0000000000
2161 -1589.0000000000
2165 -1588.0000000000
2184 -1587.0000000000
2197 -1586.0000000000
2204 -1584.0000000000
2211 -1583.0000000000
2229 -1582.0000000000
2241 -1581.0000000000
2260 -1580.0000000000
2278 -1577.0000000000
2280 -1575.0000000000
2310 -1574.0000000000
2327 -1572.0000000000
2344 -1570.0000000000
2361 -1567.0000000000
2395 -1566.0000000000
2426 -1565.0000000000
2429 -1562.0000000000
2453 -1561.0000000000
2468 -1560.0000000000
2486 -1559.0000000000
2502 -1558.0000000000
2508 -1557.0000000000
2541 -1556.0000000000
2555 -1555.0000000000
2582 -1553.0000000000
2614 -1552.0000000000
2621 -1550.0000000000
2631 -1549.0000000000
2666 -1548.0000000000
2679 -1547.0000000000
2699 -1546.0000000000
2700 -1544.0000000000
2721 -1543.0000000000
2741 -1542.0000000000
2742 -1541.0000000000
2763 -1539.0000000000
2793 -1538.0000000000
2806 -1537.0000000000
2832 -1536.0000000000
2836 -1534.0000000000
2857 -1533.0000000000
2862 -1531.0000000000
2909 -1530.0000000000
2924 -1527.0000000000
2953 -1525.0000000000
2962 -1524.0000000000
3001 -1523.0000000000
3013 -1522.0000000000
3021 -1519.0000000000
3047 -1517.0000000000
3082 -1516.0000000000
3103 -1515.0000000000
3108 -1514.0000000000
3124 -1512.0000000000
3143 -1510.0000000000
3179 -1508.0000000000
3189 -1507.0000000000
3202 -1506.0000000000
3203 -1505.0000000000
3215 -1503.0000000000
3222 -1502.0000000000
3229 -1500.0000000000
3264 -1499.0000000000
3289 -1498.0000000000
3318 -1497.0000000000
3322 -1496.0000000000
3341 -1495.0000000000
3352 -1494.0000000000
3356 -1492.0000000000
3396 -1490.0000000000
3420 -1488.0000000000
3430 -1483.0000000000
3442 -1482.0000000000
3483 -1481.0000000000
3513 -1480.0000000000
3528 -1479.0000000000
3541 -1478.0000000000
3559 -1476.0000000000
3564 -1475.0000000000
3596 -1474.0000000000
3600 -1473.0000000000
3606 -1472.0000000000
3630 -1471.0000000000
3635 -1470.0000000000
3641 -1469.0000000000
3665 -1467.0000000000
3670 -1465.0000000000
3701 -1464.0000000000
3716 -1463.0000000000
3742 -1462.0000000000
3760 -1460.0000000000
3765 -1459.0000000000
3769 -1458.0000000000
3797 -1457.0000000000
3806 -1453.0000000000
3826 -1452.0000000000
3844 -1451.0000000000
3867 -1450.0000000000
3881 -1448.0000000000
3910 -1447.0000000000
3926 -1445.0000000000
3932 -1443.0000000000
3962 -1441.0000000000
3994 -1440.0000000000
4002 -1439.0000000000
4004 -1438.0000000000
4032 -1436.0000000000
4051 -1435.0000000000
4071 -1434.0000000000
4079 -1432.0000000000
4110 -1431.0000000000
4120 -1430.0000000000
4126 -1429.0000000000
4127 -1428.0000000000
4173 -1426.0000000000
4189 -1423.0000000000
4198 -1422.0000000000
4221 -1421.0000000000
4227 -1419.0000000000
4243 -1418.0000000000
4269 -1417.0000000000
4302 -1416.0000000000
4305 -1414.0000000000
4317 -1413.0000000000
4347 -1412.0000000000
4356 -1411.0000000000
4367 -1410.0000000000
4373 -1409.0000000000
4376 -1408.0000000000
4385 -1406.0000000000
4428 -1402.0000000000
4471 -1400.0000000000
4483 -1399.0000000000
4509 -1398.0000000000
4522 -1395.0000000000
4543 -1392.0000000000
4579 -1388.0000000000
4613 -1387.0000000000
4618 -1386.0000000000
4627 -1385.0000000000
4647 -1384.0000000000
4666 -1383.0000000000
4682 -1382.0000000000
4704 -1381.0000000000
4720 -1380.0000000000
4722 -1379.0000000000
4746 -1377.0000000000
4787 -1376.0000000000
4789 -1375.0000000000
4802 -1374.0000000000
4803 -1371.0000000000
4833 -1370.0000000000
4862 -1369.0000000000
4865 -1368.0000000000
4882 -1364.0000000000
4917 -1363.0000000000
4925 -1361.0000000000
4969 -1358.0000000000
4975 -1357.0000000000
5010 -1356.0000000000
5059 -1355.0000000000
5061 -1354.0000000000
5067 -1352.0000000000
5083 -1351.0000000000
5097 -1350.0000000000
5105 -1348.0000000000
5124 -1347.0000000000
5147 -1345.0000000000
5181 -1344.0000000000
5186 -1343.0000000000
5204 -1342.0000000000
5215 -1341.0000000000
5221 -1340.0000000000
5251 -1339.0000000000
5266 -1338.0000000000
5281 -1335.0000000000
5314 -1333.0000000000
5366 -1332.0000000000
5381 -1330.0000000000
5422 -1329.0000000000
5436 -1328.0000000000
5446 -1327.0000000000
5448 -1326.0000000000
5462 -1325.0000000000
5472 -1324.0000000000
5493 -1323.0000000000
5503 -1322.0000000000
5527 -1320.0000000000
5536 -1319.0000000000
5552 -1317.0000000000
5561 -1316.0000000000
5586 -1314.0000000000
5613 -1312.0000000000
5626 -1310.0000000000
5650 -1309.0000000000
5663 -1308.0000000000
5672 -1306.0000000000
5705 -1304.0000000000
5709 -1301.0000000000
5763 -1300.0000000000
5769 -1297.0000000000
5783 -1296.0000000000
5805 -1293.0000000000
5821 -1292.0000000000
5853 -1291.0000000000
5884 -1288.0000000000
5921 -1287.0000000000
5924 -1285.0000000000
5943 -1284.0000000000
5970 -1283.0000000000
5979 -1282.0000000000
5981 -1279.0000000000
6002 -1277.0000000000
6028 -1276.0000000000
6044 -1274.0000000000
6070 -1273.0000000000
6084 -1271.0000000000
6113 -1269.0000000000
6131 -1268.0000000000
6138 -1267.0000000000
6154 -1266.0000000000
6159 -1264.0000000000
6183 -1263.0000000000
6215 -1262.0000000000
6225 -1259.0000000000
6253 -1255.0000000000
6263 -1253.0000000000
6285 -1250.0000000000
6326 -1248.0000000000
6350 -1247.0000000000
6362 -1246.0000000000
6394 -1245.0000000000
6405 -1243.0000000000
6421 -1242.0000000000
6441 -1241.0000000000
6472 -1239.0000000000
6491 -1238.0000000000
6502 -1237.0000000000
6525 -1236.0000000000
6531 -1234.0000000000
6546 -1233.0000000000
6566 -1232.0000000000
6579 -1231.0000000000
6591 -1230.0000000000
6607 -1228.0000000000
6622 -1226.0000000000
6641 -1225.0000000000
6665 -1224.0000000000
6684 -1223.0000000000
6703 -1221.0000000000
6722 -1220.0000000000
6724 -1218.0000000000
6752 -1217.0000000000
6762 -1216.0000000000
6778 -1215.0000000000
6782 -1212.0000000000
6823 -1210.0000000000
6856 -1209.0000000000
6867 -1207.0000000000
6885 -1204.0000000000
6905 -1203.0000000000
6917 -1202.0000000000
6922 -1201.0000000000
6966 -1200.0000000000
6973 -1199.0000000000
6981 -1198.0000000000
6987 -1196.0000000000
7021 -1195.0000000000
7024 -1194.0000000000
7062 -1192.0000000000
7084 -1191.0000000000
7086 -1190.0000000000
7094 -1189.0000000000
7126 -1188.0000000000
7137 -1187.0000000000
7142 -1186.0000000000
7163 -1185.0000000000
7172 -1184.0000000000
7182 -1181.0000000000
7207 -1180.0000000000
7226 -1179.0000000000
7243 -1177.0000000000
7262 -1176.0000000000
7284 -1175.0000000000
7311 -1174.0000000000
7323 -1173.0000000000
7331 -1172.0000000000
7358 -1171.0000000000
7386 -1170.0000000000
7418 -1169.0000000000
7424 -1168.0000000000
7451 -1167.0000000000
7463 -1166.0000000000
7482 -1165.0000000000
7501 -1164.0000000000
7509 -1163.0000000000
7523 -1162.0000000000
7544 -1161.0000000000
7546 -1160.0000000000
7567 -1159.0000000000
7586 -1158.0000000000
7591 -1156.0000000000
7603 -1155.0000000000
7627 -1154.0000000000
7645 -1152.0000000000
7673 -1151.0000000000
7707 -1150.0000000000
7709 -1147.0000000000
7733 -1146.0000000000
7749 -1145.0000000000
7760 -1144.0000000000
7761 -1143.0000000000
7778 -1142.0000000000
7789 -1141.0000000000
7807 -1139.0000000000
7841 -1137.0000000000
7883 -1136.0000000000
7895 -1134.0000000000
7896 -1133.0000000000
7903 -1131.0000000000
7949 -1130.0000000000
7980 -1129.0000000000
7996 -1128.0000000000
8028 -1127.0000000000
8043 -1125.0000000000
8068 -1124.0000000000
8088 -1123.0000000000
8109 -1122.0000000000
8115 -1121.0000000000
8133 -1120.0000000000
8152 -1119.0000000000
8172 -1118.0000000000
8182 -1117.0000000000
8194 -1115.0000000000
8206 -1114.0000000000
8228 -1113.0000000000
8232 -1111.0000000000
8255 -1110.0000000000
8276 -1109.0000000000
8284 -1108.0000000000
8315 -1106.0000000000
8318 -1105.0000000000
8321 -1102.0000000000
8355 -1101.0000000000
8363 -1099.0000000000
8381 -1098.0000000000
8412 -1096.0000000000
8422 -1095.0000000000
8444 -1094.0000000000
8485 -1092.0000000000
8511 -1091.0000000000
8522 -1090.0000000000
8530 -1089.0000000000
8540 -1088.0000000000
8585 -1087.0000000000
8591 -1086.0000000000
8618 -1085.0000000000
8623 -1084.0000000000
8663 -1082.0000000000
8678 -1081.0000000000
8682 -1078.0000000000
8706 -1077.0000000000
8740 -1076.0000000000
8763 -1074.0000000000
8801 -1073.0000000000
8822 -1072.0000000000
8841 -1071.0000000000
8862 -1070.0000000000
8867 -1069.0000000000
8884 -1068.0000000000
8896 -1066.0000000000
8912 -1064.0000000000
8943 -1063.0000000000
8962 -1062.0000000000
8985 -1061.0000000000
8990 -1059.0000000000
8998 -1058.0000000000
9019 -1057.0000000000
9020 -1056.0000000000
9022 -1055.0000000000
9052 -1054.0000000000
9077 -1053.0000000000
9095 -1052.0000000000
9107 -1051.0000000000
9124 -1050.0000000000
9145 -1049.0000000000
9162 -1047.0000000000
9185 -1046.0000000000
9203 -1045.0000000000
9229 -1044.0000000000
9237 -1042.0000000000
9248 -1041.0000000000
9288 -1039.0000000000
9316 -1038.0000000000
9347 -1037.0000000000
9361 -1036.0000000000
9370 -1035.0000000000
9384 -1034.0000000000
9421 -1033.0000000000
9424 -1031.0000000000
9455 -1030.0000000000
9474 -1029.0000000000
9482 -1028.0000000000
9501 -1025.0000000000
9561 -1021.0000000000
9624 -1020.0000000000
9637 -1019.0000000000
9648 -1017.0000000000
9700 -1016.0000000000
9706 -1014.0000000000
9742 -1013.0000000000
9770 -1011.0000000000
9818 -1010.0000000000
9826 -1006.0000000000
9862 -1005.0000000000
9882 -1004.0000000000
9908 -1003.0000000000
9928 -1002.0000000000
9952 -1001.0000000000
9982 -1000.0000000000
9985 -997.0000000000
10000 -1000.0000000000
