evaluations raw_y
1 -2009.0000000000
2 -1902.0000000000
41 -1901.0000000000
50 -1879.0000000000
70 -1867.0000000000
94 -1843.0000000000
109 -1842.0000000000
121 -1839.0000000000
126 -1805.0000000000
142 -1792.0000000000
163 -1791.0000000000
169 -1787.0000000000
180 -1785.0000000000
190 -1783.0000000000
202 -1782.0000000000
203 -1760.0000000000
252 -1759.0000000000
262 -1758.0000000000
263 -1757.0000000000
265 -1748.0000000000
284 -1738.0000000000
297 -1735.0000000000
306 -1733.0000000000
333 -1728.0000000000
340 -1727.0000000000
341 -1726.0000000000
353 -1725.0000000000
361 -1723.0000000000
367 -1722.0000000000
378 -1720.0000000000
382 -1718.0000000000
383 -1707.0000000000
415 -1706.0000000000
430 -1701.0000000000
449 -1696.0000000000
464 -1695.0000000000
484 -1691.0000000000
504 -1690.0000000000
523 -1684.0000000000
557 -1683.0000000000
559 -1682.0000000000
584 -1679.0000000000
614 -1674.0000000000
651 -1672.0000000000
661 -1670.0000000000
681 -1669.0000000000
708 -1668.0000000000
709 -1666.0000000000
741 -1665.0000000000
753 -1661.0000000000
774 -1659.0000000000
807 -1658.0000000000
808 -1656.0000000000
845 -1655.0000000000
857 -1654.0000000000
879 -1652.0000000000
885 -1651.0000000000
906 -1650.0000000000
907 -1649.0000000000
922 -1648.0000000000
935 -1647.0000000000
942 -1643.0000000000
982 -1641.0000000000
1015 -1639.0000000000
1032 -1637.0000000000
1069 -1635.0000000000
1082 -1633.0000000000
1103 -1632.0000000000
1112 -1630.0000000000
1142 -1629.0000000000
1154 -1628.0000000000
1183 -1627.0000000000
1204 -1626.0000000000
1223 -1625.0000000000
1228 -1624.0000000000
1245 -1622.0000000000
1282 -1621.0000000000
1285 -1620.0000000000
1301 -1619.0000000000
1315 -1618.0000000000
1321 -1617.0000000000
1339 -1616.0000000000
1361 -1615.0000000000
1368 -1614.0000000000
1381 -1613.0000000000
1388 -1612.0000000000
1402 -1610.0000000000
1429 -1607.0000000000
1465 -1606.0000000000
1484 -1605.0000000000
1497 -1604.0000000000
1499 -1602.0000000000
1524 -1601.0000000000
1532 -1600.0000000000
1558 -1599.0000000000
1561 -1598.0000000000
1577 -1597.0000000000
1578 -1596.0000000000
1601 -1595.0000000000
1603 -1594.0000000000
1604 -1593.0000000000
1623 -1591.0000000000
1629 -1589.0000000000
1647 -1588.0000000000
1679 -1587.0000000000
1681 -1586.0000000000
1710 -1585.0000000000
1714 -1582.0000000000
1723 -1580.0000000000
1746 -1579.0000000000
1751 -1578.0000000000
1754 -1577.0000000000
1768 -1576.0000000000
1784 -1575.0000000000
1785 -1574.0000000000
1803 -1571.0000000000
1821 -1570.0000000000
1842 -1569.0000000000
1856 -1568.0000000000
1858 -1567.0000000000
1865 -1566.0000000000
1890 -1565.0000000000
1897 -1564.0000000000
1910 -1562.0000000000
1923 -1560.0000000000
1942 -1559.0000000000
1956 -1558.0000000000
1973 -1557.0000000000
1989 -1556.0000000000
2008 -1555.0000000000
2027 -1554.0000000000
2029 -1553.0000000000
2048 -1552.0000000000
2075 -1550.0000000000
2089 -1549.0000000000
2091 -1548.0000000000
2112 -1546.0000000000
2113 -1545.0000000000
2122 -1544.0000000000
2148 -1542.0000000000
2161 -1541.0000000000
2182 -1540.0000000000
2198 -1539.0000000000
2221 -1538.0000000000
2246 -1537.0000000000
2262 -1536.0000000000
2268 -1534.0000000000
2284 -1533.0000000000
2311 -1532.0000000000
2330 -1530.0000000000
2333 -1529.0000000000
2342 -1528.0000000000
2371 -1527.0000000000
2385 -1526.0000000000
2404 -1523.0000000000
2421 -1521.0000000000
2464 -1520.0000000000
2486 -1519.0000000000
2510 -1518.0000000000
2528 -1517.0000000000
2534 -1515.0000000000
2550 -1514.0000000000
2566 -1512.0000000000
2588 -1510.0000000000
2601 -1509.0000000000
2616 -1507.0000000000
2631 -1505.0000000000
2644 -1504.0000000000
2645 -1501.0000000000
2688 -1498.0000000000
2705 -1497.0000000000
2715 -1496.0000000000
2718 -1493.0000000000
2733 -1491.0000000000
2742 -1490.0000000000
2771 -1489.0000000000
2781 -1487.0000000000
2808 -1486.0000000000
2817 -1485.0000000000
2828 -1484.0000000000
2836 -1481.0000000000
2879 -1480.0000000000
2880 -1479.0000000000
2890 -1478.0000000000
2901 -1477.0000000000
2917 -1476.0000000000
2922 -1475.0000000000
2943 -1474.0000000000
2950 -1471.0000000000
2993 -1469.0000000000
3001 -1468.0000000000
3040 -1466.0000000000
3064 -1465.0000000000
3082 -1464.0000000000
3091 -1463.0000000000
3117 -1462.0000000000
3121 -1461.0000000000
3123 -1460.0000000000
3141 -1459.0000000000
3161 -1458.0000000000
3185 -1457.0000000000
3195 -1456.0000000000
3203 -1454.0000000000
3240 -1452.0000000000
3243 -1451.0000000000
3264 -1450.0000000000
3284 -1446.0000000000
3307 -1444.0000000000
3343 -1443.0000000000
3346 -1440.0000000000
3378 -1439.0000000000
3382 -1438.0000000000
3389 -1436.0000000000
3433 -1435.0000000000
3449 -1434.0000000000
3451 -1432.0000000000
3481 -1430.0000000000
3513 -1429.0000000000
3525 -1428.0000000000
3544 -1427.0000000000
3545 -1426.0000000000
3587 -1425.0000000000
3611 -1424.0000000000
3622 -1422.0000000000
3646 -1421.0000000000
3659 -1419.0000000000
3682 -1418.0000000000
3685 -1416.0000000000
3728 -1414.0000000000
3756 -1412.0000000000
3766 -1411.0000000000
3782 -1409.0000000000
3796 -1407.0000000000
3823 -1405.0000000000
3835 -1403.0000000000
3842 -1402.0000000000
3861 -1398.0000000000
3903 -1397.0000000000
3921 -1396.0000000000
3924 -1395.0000000000
3949 -1394.0000000000
3957 -1392.0000000000
3969 -1391.0000000000
3980 -1390.0000000000
4014 -1389.0000000000
4023 -1387.0000000000
4056 -1386.0000000000
4061 -1384.0000000000
4081 -1382.0000000000
4103 -1381.0000000000
4142 -1380.0000000000
4158 -1379.0000000000
4176 -1377.0000000000
4184 -1375.0000000000
4234 -1374.0000000000
4252 -1373.0000000000
4276 -1372.0000000000
4285 -1371.0000000000
4302 -1370.0000000000
4319 -1368.0000000000
4324 -1367.0000000000
4368 -1364.0000000000
4408 -1363.0000000000
4454 -1362.0000000000
4462 -1361.0000000000
4489 -1360.0000000000
4490 -1359.0000000000
4503 -1358.0000000000
4505 -1357.0000000000
4530 -1356.0000000000
4532 -1354.0000000000
4562 -1352.0000000000
4581 -1351.0000000000
4602 -1350.0000000000
4620 -1349.0000000000
4625 -1348.0000000000
4639 -1347.0000000000
4641 -1343.0000000000
4678 -1341.0000000000
4693 -1340.0000000000
4713 -1339.0000000000
4721 -1338.0000000000
4737 -1337.0000000000
4767 -1336.0000000000
4768 -1335.0000000000
4784 -1334.0000000000
4797 -1332.0000000000
4817 -1331.0000000000
4843 -1329.0000000000
4857 -1328.0000000000
4866 -1327.0000000000
4882 -1326.0000000000
4910 -1324.0000000000
4948 -1322.0000000000
4961 -1321.0000000000
4966 -1320.0000000000
4996 -1318.0000000000
5028 -1316.0000000000
5050 -1313.0000000000
5083 -1312.0000000000
5102 -1311.0000000000
5113 -1309.0000000000
5123 -1308.0000000000
5141 -1307.0000000000
5154 -1305.0000000000
5163 -1304.0000000000
5166 -1303.0000000000
5184 -1302.0000000000
5197 -1301.0000000000
5202 -1299.0000000000
5205 -1297.0000000000
5256 -1296.0000000000
5261 -1293.0000000000
5282 -1292.0000000000
5295 -1290.0000000000
5322 -1289.0000000000
5326 -1288.0000000000
5346 -1287.0000000000
5361 -1284.0000000000
5408 -1282.0000000000
5413 -1281.0000000000
5422 -1279.0000000000
5472 -1276.0000000000
5495 -1274.0000000000
5506 -1273.0000000000
5526 -1270.0000000000
5538 -1269.0000000000
5561 -1267.0000000000
5576 -1266.0000000000
5613 -1265.0000000000
5621 -1264.0000000000
5626 -1262.0000000000
5649 -1259.0000000000
5650 -1258.0000000000
5664 -1254.0000000000
5682 -1253.0000000000
5735 -1250.0000000000
5764 -1248.0000000000
5771 -1247.0000000000
5784 -1246.0000000000
5806 -1245.0000000000
5827 -1243.0000000000
5838 -1242.0000000000
5842 -1241.0000000000
5871 -1240.0000000000
5881 -1238.0000000000
5885 -1237.0000000000
5925 -1236.0000000000
5943 -1235.0000000000
5956 -1234.0000000000
5978 -1233.0000000000
5988 -1232.0000000000
6008 -1228.0000000000
6046 -1227.0000000000
6054 -1226.0000000000
6064 -1225.0000000000
6087 -1224.0000000000
6110 -1223.0000000000
6144 -1222.0000000000
6156 -1221.0000000000
6181 -1220.0000000000
6187 -1218.0000000000
6204 -1217.0000000000
6207 -1216.0000000000
6224 -1213.0000000000
6266 -1212.0000000000
6270 -1211.0000000000
6286 -1210.0000000000
6310 -1208.0000000000
6322 -1207.0000000000
6336 -1206.0000000000
6342 -1205.0000000000
6385 -1204.0000000000
6394 -1201.0000000000
6432 -1200.0000000000
6454 -1199.0000000000
6457 -1198.0000000000
6471 -1196.0000000000
6504 -1195.0000000000
6523 -1194.0000000000
6554 -1193.0000000000
6571 -1192.0000000000
6596 -1189.0000000000
6632 -1186.0000000000
6656 -1185.0000000000
6664 -1184.0000000000
6709 -1183.0000000000
6717 -1181.0000000000
6724 -1180.0000000000
6744 -1179.0000000000
6766 -1178.0000000000
6785 -1177.0000000000
6827 -1176.0000000000
6837 -1175.0000000000
6855 -1174.0000000000
6866 -1173.0000000000
6885 -1171.0000000000
6929 -1170.0000000000
6942 -1168.0000000000
6963 -1167.0000000000
6994 -1166.0000000000
7003 -1165.0000000000
7027 -1163.0000000000
7041 -1162.0000000000
7071 -1161.0000000000
7081 -1159.0000000000
7103 -1158.0000000000
7121 -1157.0000000000
7134 -1155.0000000000
7180 -1153.0000000000
7184 -1151.0000000000
7209 -1150.0000000000
7244 -1149.0000000000
7251 -1148.0000000000
7257 -1147.0000000000
7261 -1146.0000000000
7278 -1145.0000000000
7316 -1144.0000000000
7318 -1142.0000000000
7341 -1140.0000000000
7393 -1139.0000000000
7403 -1138.0000000000
7424 -1137.0000000000
7425 -1134.0000000000
7463 -1133.0000000000
7502 -1132.0000000000
7528 -1131.0000000000
7557 -1130.0000000000
7559 -1129.0000000000
7562 -1128.0000000000
7583 -1126.0000000000
7626 -1123.0000000000
7663 -1122.0000000000
7675 -1120.0000000000
7684 -1119.0000000000
7703 -1118.0000000000
7729 -1117.0000000000
7743 -1116.0000000000
7764 -1114.0000000000
7789 -1112.0000000000
7812 -1111.0000000000
7851 -1109.0000000000
7867 -1108.0000000000
7886 -1107.0000000000
7912 -1106.0000000000
7944 -1104.0000000000
7948 -1103.0000000000
7973 -1102.0000000000
8004 -1101.0000000000
8008 -1100.0000000000
8024 -1098.0000000000
8075 -1097.0000000000
8081 -1095.0000000000
8112 -1094.0000000000
8127 -1093.0000000000
8136 -1092.0000000000
8160 -1091.0000000000
8166 -1090.0000000000
8172 -1089.0000000000
8205 -1088.0000000000
8237 -1086.0000000000
8267 -1085.0000000000
8282 -1082.0000000000
8348 -1081.0000000000
8360 -1080.0000000000
8362 -1079.0000000000
8390 -1078.0000000000
8420 -1077.0000000000
8425 -1076.0000000000
8445 -1073.0000000000
8484 -1071.0000000000
8529 -1070.0000000000
8546 -1068.0000000000
8567 -1067.0000000000
8577 -1065.0000000000
8595 -1064.0000000000
8602 -1063.0000000000
8637 -1062.0000000000
8647 -1060.0000000000
8703 -1059.0000000000
8722 -1058.0000000000
8723 -1056.0000000000
8750 -1055.0000000000
8777 -1053.0000000000
8794 -1052.0000000000
8813 -1051.0000000000
8841 -1050.0000000000
8868 -1049.0000000000
8900 -1048.0000000000
8909 -1047.0000000000
8924 -1046.0000000000
8928 -1045.0000000000
8964 -1042.0000000000
8978 -1041.0000000000
9018 -1040.0000000000
9022 -1037.0000000000
9048 -1036.0000000000
9083 -1033.0000000000
9122 -1031.0000000000
9127 -1030.0000000000
9169 -1029.0000000000
9178 -1027.0000000000
9189 -1026.0000000000
9224 -1025.0000000000
9253 -1023.0000000000
9265 -1022.0000000000
9272 -1021.0000000000
9286 -1020.0000000000
9310 -1019.0000000000
9339 -1017.0000000000
9350 -1014.0000000000
9402 -1013.0000000000
9427 -1012.0000000000
9446 -1011.0000000000
9481 -1010.0000000000
9482 -1009.0000000000
9502 -1008.0000000000
9511 -1007.0000000000
9543 -1005.0000000000
9570 -1003.0000000000
9593 -1001.0000000000
9618 -1000.0000000000
9661 -999.0000000000
9691 -997.0000000000
9702 -996.0000000000
9741 -994.0000000000
9774 -993.0000000000
9801 -991.0000000000
9832 -990.0000000000
9860 -989.0000000000
9879 -988.0000000000
9888 -987.0000000000
9906 -985.0000000000
9912 -984.0000000000
9930 -983.0000000000
9948 -982.0000000000
9963 -981.0000000000
9988 -980.0000000000
10002 -979.0000000000
10032 -978.0000000000
10037 -977.0000000000
10052 -976.0000000000
10069 -975.0000000000
10074 -973.0000000000
10082 -972.0000000000
10101 -971.0000000000
10136 -970.0000000000
10181 -967.0000000000
10224 -966.0000000000
10240 -965.0000000000
10263 -964.0000000000
10282 -963.0000000000
10301 -962.0000000000
10320 -961.0000000000
10352 -960.0000000000
10360 -958.0000000000
10415 -957.0000000000
10416 -956.0000000000
10464 -955.0000000000
10501 -953.0000000000
10530 -951.0000000000
10556 -950.0000000000
10578 -949.0000000000
10586 -948.0000000000
10619 -947.0000000000
10635 -946.0000000000
10646 -945.0000000000
10664 -941.0000000000
10717 -940.0000000000
10719 -939.0000000000
10744 -937.0000000000
10781 -936.0000000000
10790 -935.0000000000
10826 -934.0000000000
10875 -933.0000000000
10898 -931.0000000000
10922 -930.0000000000
10925 -929.0000000000
10947 -928.0000000000
10963 -927.0000000000
10982 -926.0000000000
11005 -925.0000000000
11025 -923.0000000000
11043 -922.0000000000
11074 -917.0000000000
11113 -916.0000000000
11141 -915.0000000000
11150 -914.0000000000
11177 -913.0000000000
11178 -912.0000000000
11182 -911.0000000000
11212 -909.0000000000
11221 -908.0000000000
11272 -907.0000000000
11281 -906.0000000000
11304 -905.0000000000
11309 -903.0000000000
11339 -901.0000000000
11356 -900.0000000000
11383 -898.0000000000
11411 -897.0000000000
11425 -896.0000000000
11441 -895.0000000000
11461 -893.0000000000
11496 -892.0000000000
11514 -891.0000000000
11526 -889.0000000000
11546 -888.0000000000
11586 -887.0000000000
11607 -886.0000000000
11620 -885.0000000000
11637 -883.0000000000
11683 -881.0000000000
11703 -879.0000000000
11714 -878.0000000000
11739 -877.0000000000
11762 -876.0000000000
11768 -875.0000000000
11784 -874.0000000000
11823 -873.0000000000
11843 -872.0000000000
11862 -870.0000000000
11880 -869.0000000000
11903 -868.0000000000
11924 -867.0000000000
11947 -866.0000000000
11963 -864.0000000000
11986 -863.0000000000
12019 -862.0000000000
12021 -861.0000000000
12047 -860.0000000000
12048 -859.0000000000
12083 -858.0000000000
12088 -857.0000000000
12105 -856.0000000000
12122 -855.0000000000
12125 -854.0000000000
12143 -853.0000000000
12163 -852.0000000000
12181 -851.0000000000
12198 -848.0000000000
12231 -846.0000000000
12273 -845.0000000000
12281 -843.0000000000
12304 -842.0000000000
12321 -841.0000000000
12322 -840.0000000000
12364 -839.0000000000
12369 -838.0000000000
12402 -837.0000000000
12413 -836.0000000000
12435 -835.0000000000
12457 -834.0000000000
12473 -833.0000000000
12501 -832.0000000000
12527 -831.0000000000
12530 -830.0000000000
12547 -829.0000000000
12567 -828.0000000000
12578 -827.0000000000
12595 -826.0000000000
12607 -823.0000000000
12624 -822.0000000000
12632 -821.0000000000
12662 -820.0000000000
12680 -818.0000000000
12686 -817.0000000000
12719 -816.0000000000
12752 -815.0000000000
12758 -814.0000000000
12771 -813.0000000000
12803 -812.0000000000
12812 -811.0000000000
12823 -809.0000000000
12868 -808.0000000000
12881 -805.0000000000
12957 -803.0000000000
12959 -802.0000000000
12992 -801.0000000000
13001 -800.0000000000
13007 -798.0000000000
13030 -797.0000000000
13042 -795.0000000000
13079 -794.0000000000
13104 -793.0000000000
13105 -792.0000000000
13143 -789.0000000000
13162 -788.0000000000
13197 -787.0000000000
13216 -786.0000000000
13241 -785.0000000000
13245 -784.0000000000
13305 -783.0000000000
13321 -782.0000000000
13329 -781.0000000000
13344 -779.0000000000
13371 -776.0000000000
13407 -775.0000000000
13441 -773.0000000000
13474 -770.0000000000
13532 -769.0000000000
13544 -767.0000000000
13587 -764.0000000000
13633 -763.0000000000
13648 -762.0000000000
13675 -761.0000000000
13688 -760.0000000000
13709 -759.0000000000
13729 -758.0000000000
13783 -756.0000000000
13826 -755.0000000000
13866 -754.0000000000
13867 -752.0000000000
13885 -750.0000000000
13901 -749.0000000000
13930 -748.0000000000
13944 -747.0000000000
13956 -745.0000000000
13985 -744.0000000000
14003 -741.0000000000
14037 -739.0000000000
14045 -738.0000000000
14077 -737.0000000000
14105 -736.0000000000
14129 -735.0000000000
14154 -733.0000000000
14163 -732.0000000000
14200 -731.0000000000
14216 -730.0000000000
14236 -729.0000000000
14251 -728.0000000000
14276 -726.0000000000
14277 -725.0000000000
14313 -723.0000000000
14335 -720.0000000000
14376 -719.0000000000
14407 -718.0000000000
14414 -717.0000000000
14450 -716.0000000000
14477 -715.0000000000
14511 -714.0000000000
14522 -713.0000000000
14528 -712.0000000000
14548 -711.0000000000
14590 -710.0000000000
14600 -709.0000000000
14618 -708.0000000000
14621 -707.0000000000
14642 -706.0000000000
14664 -705.0000000000
14707 -704.0000000000
14722 -702.0000000000
14750 -701.0000000000
14805 -700.0000000000
14846 -698.0000000000
14888 -697.0000000000
14898 -695.0000000000
14933 -693.0000000000
14943 -692.0000000000
14949 -691.0000000000
14978 -688.0000000000
14993 -687.0000000000
15001 -686.0000000000
15040 -684.0000000000
15064 -683.0000000000
15088 -682.0000000000
15133 -681.0000000000
15134 -680.0000000000
15150 -679.0000000000
15184 -678.0000000000
15186 -676.0000000000
15201 -675.0000000000
15239 -673.0000000000
15261 -672.0000000000
15307 -670.0000000000
15345 -668.0000000000
15393 -667.0000000000
15394 -666.0000000000
15417 -665.0000000000
15480 -664.0000000000
15494 -663.0000000000
15506 -662.0000000000
15528 -661.0000000000
15558 -659.0000000000
15572 -657.0000000000
15643 -656.0000000000
15654 -655.0000000000
15681 -654.0000000000
15721 -653.0000000000
15728 -652.0000000000
15741 -651.0000000000
15767 -650.0000000000
15800 -649.0000000000
15844 -648.0000000000
15848 -646.0000000000
15896 -645.0000000000
15908 -644.0000000000
15931 -643.0000000000
15977 -642.0000000000
15981 -640.0000000000
16045 -639.0000000000
16059 -638.0000000000
16088 -637.0000000000
16109 -636.0000000000
16121 -635.0000000000
16147 -634.0000000000
16169 -633.0000000000
16195 -632.0000000000
16225 -631.0000000000
16246 -630.0000000000
16268 -629.0000000000
16282 -628.0000000000
16293 -627.0000000000
16321 -626.0000000000
16344 -625.0000000000
16363 -623.0000000000
16402 -622.0000000000
16423 -621.0000000000
16450 -619.0000000000
16496 -617.0000000000
16520 -615.0000000000
16542 -614.0000000000
16563 -613.0000000000
16576 -611.0000000000
16625 -609.0000000000
16644 -608.0000000000
16686 -607.0000000000
16741 -606.0000000000
16772 -605.0000000000
16781 -604.0000000000
16804 -603.0000000000
16839 -601.0000000000
16897 -600.0000000000
16922 -599.0000000000
16940 -597.0000000000
16985 -595.0000000000
17038 -594.0000000000
17055 -593.0000000000
17093 -590.0000000000
17134 -587.0000000000
17184 -586.0000000000
17222 -585.0000000000
17262 -584.0000000000
17281 -583.0000000000
17290 -582.0000000000
17313 -581.0000000000
17336 -580.0000000000
17377 -579.0000000000
17386 -578.0000000000
17436 -577.0000000000
17449 -576.0000000000
17465 -575.0000000000
17499 -574.0000000000
17544 -573.0000000000
17603 -571.0000000000
17624 -570.0000000000
17645 -569.0000000000
17650 -568.0000000000
17681 -566.0000000000
17729 -565.0000000000
17782 -563.0000000000
17843 -562.0000000000
17892 -561.0000000000
17917 -559.0000000000
17931 -558.0000000000
17953 -557.0000000000
17964 -556.0000000000
17996 -555.0000000000
18022 -554.0000000000
18054 -553.0000000000
18083 -552.0000000000
18142 -551.0000000000
18164 -550.0000000000
18181 -549.0000000000
18192 -547.0000000000
18224 -546.0000000000
18247 -545.0000000000
18281 -543.0000000000
18340 -542.0000000000
18353 -541.0000000000
18374 -540.0000000000
18382 -539.0000000000
18411 -538.0000000000
18449 -537.0000000000
18451 -536.0000000000
18455 -535.0000000000
18481 -533.0000000000
18526 -532.0000000000
18569 -531.0000000000
18600 -530.0000000000
18604 -529.0000000000
18611 -528.0000000000
18669 -527.0000000000
18690 -525.0000000000
18742 -524.0000000000
18767 -523.0000000000
18827 -522.0000000000
18855 -521.0000000000
18891 -519.0000000000
18921 -518.0000000000
18948 -517.0000000000
18962 -516.0000000000
19020 -515.0000000000
19021 -514.0000000000
19063 -513.0000000000
19090 -512.0000000000
19111 -511.0000000000
19148 -510.0000000000
19171 -509.0000000000
19213 -508.0000000000
19224 -506.0000000000
19241 -505.0000000000
19283 -502.0000000000
19390 -500.0000000000
19444 -499.0000000000
19470 -498.0000000000
19489 -497.0000000000
19524 -495.0000000000
19572 -494.0000000000
19585 -493.0000000000
19601 -491.0000000000
19650 -490.0000000000
19669 -489.0000000000
19695 -488.0000000000
19707 -487.0000000000
19723 -486.0000000000
19809 -485.0000000000
19830 -483.0000000000
19876 -482.0000000000
19882 -481.0000000000
19906 -480.0000000000
19932 -479.0000000000
19943 -478.0000000000
19982 -477.0000000000
20003 -476.0000000000
20043 -475.0000000000
20054 -474.0000000000
20094 -473.0000000000
20110 -471.0000000000
20149 -470.0000000000
20185 -469.0000000000
20203 -468.0000000000
20281 -467.0000000000
20301 -466.0000000000
20325 -465.0000000000
20346 -464.0000000000
20381 -463.0000000000
20415 -462.0000000000
20449 -461.0000000000
20501 -460.0000000000
20544 -459.0000000000
20575 -458.0000000000
20605 -457.0000000000
20655 -456.0000000000
20676 -454.0000000000
20716 -453.0000000000
20726 -452.0000000000
20762 -451.0000000000
20791 -450.0000000000
20806 -449.0000000000
20844 -448.0000000000
20845 -447.0000000000
20871 -446.0000000000
20883 -445.0000000000
20925 -444.0000000000
20972 -443.0000000000
21005 -441.0000000000
21024 -440.0000000000
21036 -439.0000000000
21063 -438.0000000000
21081 -437.0000000000
21104 -436.0000000000
21140 -435.0000000000
21152 -434.0000000000
21190 -433.0000000000
21242 -432.0000000000
21284 -429.0000000000
21322 -428.0000000000
21363 -427.0000000000
21367 -426.0000000000
21400 -425.0000000000
21436 -424.0000000000
21475 -423.0000000000
21517 -422.0000000000
21571 -421.0000000000
21587 -420.0000000000
21607 -419.0000000000
21655 -418.0000000000
21665 -417.0000000000
21691 -416.0000000000
21701 -415.0000000000
21749 -414.0000000000
21774 -413.0000000000
21789 -412.0000000000
21818 -411.0000000000
21845 -410.0000000000
21865 -409.0000000000
21921 -408.0000000000
21945 -406.0000000000
21980 -405.0000000000
21996 -404.0000000000
22041 -401.0000000000
22079 -400.0000000000
22140 -399.0000000000
22189 -398.0000000000
22242 -397.0000000000
22310 -396.0000000000
22334 -395.0000000000
22344 -394.0000000000
22365 -393.0000000000
22417 -392.0000000000
22432 -391.0000000000
22467 -390.0000000000
22501 -389.0000000000
22513 -387.0000000000
22545 -386.0000000000
22551 -385.0000000000
22587 -384.0000000000
22630 -383.0000000000
22686 -382.0000000000
22729 -381.0000000000
22752 -380.0000000000
22829 -379.0000000000
22897 -378.0000000000
22922 -377.0000000000
22947 -376.0000000000
23029 -374.0000000000
23041 -373.0000000000
23051 -372.0000000000
23084 -370.0000000000
23123 -369.0000000000
23125 -368.0000000000
23158 -367.0000000000
23190 -366.0000000000
23207 -364.0000000000
23235 -363.0000000000
23252 -362.0000000000
23263 -360.0000000000
23325 -359.0000000000
23342 -358.0000000000
23377 -357.0000000000
23399 -356.0000000000
23469 -355.0000000000
23498 -354.0000000000
23528 -353.0000000000
23561 -352.0000000000
23576 -351.0000000000
23601 -350.0000000000
23648 -349.0000000000
23651 -348.0000000000
23689 -347.0000000000
23722 -346.0000000000
23786 -345.0000000000
23818 -344.0000000000
23829 -343.0000000000
23856 -342.0000000000
23881 -341.0000000000
23910 -340.0000000000
23937 -339.0000000000
23980 -338.0000000000
23981 -337.0000000000
24026 -335.0000000000
24083 -334.0000000000
24102 -333.0000000000
24154 -332.0000000000
24218 -331.0000000000
24226 -330.0000000000
24272 -329.0000000000
24303 -328.0000000000
24328 -327.0000000000
24370 -326.0000000000
24463 -324.0000000000
24546 -322.0000000000
24616 -321.0000000000
24623 -320.0000000000
24667 -319.0000000000
24731 -318.0000000000
24761 -317.0000000000
24786 -316.0000000000
24814 -315.0000000000
24833 -314.0000000000
24850 -313.0000000000
24908 -312.0000000000
24941 -311.0000000000
24976 -310.0000000000
25023 -309.0000000000
25078 -308.0000000000
25106 -307.0000000000
25135 -306.0000000000
25159 -305.0000000000
25170 -304.0000000000
25182 -303.0000000000
25201 -302.0000000000
25274 -301.0000000000
25365 -299.0000000000
25433 -298.0000000000
25451 -297.0000000000
25507 -296.0000000000
25551 -295.0000000000
25587 -294.0000000000
25614 -293.0000000000
25660 -292.0000000000
25671 -291.0000000000
25724 -290.0000000000
25762 -289.0000000000
25788 -288.0000000000
25832 -287.0000000000
25860 -286.0000000000
25877 -285.0000000000
25901 -284.0000000000
25984 -283.0000000000
26022 -282.0000000000
26127 -280.0000000000
26194 -279.0000000000
26212 -278.0000000000
26274 -277.0000000000
26297 -276.0000000000
26312 -275.0000000000
26335 -273.0000000000
26381 -272.0000000000
26406 -271.0000000000
26424 -270.0000000000
26516 -269.0000000000
26553 -267.0000000000
26596 -266.0000000000
26647 -265.0000000000
26682 -263.0000000000
26745 -262.0000000000
26749 -261.0000000000
26798 -260.0000000000
26857 -259.0000000000
26878 -257.0000000000
26933 -256.0000000000
26982 -254.0000000000
27046 -253.0000000000
27072 -252.0000000000
27085 -251.0000000000
27113 -250.0000000000
27136 -249.0000000000
27245 -248.0000000000
27284 -247.0000000000
27306 -246.0000000000
27345 -245.0000000000
27357 -244.0000000000
27384 -243.0000000000
27403 -242.0000000000
27505 -241.0000000000
27601 -240.0000000000
27610 -239.0000000000
27665 -238.0000000000
27711 -237.0000000000
27728 -236.0000000000
27784 -235.0000000000
27842 -234.0000000000
27881 -233.0000000000
27911 -232.0000000000
27953 -231.0000000000
27985 -230.0000000000
28014 -229.0000000000
28062 -228.0000000000
28121 -227.0000000000
28143 -226.0000000000
28193 -225.0000000000
28201 -224.0000000000
28259 -222.0000000000
28282 -221.0000000000
28324 -220.0000000000
28365 -219.0000000000
28451 -218.0000000000
28501 -217.0000000000
28570 -215.0000000000
28603 -214.0000000000
28719 -213.0000000000
28757 -212.0000000000
28808 -211.0000000000
28841 -209.0000000000
28902 -207.0000000000
28975 -206.0000000000
29003 -205.0000000000
29077 -204.0000000000
29141 -203.0000000000
29186 -202.0000000000
29260 -201.0000000000
29301 -199.0000000000
29357 -198.0000000000
29372 -197.0000000000
29398 -196.0000000000
29490 -195.0000000000
29623 -194.0000000000
29661 -193.0000000000
29714 -192.0000000000
29735 -191.0000000000
29761 -190.0000000000
29788 -188.0000000000
29813 -186.0000000000
29840 -185.0000000000
29935 -184.0000000000
29975 -183.0000000000
30053 -182.0000000000
30064 -181.0000000000
30213 -180.0000000000
30282 -179.0000000000
30380 -178.0000000000
30431 -177.0000000000
30473 -176.0000000000
30505 -175.0000000000
30548 -174.0000000000
30609 -173.0000000000
30661 -172.0000000000
30711 -171.0000000000
30737 -170.0000000000
30763 -169.0000000000
30803 -168.0000000000
30871 -167.0000000000
30907 -166.0000000000
30913 -165.0000000000
31017 -164.0000000000
31148 -163.0000000000
31181 -162.0000000000
31274 -161.0000000000
31296 -160.0000000000
31322 -159.0000000000
31351 -158.0000000000
31365 -157.0000000000
31399 -156.0000000000
31443 -155.0000000000
31502 -154.0000000000
31590 -153.0000000000
31621 -152.0000000000
31630 -151.0000000000
31684 -150.0000000000
31707 -149.0000000000
31754 -148.0000000000
31812 -147.0000000000
31845 -146.0000000000
31880 -145.0000000000
31907 -144.0000000000
31947 -143.0000000000
31977 -142.0000000000
32026 -140.0000000000
32102 -139.0000000000
32148 -138.0000000000
32175 -137.0000000000
32209 -136.0000000000
32286 -135.0000000000
32346 -134.0000000000
32414 -133.0000000000
32531 -132.0000000000
32585 -131.0000000000
32747 -130.0000000000
32854 -129.0000000000
32948 -128.0000000000
32984 -127.0000000000
33049 -126.0000000000
33361 -125.0000000000
33419 -124.0000000000
33439 -123.0000000000
33469 -122.0000000000
33525 -121.0000000000
33575 -120.0000000000
33597 -119.0000000000
33598 -118.0000000000
33658 -117.0000000000
33690 -116.0000000000
33748 -115.0000000000
33939 -114.0000000000
34023 -113.0000000000
34076 -112.0000000000
34160 -111.0000000000
34241 -110.0000000000
34309 -109.0000000000
34321 -108.0000000000
34350 -107.0000000000
34406 -106.0000000000
34481 -105.0000000000
34589 -104.0000000000
34661 -103.0000000000
34751 -102.0000000000
34783 -101.0000000000
34907 -100.0000000000
35076 -99.0000000000
35145 -98.0000000000
35230 -97.0000000000
35261 -96.0000000000
35289 -95.0000000000
35302 -94.0000000000
35391 -93.0000000000
35440 -92.0000000000
35457 -91.0000000000
35474 -90.0000000000
35544 -89.0000000000
35574 -88.0000000000
35617 -87.0000000000
35644 -86.0000000000
35700 -85.0000000000
35714 -84.0000000000
35736 -83.0000000000
35773 -82.0000000000
35913 -81.0000000000
35949 -80.0000000000
36084 -79.0000000000
36145 -78.0000000000
36192 -77.0000000000
36232 -76.0000000000
36248 -75.0000000000
36307 -74.0000000000
36362 -73.0000000000
36391 -72.0000000000
36495 -71.0000000000
36551 -70.0000000000
36734 -69.0000000000
36863 -68.0000000000
36975 -67.0000000000
37151 -66.0000000000
37197 -65.0000000000
37268 -64.0000000000
37383 -63.0000000000
37526 -62.0000000000
37590 -61.0000000000
37632 -60.0000000000
37646 -59.0000000000
37700 -58.0000000000
37703 -57.0000000000
37886 -56.0000000000
37994 -55.0000000000
38106 -54.0000000000
38141 -53.0000000000
38470 -52.0000000000
38706 -51.0000000000
38872 -50.0000000000
38969 -49.0000000000
39025 -48.0000000000
39083 -47.0000000000
39174 -46.0000000000
39194 -45.0000000000
39270 -44.0000000000
39305 -43.0000000000
39503 -42.0000000000
39678 -41.0000000000
39730 -40.0000000000
39833 -39.0000000000
39881 -38.0000000000
39971 -37.0000000000
40118 -36.0000000000
40297 -35.0000000000
40499 -34.0000000000
40527 -33.0000000000
40795 -32.0000000000
40845 -31.0000000000
40940 -30.0000000000
41090 -29.0000000000
41228 -28.0000000000
41380 -27.0000000000
42261 -26.0000000000
42537 -25.0000000000
42606 -24.0000000000
42960 -23.0000000000
43006 -22.0000000000
43430 -21.0000000000
43532 -20.0000000000
43633 -19.0000000000
43728 -18.0000000000
43957 -17.0000000000
44020 -16.0000000000
44068 -15.0000000000
44205 -14.0000000000
44324 -13.0000000000
44463 -12.0000000000
44921 -11.0000000000
45045 -10.0000000000
45144 -9.0000000000
45260 -8.0000000000
45298 -7.0000000000
45349 -6.0000000000
45383 -5.0000000000
45594 -4.0000000000
45737 -3.0000000000
45838 -2.0000000000
45935 -1.0000000000
46157 338.9400000000
46203 346.2600000000
46266 357.2000000000
46399 358.6300000000
46774 365.0500000000
46875 369.1600000000
52400 375.7900000000
52828 379.5700000000
53127 380.5200000000
53310 382.5100000000
54122 383.1200000000
55078 383.8900000000
56609 392.3100000000
57362 394.1100000000
58849 396.3800000000
59685 398.5800000000
59702 400.7700000000
59732 403.2400000000
59756 405.0400000000
59777 405.9800000000
59800 418.1700000000
59833 420.9800000000
59868 421.9500000000
62042 423.1700000000
62482 425.5300000000
62843 426.4600000000
62878 429.1000000000
63865 430.1200000000
65626 434.3400000000
65923 435.7500000000
72244 437.9000000000
79908 449.0100000000
80301 452.5000000000
80375 458.5500000000
80604 461.2800000000
82174 487.8000000000
82472 489.4900000000
82480 491.5600000000
82597 495.5700000000
82741 500.6600000000
82812 500.8700000000
82878 502.5000000000
82923 503.2600000000
82965 514.0500000000
83781 527.4600000000
87165 528.9600000000
87804 548.4200000000
100000 -1.0000000000
