evaluations raw_y
1 -1935.0000000000
5 -1932.0000000000
6 -1931.0000000000
16 -1930.0000000000
20 -1929.0000000000
24 -1928.0000000000
37 -1927.0000000000
41 -1926.0000000000
44 -1924.0000000000
46 -1923.0000000000
48 -1922.0000000000
49 -1921.0000000000
58 -1919.0000000000
60 -1918.0000000000
72 -1916.0000000000
77 -1915.0000000000
78 -1914.0000000000
81 -1913.0000000000
82 -1912.0000000000
83 -1911.0000000000
86 -1910.0000000000
90 -1909.0000000000
92 -1908.0000000000
99 -1907.0000000000
100 -1906.0000000000
101 -1905.0000000000
109 -1904.0000000000
115 -1903.0000000000
123 -1902.0000000000
125 -1901.0000000000
126 -1900.0000000000
128 -1899.0000000000
135 -1898.0000000000
143 -1897.0000000000
144 -1895.0000000000
149 -1894.0000000000
150 -1893.0000000000
151 -1892.0000000000
152 -1891.0000000000
157 -1890.0000000000
161 -1889.0000000000
162 -1887.0000000000
165 -1886.0000000000
170 -1884.0000000000
171 -1882.0000000000
172 -1881.0000000000
173 -1879.0000000000
174 -1878.0000000000
179 -1877.0000000000
180 -1876.0000000000
187 -1875.0000000000
190 -1872.0000000000
194 -1871.0000000000
197 -1870.0000000000
202 -1869.0000000000
206 -1868.0000000000
207 -1867.0000000000
215 -1865.0000000000
220 -1864.0000000000
224 -1863.0000000000
231 -1861.0000000000
232 -1860.0000000000
239 -1859.0000000000
243 -1858.0000000000
259 -1856.0000000000
260 -1855.0000000000
262 -1854.0000000000
268 -1853.0000000000
270 -1851.0000000000
274 -1850.0000000000
276 -1849.0000000000
278 -1846.0000000000
280 -1844.0000000000
287 -1842.0000000000
289 -1841.0000000000
292 -1840.0000000000
298 -1839.0000000000
302 -1838.0000000000
305 -1836.0000000000
321 -1835.0000000000
322 -1834.0000000000
325 -1833.0000000000
328 -1832.0000000000
331 -1831.0000000000
335 -1828.0000000000
339 -1827.0000000000
359 -1825.0000000000
360 -1824.0000000000
364 -1823.0000000000
368 -1822.0000000000
380 -1821.0000000000
384 -1820.0000000000
386 -1819.0000000000
397 -1816.0000000000
409 -1815.0000000000
410 -1814.0000000000
415 -1813.0000000000
418 -1812.0000000000
421 -1811.0000000000
422 -1810.0000000000
426 -1809.0000000000
434 -1808.0000000000
441 -1807.0000000000
446 -1805.0000000000
454 -1804.0000000000
461 -1803.0000000000
468 -1802.0000000000
470 -1800.0000000000
481 -1798.0000000000
486 -1797.0000000000
487 -1796.0000000000
488 -1794.0000000000
497 -1793.0000000000
502 -1792.0000000000
504 -1791.0000000000
505 -1790.0000000000
506 -1788.0000000000
508 -1787.0000000000
519 -1786.0000000000
529 -1784.0000000000
534 -1783.0000000000
535 -1782.0000000000
539 -1781.0000000000
541 -1780.0000000000
551 -1776.0000000000
560 -1775.0000000000
570 -1774.0000000000
572 -1773.0000000000
573 -1771.0000000000
574 -1770.0000000000
575 -1769.0000000000
579 -1768.0000000000
582 -1767.0000000000
584 -1766.0000000000
601 -1765.0000000000
603 -1764.0000000000
606 -1763.0000000000
609 -1762.0000000000
612 -1761.0000000000
613 -1759.0000000000
626 -1758.0000000000
627 -1757.0000000000
628 -1756.0000000000
629 -1754.0000000000
631 -1753.0000000000
633 -1752.0000000000
636 -1750.0000000000
637 -1749.0000000000
638 -1748.0000000000
640 -1747.0000000000
642 -1746.0000000000
648 -1744.0000000000
649 -1742.0000000000
652 -1740.0000000000
653 -1738.0000000000
654 -1737.0000000000
661 -1736.0000000000
666 -1734.0000000000
668 -1733.0000000000
670 -1732.0000000000
681 -1731.0000000000
688 -1730.0000000000
690 -1729.0000000000
691 -1727.0000000000
696 -1725.0000000000
702 -1724.0000000000
711 -1723.0000000000
713 -1722.0000000000
719 -1721.0000000000
720 -1720.0000000000
722 -1718.0000000000
725 -1717.0000000000
726 -1716.0000000000
735 -1715.0000000000
740 -1714.0000000000
746 -1713.0000000000
747 -1711.0000000000
753 -1710.0000000000
754 -1708.0000000000
756 -1706.0000000000
760 -1705.0000000000
761 -1704.0000000000
762 -1703.0000000000
770 -1701.0000000000
773 -1700.0000000000
776 -1699.0000000000
777 -1698.0000000000
784 -1697.0000000000
797 -1696.0000000000
799 -1694.0000000000
801 -1693.0000000000
805 -1692.0000000000
806 -1691.0000000000
808 -1689.0000000000
813 -1687.0000000000
815 -1686.0000000000
816 -1683.0000000000
817 -1682.0000000000
819 -1681.0000000000
826 -1680.0000000000
832 -1678.0000000000
843 -1676.0000000000
846 -1675.0000000000
849 -1674.0000000000
853 -1673.0000000000
856 -1670.0000000000
865 -1669.0000000000
878 -1668.0000000000
880 -1667.0000000000
888 -1666.0000000000
893 -1663.0000000000
896 -1662.0000000000
900 -1661.0000000000
907 -1659.0000000000
908 -1658.0000000000
912 -1657.0000000000
916 -1655.0000000000
919 -1654.0000000000
923 -1653.0000000000
924 -1652.0000000000
928 -1651.0000000000
935 -1650.0000000000
937 -1649.0000000000
942 -1648.0000000000
950 -1647.0000000000
951 -1645.0000000000
952 -1644.0000000000
964 -1643.0000000000
976 -1642.0000000000
978 -1641.0000000000
981 -1640.0000000000
982 -1639.0000000000
989 -1638.0000000000
991 -1636.0000000000
993 -1635.0000000000
996 -1634.0000000000
1011 -1633.0000000000
1015 -1631.0000000000
1016 -1629.0000000000
1042 -1628.0000000000
1045 -1627.0000000000
1046 -1626.0000000000
1056 -1625.0000000000
1061 -1624.0000000000
1063 -1622.0000000000
1076 -1621.0000000000
1079 -1620.0000000000
1080 -1619.0000000000
1092 -1618.0000000000
1103 -1617.0000000000
1104 -1616.0000000000
1108 -1614.0000000000
1113 -1613.0000000000
1115 -1611.0000000000
1117 -1609.0000000000
1119 -1608.0000000000
1122 -1607.0000000000
1128 -1605.0000000000
1131 -1604.0000000000
1132 -1603.0000000000
1134 -1602.0000000000
1135 -1601.0000000000
1149 -1600.0000000000
1160 -1599.0000000000
1163 -1598.0000000000
1167 -1597.0000000000
1179 -1595.0000000000
1190 -1594.0000000000
1192 -1592.0000000000
1195 -1591.0000000000
1199 -1590.0000000000
1201 -1589.0000000000
1206 -1588.0000000000
1210 -1587.0000000000
1213 -1586.0000000000
1223 -1585.0000000000
1238 -1584.0000000000
1240 -1583.0000000000
1245 -1581.0000000000
1248 -1579.0000000000
1249 -1578.0000000000
1260 -1577.0000000000
1262 -1576.0000000000
1263 -1574.0000000000
1264 -1573.0000000000
1277 -1572.0000000000
1282 -1571.0000000000
1290 -1570.0000000000
1294 -1569.0000000000
1299 -1568.0000000000
1301 -1567.0000000000
1302 -1566.0000000000
1310 -1565.0000000000
1313 -1564.0000000000
1317 -1563.0000000000
1327 -1562.0000000000
1330 -1561.0000000000
1331 -1560.0000000000
1332 -1559.0000000000
1337 -1558.0000000000
1351 -1557.0000000000
1364 -1555.0000000000
1365 -1554.0000000000
1367 -1553.0000000000
1368 -1552.0000000000
1377 -1551.0000000000
1379 -1550.0000000000
1384 -1549.0000000000
1385 -1548.0000000000
1387 -1547.0000000000
1397 -1544.0000000000
1399 -1543.0000000000
1406 -1542.0000000000
1410 -1541.0000000000
1412 -1540.0000000000
1415 -1539.0000000000
1419 -1538.0000000000
1421 -1537.0000000000
1426 -1535.0000000000
1433 -1534.0000000000
1436 -1533.0000000000
1444 -1532.0000000000
1450 -1531.0000000000
1451 -1530.0000000000
1456 -1528.0000000000
1458 -1527.0000000000
1459 -1526.0000000000
1468 -1525.0000000000
1471 -1524.0000000000
1476 -1523.0000000000
1477 -1521.0000000000
1494 -1520.0000000000
1502 -1519.0000000000
1508 -1518.0000000000
1509 -1517.0000000000
1510 -1516.0000000000
1511 -1515.0000000000
1517 -1514.0000000000
1518 -1513.0000000000
1522 -1512.0000000000
1537 -1511.0000000000
1538 -1509.0000000000
1549 -1508.0000000000
1550 -1507.0000000000
1553 -1506.0000000000
1554 -1505.0000000000
1557 -1504.0000000000
1563 -1503.0000000000
1567 -1502.0000000000
1569 -1501.0000000000
1574 -1500.0000000000
1575 -1499.0000000000
1583 -1497.0000000000
1589 -1496.0000000000
1590 -1494.0000000000
1595 -1493.0000000000
1599 -1492.0000000000
1607 -1491.0000000000
1611 -1489.0000000000
1637 -1488.0000000000
1638 -1487.0000000000
1640 -1486.0000000000
1646 -1484.0000000000
1647 -1483.0000000000
1651 -1481.0000000000
1665 -1478.0000000000
1677 -1477.0000000000
1684 -1476.0000000000
1692 -1474.0000000000
1698 -1473.0000000000
1715 -1472.0000000000
1720 -1471.0000000000
1722 -1470.0000000000
1728 -1469.0000000000
1733 -1468.0000000000
1741 -1467.0000000000
1744 -1466.0000000000
1747 -1465.0000000000
1751 -1464.0000000000
1752 -1463.0000000000
1758 -1462.0000000000
1761 -1461.0000000000
1784 -1460.0000000000
1790 -1458.0000000000
1803 -1457.0000000000
1826 -1456.0000000000
1831 -1455.0000000000
1833 -1454.0000000000
1835 -1453.0000000000
1847 -1452.0000000000
1865 -1451.0000000000
1866 -1450.0000000000
1870 -1449.0000000000
1877 -1448.0000000000
1878 -1447.0000000000
1881 -1446.0000000000
1884 -1445.0000000000
1886 -1443.0000000000
1889 -1440.0000000000
1891 -1438.0000000000
1895 -1437.0000000000
1896 -1436.0000000000
1906 -1435.0000000000
1907 -1434.0000000000
1914 -1433.0000000000
1916 -1432.0000000000
1921 -1431.0000000000
1922 -1430.0000000000
1925 -1429.0000000000
1926 -1428.0000000000
1936 -1427.0000000000
1941 -1425.0000000000
1943 -1424.0000000000
1944 -1423.0000000000
1945 -1422.0000000000
1947 -1421.0000000000
1948 -1420.0000000000
1952 -1418.0000000000
1953 -1417.0000000000
1962 -1416.0000000000
1976 -1415.0000000000
1979 -1414.0000000000
1982 -1413.0000000000
1987 -1411.0000000000
1989 -1409.0000000000
1992 -1408.0000000000
1999 -1407.0000000000
2003 -1406.0000000000
2004 -1405.0000000000
2005 -1403.0000000000
2009 -1402.0000000000
2014 -1400.0000000000
2023 -1399.0000000000
2027 -1398.0000000000
2029 -1397.0000000000
2033 -1395.0000000000
2037 -1394.0000000000
2040 -1392.0000000000
2042 -1391.0000000000
2048 -1390.0000000000
2050 -1389.0000000000
2053 -1388.0000000000
2063 -1387.0000000000
2065 -1386.0000000000
2080 -1385.0000000000
2092 -1384.0000000000
2095 -1382.0000000000
2101 -1381.0000000000
2107 -1380.0000000000
2108 -1379.0000000000
2110 -1378.0000000000
2114 -1377.0000000000
2115 -1376.0000000000
2119 -1375.0000000000
2122 -1374.0000000000
2130 -1373.0000000000
2165 -1372.0000000000
2173 -1371.0000000000
2175 -1369.0000000000
2184 -1367.0000000000
2186 -1365.0000000000
2194 -1364.0000000000
2202 -1363.0000000000
2204 -1362.0000000000
2212 -1361.0000000000
2213 -1359.0000000000
2214 -1358.0000000000
2223 -1357.0000000000
2228 -1355.0000000000
2244 -1354.0000000000
2245 -1353.0000000000
2255 -1352.0000000000
2265 -1351.0000000000
2266 -1350.0000000000
2285 -1347.0000000000
2289 -1346.0000000000
2298 -1345.0000000000
2303 -1344.0000000000
2306 -1343.0000000000
2316 -1342.0000000000
2326 -1341.0000000000
2331 -1340.0000000000
2341 -1339.0000000000
2350 -1338.0000000000
2354 -1337.0000000000
2358 -1335.0000000000
2364 -1334.0000000000
2367 -1333.0000000000
2369 -1332.0000000000
2375 -1331.0000000000
2382 -1330.0000000000
2386 -1329.0000000000
2390 -1327.0000000000
2398 -1325.0000000000
2404 -1324.0000000000
2405 -1323.0000000000
2407 -1322.0000000000
2421 -1320.0000000000
2428 -1318.0000000000
2432 -1317.0000000000
2434 -1315.0000000000
2447 -1314.0000000000
2451 -1313.0000000000
2452 -1312.0000000000
2455 -1311.0000000000
2459 -1310.0000000000
2461 -1309.0000000000
2462 -1308.0000000000
2466 -1306.0000000000
2474 -1305.0000000000
2482 -1304.0000000000
2483 -1303.0000000000
2484 -1302.0000000000
2486 -1301.0000000000
2511 -1299.0000000000
2518 -1298.0000000000
2519 -1296.0000000000
2520 -1295.0000000000
2555 -1294.0000000000
2558 -1293.0000000000
2567 -1292.0000000000
2569 -1291.0000000000
2572 -1290.0000000000
2580 -1289.0000000000
2592 -1288.0000000000
2594 -1287.0000000000
2603 -1286.0000000000
2619 -1285.0000000000
2621 -1284.0000000000
2634 -1283.0000000000
2635 -1282.0000000000
2636 -1280.0000000000
2637 -1279.0000000000
2647 -1278.0000000000
2649 -1277.0000000000
2650 -1276.0000000000
2653 -1275.0000000000
2659 -1274.0000000000
2663 -1272.0000000000
2668 -1271.0000000000
2672 -1270.0000000000
2675 -1269.0000000000
2678 -1268.0000000000
2699 -1267.0000000000
2709 -1266.0000000000
2712 -1265.0000000000
2714 -1264.0000000000
2716 -1263.0000000000
2719 -1262.0000000000
2725 -1261.0000000000
2734 -1260.0000000000
2739 -1259.0000000000
2747 -1258.0000000000
2767 -1257.0000000000
2775 -1256.0000000000
2791 -1255.0000000000
2807 -1254.0000000000
2808 -1253.0000000000
2813 -1252.0000000000
2816 -1251.0000000000
2817 -1250.0000000000
2818 -1249.0000000000
2825 -1248.0000000000
2829 -1247.0000000000
2840 -1246.0000000000
2852 -1244.0000000000
2857 -1243.0000000000
2867 -1242.0000000000
2872 -1241.0000000000
2881 -1240.0000000000
2891 -1239.0000000000
2893 -1238.0000000000
2897 -1237.0000000000
2910 -1236.0000000000
2918 -1235.0000000000
2920 -1234.0000000000
2921 -1233.0000000000
2927 -1231.0000000000
2933 -1229.0000000000
2935 -1228.0000000000
2962 -1227.0000000000
2971 -1225.0000000000
2976 -1224.0000000000
2979 -1222.0000000000
2985 -1220.0000000000
3002 -1218.0000000000
3005 -1217.0000000000
3011 -1216.0000000000
3016 -1214.0000000000
3020 -1213.0000000000
3022 -1212.0000000000
3023 -1211.0000000000
3032 -1210.0000000000
3036 -1209.0000000000
3045 -1208.0000000000
3049 -1207.0000000000
3051 -1206.0000000000
3057 -1205.0000000000
3063 -1204.0000000000
3064 -1203.0000000000
3066 -1202.0000000000
3073 -1201.0000000000
3078 -1200.0000000000
3083 -1198.0000000000
3096 -1197.0000000000
3111 -1196.0000000000
3131 -1195.0000000000
3134 -1194.0000000000
3141 -1193.0000000000
3157 -1191.0000000000
3164 -1190.0000000000
3165 -1189.0000000000
3172 -1188.0000000000
3181 -1187.0000000000
3191 -1186.0000000000
3217 -1185.0000000000
3220 -1183.0000000000
3229 -1182.0000000000
3230 -1181.0000000000
3231 -1180.0000000000
3250 -1179.0000000000
3254 -1178.0000000000
3257 -1177.0000000000
3261 -1175.0000000000
3282 -1173.0000000000
3283 -1172.0000000000
3288 -1171.0000000000
3289 -1170.0000000000
3293 -1169.0000000000
3295 -1167.0000000000
3317 -1166.0000000000
3349 -1165.0000000000
3356 -1164.0000000000
3362 -1163.0000000000
3364 -1162.0000000000
3365 -1161.0000000000
3374 -1160.0000000000
3375 -1159.0000000000
3378 -1158.0000000000
3384 -1157.0000000000
3388 -1156.0000000000
3396 -1155.0000000000
3400 -1154.0000000000
3408 -1153.0000000000
3421 -1151.0000000000
3423 -1150.0000000000
3425 -1149.0000000000
3442 -1148.0000000000
3445 -1147.0000000000
3455 -1146.0000000000
3471 -1145.0000000000
3473 -1144.0000000000
3481 -1142.0000000000
3483 -1141.0000000000
3488 -1140.0000000000
3489 -1139.0000000000
3509 -1138.0000000000
3513 -1137.0000000000
3514 -1136.0000000000
3517 -1135.0000000000
3518 -1134.0000000000
3520 -1133.0000000000
3527 -1131.0000000000
3530 -1130.0000000000
3532 -1129.0000000000
3536 -1127.0000000000
3540 -1126.0000000000
3553 -1125.0000000000
3573 -1124.0000000000
3595 -1123.0000000000
3600 -1121.0000000000
3631 -1119.0000000000
3638 -1118.0000000000
3639 -1116.0000000000
3646 -1114.0000000000
3659 -1113.0000000000
3661 -1112.0000000000
3662 -1111.0000000000
3670 -1110.0000000000
3673 -1108.0000000000
3691 -1107.0000000000
3693 -1106.0000000000
3706 -1105.0000000000
3724 -1104.0000000000
3730 -1103.0000000000
3731 -1102.0000000000
3734 -1101.0000000000
3740 -1100.0000000000
3745 -1099.0000000000
3752 -1098.0000000000
3756 -1097.0000000000
3757 -1096.0000000000
3760 -1094.0000000000
3763 -1093.0000000000
3765 -1092.0000000000
3767 -1091.0000000000
3797 -1090.0000000000
3801 -1088.0000000000
3802 -1087.0000000000
3805 -1086.0000000000
3815 -1085.0000000000
3816 -1084.0000000000
3826 -1083.0000000000
3827 -1082.0000000000
3830 -1081.0000000000
3833 -1080.0000000000
3836 -1079.0000000000
3884 -1078.0000000000
3887 -1077.0000000000
3891 -1076.0000000000
3902 -1075.0000000000
3910 -1074.0000000000
3926 -1073.0000000000
3928 -1071.0000000000
3929 -1070.0000000000
3930 -1069.0000000000
3931 -1068.0000000000
3940 -1067.0000000000
3954 -1066.0000000000
3955 -1065.0000000000
3958 -1064.0000000000
3962 -1062.0000000000
3964 -1061.0000000000
3973 -1060.0000000000
3977 -1059.0000000000
3981 -1058.0000000000
3983 -1057.0000000000
3990 -1056.0000000000
3998 -1055.0000000000
3999 -1054.0000000000
4001 -1053.0000000000
4006 -1052.0000000000
4013 -1050.0000000000
4015 -1049.0000000000
4022 -1048.0000000000
4025 -1047.0000000000
4026 -1046.0000000000
4036 -1043.0000000000
4041 -1042.0000000000
4043 -1041.0000000000
4054 -1040.0000000000
4066 -1039.0000000000
4082 -1038.0000000000
4099 -1037.0000000000
4100 -1036.0000000000
4111 -1035.0000000000
4117 -1034.0000000000
4120 -1033.0000000000
4125 -1032.0000000000
4127 -1031.0000000000
4137 -1030.0000000000
4140 -1029.0000000000
4150 -1028.0000000000
4158 -1027.0000000000
4174 -1026.0000000000
4180 -1025.0000000000
4181 -1023.0000000000
4186 -1022.0000000000
4191 -1021.0000000000
4193 -1020.0000000000
4194 -1019.0000000000
4198 -1018.0000000000
4228 -1017.0000000000
4235 -1016.0000000000
4239 -1015.0000000000
4240 -1014.0000000000
4244 -1012.0000000000
4246 -1011.0000000000
4253 -1010.0000000000
4261 -1009.0000000000
4273 -1008.0000000000
4275 -1007.0000000000
4276 -1006.0000000000
4342 -1005.0000000000
4348 -1004.0000000000
4360 -1003.0000000000
4382 -1001.0000000000
4389 -1000.0000000000
4393 -999.0000000000
4396 -997.0000000000
4402 -996.0000000000
4404 -995.0000000000
4407 -994.0000000000
4410 -993.0000000000
4421 -992.0000000000
4426 -991.0000000000
4428 -990.0000000000
4431 -989.0000000000
4441 -988.0000000000
4442 -987.0000000000
4450 -986.0000000000
4456 -985.0000000000
4458 -984.0000000000
4471 -983.0000000000
4474 -982.0000000000
4475 -980.0000000000
4481 -979.0000000000
4488 -978.0000000000
4521 -976.0000000000
4525 -974.0000000000
4532 -972.0000000000
4534 -971.0000000000
4558 -970.0000000000
4566 -969.0000000000
4574 -968.0000000000
4580 -967.0000000000
4587 -966.0000000000
4590 -965.0000000000
4594 -964.0000000000
4600 -963.0000000000
4614 -962.0000000000
4618 -961.0000000000
4642 -960.0000000000
4646 -959.0000000000
4647 -958.0000000000
4649 -956.0000000000
4652 -955.0000000000
4664 -954.0000000000
4669 -953.0000000000
4684 -952.0000000000
4690 -951.0000000000
4697 -950.0000000000
4706 -949.0000000000
4707 -948.0000000000
4708 -947.0000000000
4719 -946.0000000000
4720 -945.0000000000
4732 -944.0000000000
4744 -943.0000000000
4764 -942.0000000000
4783 -941.0000000000
4796 -940.0000000000
4806 -939.0000000000
4833 -938.0000000000
4864 -937.0000000000
4867 -936.0000000000
4868 -934.0000000000
4875 -933.0000000000
4877 -931.0000000000
4884 -930.0000000000
4894 -929.0000000000
4898 -928.0000000000
4907 -926.0000000000
4917 -925.0000000000
4921 -924.0000000000
4933 -923.0000000000
4936 -922.0000000000
4951 -921.0000000000
4952 -920.0000000000
4975 -919.0000000000
4977 -918.0000000000
4979 -917.0000000000
4984 -916.0000000000
4997 -914.0000000000
5005 -913.0000000000
5012 -912.0000000000
5014 -911.0000000000
5023 -910.0000000000
5039 -909.0000000000
5052 -908.0000000000
5053 -907.0000000000
5054 -906.0000000000
5055 -905.0000000000
5057 -904.0000000000
5063 -903.0000000000
5079 -902.0000000000
5082 -901.0000000000
5083 -900.0000000000
5093 -899.0000000000
5115 -898.0000000000
5130 -897.0000000000
5139 -896.0000000000
5140 -895.0000000000
5149 -892.0000000000
5152 -891.0000000000
5155 -890.0000000000
5173 -888.0000000000
5182 -887.0000000000
5184 -886.0000000000
5203 -885.0000000000
5209 -883.0000000000
5219 -882.0000000000
5220 -881.0000000000
5245 -880.0000000000
5269 -879.0000000000
5271 -878.0000000000
5297 -877.0000000000
5319 -876.0000000000
5324 -874.0000000000
5327 -873.0000000000
5329 -872.0000000000
5342 -871.0000000000
5359 -870.0000000000
5367 -869.0000000000
5379 -868.0000000000
5393 -867.0000000000
5394 -866.0000000000
5406 -865.0000000000
5407 -864.0000000000
5412 -863.0000000000
5420 -862.0000000000
5424 -861.0000000000
5429 -860.0000000000
5436 -859.0000000000
5454 -858.0000000000
5455 -857.0000000000
5467 -856.0000000000
5468 -855.0000000000
5470 -854.0000000000
5473 -853.0000000000
5477 -852.0000000000
5478 -851.0000000000
5480 -850.0000000000
5488 -849.0000000000
5489 -848.0000000000
5492 -847.0000000000
5521 -846.0000000000
5523 -845.0000000000
5570 -844.0000000000
5572 -843.0000000000
5575 -842.0000000000
5588 -841.0000000000
5589 -840.0000000000
5601 -839.0000000000
5606 -838.0000000000
5619 -837.0000000000
5625 -835.0000000000
5630 -834.0000000000
5640 -833.0000000000
5659 -832.0000000000
5661 -831.0000000000
5663 -830.0000000000
5677 -829.0000000000
5683 -828.0000000000
5729 -827.0000000000
5742 -826.0000000000
5752 -825.0000000000
5758 -823.0000000000
5798 -822.0000000000
5800 -821.0000000000
5817 -820.0000000000
5820 -819.0000000000
5821 -818.0000000000
5827 -817.0000000000
5830 -816.0000000000
5837 -815.0000000000
5839 -813.0000000000
5872 -812.0000000000
5877 -811.0000000000
5879 -810.0000000000
5918 -809.0000000000
5927 -808.0000000000
5940 -807.0000000000
5954 -806.0000000000
5955 -805.0000000000
5967 -804.0000000000
5973 -803.0000000000
5979 -802.0000000000
5984 -801.0000000000
5994 -799.0000000000
6043 -798.0000000000
6048 -796.0000000000
6059 -795.0000000000
6064 -794.0000000000
6067 -793.0000000000
6068 -792.0000000000
6075 -791.0000000000
6088 -790.0000000000
6090 -789.0000000000
6093 -788.0000000000
6094 -787.0000000000
6104 -786.0000000000
6113 -785.0000000000
6117 -784.0000000000
6122 -783.0000000000
6137 -782.0000000000
6140 -780.0000000000
6149 -779.0000000000
6166 -778.0000000000
6174 -777.0000000000
6182 -776.0000000000
6199 -775.0000000000
6201 -774.0000000000
6215 -773.0000000000
6237 -772.0000000000
6239 -771.0000000000
6268 -770.0000000000
6292 -769.0000000000
6303 -768.0000000000
6306 -767.0000000000
6310 -766.0000000000
6312 -765.0000000000
6316 -764.0000000000
6318 -763.0000000000
6332 -761.0000000000
6341 -760.0000000000
6343 -759.0000000000
6377 -758.0000000000
6383 -757.0000000000
6384 -756.0000000000
6412 -754.0000000000
6423 -753.0000000000
6425 -752.0000000000
6442 -751.0000000000
6455 -750.0000000000
6466 -748.0000000000
6477 -747.0000000000
6517 -746.0000000000
6518 -745.0000000000
6528 -744.0000000000
6537 -743.0000000000
6567 -742.0000000000
6578 -741.0000000000
6583 -740.0000000000
6596 -739.0000000000
6615 -738.0000000000
6622 -736.0000000000
6623 -735.0000000000
6624 -734.0000000000
6626 -733.0000000000
6637 -732.0000000000
6639 -730.0000000000
6642 -728.0000000000
6651 -727.0000000000
6712 -726.0000000000
6718 -725.0000000000
6720 -724.0000000000
6724 -723.0000000000
6728 -722.0000000000
6731 -721.0000000000
6732 -720.0000000000
6738 -719.0000000000
6742 -718.0000000000
6748 -717.0000000000
6774 -716.0000000000
6776 -715.0000000000
6782 -713.0000000000
6816 -712.0000000000
6818 -711.0000000000
6824 -710.0000000000
6828 -709.0000000000
6834 -708.0000000000
6839 -707.0000000000
6846 -706.0000000000
6852 -705.0000000000
6878 -704.0000000000
6879 -703.0000000000
6890 -702.0000000000
6891 -701.0000000000
6901 -700.0000000000
6904 -699.0000000000
6912 -698.0000000000
6919 -697.0000000000
6921 -696.0000000000
6925 -695.0000000000
6929 -694.0000000000
6931 -693.0000000000
6936 -692.0000000000
6946 -691.0000000000
6976 -690.0000000000
6985 -689.0000000000
6989 -688.0000000000
6996 -687.0000000000
6997 -686.0000000000
7004 -685.0000000000
7012 -684.0000000000
7014 -683.0000000000
7020 -682.0000000000
7029 -681.0000000000
7031 -680.0000000000
7049 -679.0000000000
7050 -678.0000000000
7061 -677.0000000000
7081 -676.0000000000
7084 -675.0000000000
7095 -674.0000000000
7135 -673.0000000000
7165 -672.0000000000
7173 -671.0000000000
7186 -670.0000000000
7192 -669.0000000000
7211 -668.0000000000
7216 -667.0000000000
7226 -665.0000000000
7238 -664.0000000000
7240 -663.0000000000
7258 -662.0000000000
7262 -661.0000000000
7276 -660.0000000000
7296 -659.0000000000
7311 -658.0000000000
7331 -657.0000000000
7334 -656.0000000000
7337 -655.0000000000
7345 -654.0000000000
7375 -653.0000000000
7378 -652.0000000000
7387 -651.0000000000
7389 -650.0000000000
7402 -649.0000000000
7424 -648.0000000000
7429 -647.0000000000
7436 -646.0000000000
7445 -645.0000000000
7452 -644.0000000000
7455 -643.0000000000
7470 -642.0000000000
7505 -641.0000000000
7547 -640.0000000000
7555 -639.0000000000
7556 -638.0000000000
7566 -637.0000000000
7629 -636.0000000000
7652 -635.0000000000
7657 -634.0000000000
7659 -633.0000000000
7670 -632.0000000000
7698 -630.0000000000
7700 -629.0000000000
7706 -628.0000000000
7711 -627.0000000000
7717 -626.0000000000
7719 -625.0000000000
7724 -624.0000000000
7733 -623.0000000000
7740 -622.0000000000
7755 -621.0000000000
7758 -620.0000000000
7793 -619.0000000000
7808 -618.0000000000
7809 -617.0000000000
7811 -616.0000000000
7814 -615.0000000000
7836 -614.0000000000
7842 -613.0000000000
7871 -612.0000000000
7878 -611.0000000000
7890 -610.0000000000
7899 -608.0000000000
7902 -607.0000000000
7961 -606.0000000000
7967 -605.0000000000
7991 -604.0000000000
7996 -603.0000000000
8000 -602.0000000000
8016 -601.0000000000
8024 -599.0000000000
8047 -598.0000000000
8065 -597.0000000000
8076 -596.0000000000
8077 -595.0000000000
8119 -594.0000000000
8133 -592.0000000000
8151 -591.0000000000
8157 -590.0000000000
8176 -589.0000000000
8182 -588.0000000000
8200 -587.0000000000
8215 -586.0000000000
8219 -585.0000000000
8225 -584.0000000000
8245 -582.0000000000
8265 -581.0000000000
8287 -580.0000000000
8288 -579.0000000000
8295 -578.0000000000
8311 -577.0000000000
8329 -576.0000000000
8330 -575.0000000000
8336 -574.0000000000
8388 -573.0000000000
8403 -572.0000000000
8417 -571.0000000000
8425 -570.0000000000
8434 -569.0000000000
8439 -568.0000000000
8441 -567.0000000000
8447 -566.0000000000
8465 -565.0000000000
8479 -564.0000000000
8496 -563.0000000000
8512 -562.0000000000
8535 -561.0000000000
8556 -560.0000000000
8557 -559.0000000000
8588 -558.0000000000
8593 -557.0000000000
8616 -556.0000000000
8625 -555.0000000000
8637 -554.0000000000
8645 -553.0000000000
8660 -552.0000000000
8670 -551.0000000000
8682 -550.0000000000
8687 -549.0000000000
8692 -548.0000000000
8693 -547.0000000000
8728 -546.0000000000
8737 -545.0000000000
8764 -544.0000000000
8785 -543.0000000000
8813 -542.0000000000
8821 -541.0000000000
8828 -540.0000000000
8831 -539.0000000000
8851 -538.0000000000
8881 -536.0000000000
8893 -535.0000000000
8915 -534.0000000000
8937 -533.0000000000
8942 -532.0000000000
8950 -531.0000000000
8972 -530.0000000000
8979 -529.0000000000
8989 -528.0000000000
9001 -527.0000000000
9011 -526.0000000000
9070 -525.0000000000
9087 -524.0000000000
9115 -523.0000000000
9122 -522.0000000000
9154 -521.0000000000
9176 -520.0000000000
9177 -519.0000000000
9178 -518.0000000000
9195 -517.0000000000
9255 -515.0000000000
9306 -514.0000000000
9331 -513.0000000000
9389 -512.0000000000
9392 -511.0000000000
9399 -510.0000000000
9403 -508.0000000000
9423 -507.0000000000
9449 -506.0000000000
9450 -505.0000000000
9462 -504.0000000000
9474 -503.0000000000
9490 -501.0000000000
9505 -500.0000000000
9516 -499.0000000000
9522 -498.0000000000
9547 -497.0000000000
9565 -496.0000000000
9586 -495.0000000000
9591 -493.0000000000
9592 -492.0000000000
9597 -491.0000000000
9600 -490.0000000000
9603 -489.0000000000
9646 -488.0000000000
9656 -487.0000000000
9657 -486.0000000000
9667 -485.0000000000
9705 -484.0000000000
9706 -483.0000000000
9707 -482.0000000000
9712 -481.0000000000
9762 -480.0000000000
9765 -479.0000000000
9790 -478.0000000000
9807 -477.0000000000
9893 -476.0000000000
9906 -475.0000000000
9942 -474.0000000000
10000 -475.0000000000
