evaluations raw_y
1 -0.4945729582
4 -0.4908071295
8 -0.4841168151
14 -0.4753894309
22 -0.4677695936
23 -0.4574720775
27 -0.4502222686
46 -0.4492919005
49 -0.4452388194
55 -0.4366116135
58 -0.4365282835
61 -0.4362992675
63 -0.4351068374
72 -0.4348964748
75 -0.4239508424
80 -0.4180062475
89 -0.4156812570
94 -0.4133398016
99 -0.4062334733
101 -0.3998558300
108 -0.3987750525
109 -0.3964956041
122 -0.3932453833
125 -0.3911823503
143 -0.3862815142
144 -0.3816820950
176 -0.3780124982
183 -0.3682577737
185 -0.3676411915
188 -0.3622240701
213 -0.3620944880
261 -0.3608653603
269 -0.3586074304
325 -0.3568360514
328 -0.3533957622
343 -0.3521654721
380 -0.3503410604
383 -0.3496000430
426 -0.3430914698
449 -0.3402910272
453 -0.3331731713
503 -0.3276278420
525 -0.3248298380
539 -0.3225220876
567 -0.3215210472
655 -0.3202537863
908 -0.3202111569
1049 -0.3197965115
1066 -0.3160750480
2264 -0.3145597876
3509 -0.3144419801
3535 -0.3090827844
10856 -0.3054862974
10927 -0.3009724098
14548 -0.3000554739
14902 -0.2998485644
14954 -0.2941460802
29864 -0.2928200823
100000 -0.2933899662
evaluations raw_y
1 -0.4992470309
4 -0.4972905675
5 -0.4965945167
9 -0.4880526562
11 -0.4762236183
13 -0.4719814720
15 -0.4611060000
17 -0.4579273425
23 -0.4500401113
24 -0.4433947860
26 -0.4399544968
40 -0.4373003668
43 -0.4350209184
57 -0.4292152642
59 -0.4254248322
63 -0.4225629922
77 -0.4195700105
81 -0.4153636659
85 -0.4113105848
98 -0.4109719517
102 -0.4023447458
103 -0.4019967888
124 -0.3932339908
131 -0.3853143107
148 -0.3791496489
153 -0.3781030447
156 -0.3740377798
161 -0.3739879592
180 -0.3735871452
183 -0.3673829865
191 -0.3618376572
192 -0.3583505996
223 -0.3569217588
253 -0.3543725723
262 -0.3500508408
284 -0.3428010318
320 -0.3413270372
324 -0.3395240848
341 -0.3385230445
365 -0.3299316188
404 -0.3291535273
408 -0.3286734073
463 -0.3260071239
500 -0.3247665903
580 -0.3240255729
584 -0.3229146595
655 -0.3222980773
759 -0.3216316009
809 -0.3178675079
1210 -0.3168584961
1230 -0.3156282059
2341 -0.3149993161
14713 -0.3148815086
14747 -0.3095223129
26982 -0.3081963149
27085 -0.3081086744
27125 -0.3078425345
31869 -0.3063272742
45665 -0.3028029821
51207 -0.2998547250
100000 -0.2998547250
evaluations raw_y
1 -0.4904415424
5 -0.4811667728
8 -0.4748499393
13 -0.4729789200
16 -0.4534242817
24 -0.4527282309
28 -0.4497618042
29 -0.4471076742
32 -0.4467112999
37 -0.4466619132
40 -0.4458564741
48 -0.4450783825
53 -0.4410131176
57 -0.4372674232
60 -0.4347053480
67 -0.4335129179
84 -0.4332838979
87 -0.4310787834
88 -0.4276384942
98 -0.4177201957
104 -0.4133984642
110 -0.4099285394
111 -0.4045363177
112 -0.4042847789
113 -0.3985867399
116 -0.3984194125
141 -0.3874229753
143 -0.3825221392
144 -0.3747596171
169 -0.3685949554
182 -0.3619046410
189 -0.3601016886
196 -0.3531630413
209 -0.3521620009
211 -0.3472484315
240 -0.3437613739
245 -0.3422398355
291 -0.3414988182
312 -0.3392193698
315 -0.3369116193
356 -0.3282844134
452 -0.3181072988
467 -0.3132425417
545 -0.3132341566
647 -0.3127540366
725 -0.3121374543
761 -0.3073259229
1159 -0.3060956327
2299 -0.3047696348
10422 -0.3024756329
11224 -0.3012453427
33655 -0.2982970856
43772 -0.2981792780
43947 -0.2979250438
43958 -0.2975934698
44272 -0.2928200823
100000 -0.3004992744
evaluations raw_y
1 -0.4967144253
2 -0.4947401099
4 -0.4918068672
6 -0.4846191211
7 -0.4783310688
11 -0.4772905320
17 -0.4749490766
27 -0.4703228818
28 -0.4646486070
31 -0.4635824256
40 -0.4585526032
44 -0.4569330613
49 -0.4534460037
61 -0.4509050633
64 -0.4500775850
66 -0.4481699279
77 -0.4424616987
81 -0.4300605113
90 -0.4270940846
93 -0.4253227056
95 -0.4210009740
100 -0.4123737681
102 -0.4074729320
103 -0.3999201453
109 -0.3998151052
122 -0.3957498403
134 -0.3919594083
146 -0.3885191191
153 -0.3796303104
157 -0.3699170534
176 -0.3652233868
198 -0.3644009305
221 -0.3627519972
224 -0.3599909769
241 -0.3577115285
243 -0.3574062247
271 -0.3472291101
280 -0.3426029154
284 -0.3347900975
336 -0.3339275865
408 -0.3317224721
410 -0.3214856796
438 -0.3200116850
471 -0.3173575550
475 -0.3165557140
491 -0.3165473288
518 -0.3128258652
2792 -0.3113106049
6984 -0.3077141180
7096 -0.3032002304
7168 -0.3012530136
7216 -0.3010538143
7405 -0.3002519733
9821 -0.3001341657
10115 -0.2947749700
23173 -0.2941460802
38289 -0.2928200823
100000 -0.2989847440
evaluations raw_y
1 -0.4972768419
12 -0.4949751301
13 -0.4886870779
16 -0.4814372689
21 -0.4705617968
26 -0.4650477965
28 -0.4647816566
38 -0.4600523403
40 -0.4558740825
41 -0.4523945279
45 -0.4501150795
53 -0.4477680672
62 -0.4410777528
67 -0.4408673902
68 -0.4400892986
69 -0.4368181202
72 -0.4361545148
96 -0.4311428873
112 -0.4268890867
114 -0.4238414218
140 -0.4229586707
142 -0.4211872917
143 -0.4208393347
146 -0.4201432839
154 -0.4160902028
155 -0.4135281276
159 -0.4086272915
165 -0.4000000856
174 -0.3979252694
194 -0.3901124515
199 -0.3839082928
209 -0.3801955324
214 -0.3775055506
223 -0.3740184930
248 -0.3734019108
288 -0.3711967963
307 -0.3693938439
311 -0.3653285790
313 -0.3625400177
315 -0.3612695812
316 -0.3454077214
318 -0.3431858409
338 -0.3404120282
349 -0.3350923923
367 -0.3344259159
448 -0.3338560320
520 -0.3277258296
672 -0.3259228772
697 -0.3257306958
746 -0.3213787146
803 -0.3206376972
1005 -0.3171134051
1242 -0.3151143187
1309 -0.3135833422
1319 -0.3106417834
1414 -0.3094493533
1469 -0.3087083359
1513 -0.3080418595
1537 -0.3070328477
1583 -0.3058025575
5559 -0.3044765596
25786 -0.3036906372
30137 -0.3007423801
40768 -0.2989036952
63819 -0.2975434976
68210 -0.2974256900
68366 -0.2920664943
100000 -0.3035879481
evaluations raw_y
1 -0.4942930423
3 -0.4854247013
4 -0.4835170442
10 -0.4792147036
13 -0.4686408654
14 -0.4577653934
19 -0.4574992535
22 -0.4568826712
31 -0.4543205960
32 -0.4533486910
35 -0.4516664660
40 -0.4482261768
52 -0.4479932486
56 -0.4457138002
59 -0.4446682589
67 -0.4417350162
71 -0.4395299018
75 -0.4363765893
79 -0.4335571272
82 -0.4234507451
83 -0.4188444808
88 -0.4131419966
92 -0.4105799214
94 -0.4062665750
96 -0.4023436079
108 -0.4005406555
112 -0.3964875744
125 -0.3909422451
126 -0.3880160237
128 -0.3766391860
156 -0.3717256167
170 -0.3709845993
191 -0.3647505822
206 -0.3644026252
223 -0.3637065743
230 -0.3630478981
233 -0.3613533699
246 -0.3613449847
260 -0.3565715972
279 -0.3541260784
286 -0.3527677651
302 -0.3465636064
321 -0.3416321078
331 -0.3403079041
335 -0.3340198518
353 -0.3263406597
372 -0.3240329092
376 -0.3235527892
474 -0.3201338897
594 -0.3168271624
617 -0.3168187772
632 -0.3119179411
722 -0.3081538482
728 -0.3078222741
760 -0.3060508951
858 -0.3025713406
15155 -0.3024535331
15169 -0.2970943373
35311 -0.2941460802
42935 -0.2928200823
100000 -0.2931516563
evaluations raw_y
1 -0.4942930423
8 -0.4895769762
9 -0.4892290192
14 -0.4827037489
15 -0.4788046132
17 -0.4721142989
19 -0.4706253759
20 -0.4621034280
21 -0.4586163704
22 -0.4531933281
29 -0.4512854737
36 -0.4447459737
37 -0.4338788868
39 -0.4192065821
43 -0.4185105313
44 -0.4144574502
48 -0.4089121209
67 -0.4067178753
75 -0.4053595620
84 -0.4041671319
91 -0.3978790796
95 -0.3957370980
104 -0.3926263088
110 -0.3918503377
112 -0.3842430406
122 -0.3812766139
129 -0.3786224839
154 -0.3763430355
156 -0.3712974819
166 -0.3633841162
169 -0.3628141026
172 -0.3621180518
179 -0.3534846176
181 -0.3517621870
196 -0.3451289603
207 -0.3363742257
255 -0.3344025747
269 -0.3336615573
289 -0.3328834657
298 -0.3305333852
301 -0.3270930960
304 -0.3264765137
313 -0.3254284680
317 -0.3254200828
328 -0.3181376004
378 -0.3128179645
445 -0.3108463135
524 -0.3105801736
758 -0.3080621937
803 -0.3039545687
959 -0.2991097140
1330 -0.2983686966
4850 -0.2965300117
6185 -0.2950231365
6320 -0.2950147514
14723 -0.2932967844
14726 -0.2920664943
100000 -0.3017228804
evaluations raw_y
1 -0.4864693219
2 -0.4801524884
15 -0.4681748833
18 -0.4668173226
22 -0.4556715337
24 -0.4489812193
27 -0.4414041861
29 -0.4327769801
33 -0.4317113055
37 -0.4216328212
43 -0.4214224587
50 -0.4169806452
62 -0.4129153803
68 -0.4123537921
73 -0.4079400414
78 -0.4049753890
94 -0.4029922627
96 -0.4026606887
99 -0.4002393057
101 -0.3959175742
105 -0.3945636373
113 -0.3883989756
130 -0.3849586864
148 -0.3837073594
153 -0.3744724721
155 -0.3642859996
187 -0.3627644612
209 -0.3574304108
231 -0.3562001206
250 -0.3519937760
262 -0.3516458190
282 -0.3491798787
286 -0.3484838279
299 -0.3458175446
301 -0.3435406933
305 -0.3407993132
328 -0.3350968291
346 -0.3344802468
363 -0.3282760881
383 -0.3274979965
397 -0.3267569791
472 -0.3241638935
556 -0.3218561430
557 -0.3200531906
576 -0.3173990606
635 -0.3144397549
675 -0.3118486128
692 -0.3094882827
882 -0.3094354651
937 -0.3032002304
1516 -0.3025713406
4350 -0.2996230835
6201 -0.2995052759
6530 -0.2986091245
6684 -0.2982083105
6920 -0.2969677769
7142 -0.2947626625
7701 -0.2941460802
7745 -0.2928200823
100000 -0.2928200823
evaluations raw_y
1 -0.4957592473
4 -0.4934177918
5 -0.4887241252
9 -0.4881075429
10 -0.4817907094
11 -0.4805415448
12 -0.4802288702
17 -0.4772354179
19 -0.4745691346
28 -0.4742478277
33 -0.4696216329
38 -0.4683670901
47 -0.4604212303
48 -0.4532861064
55 -0.4439563787
61 -0.4245923111
63 -0.4143574246
64 -0.4076671103
84 -0.4074903670
92 -0.4045224038
103 -0.4008755219
118 -0.3898796386
133 -0.3890354269
138 -0.3860516274
142 -0.3848591973
146 -0.3797097196
154 -0.3775046052
159 -0.3729255130
186 -0.3681820248
190 -0.3671809844
191 -0.3634168914
197 -0.3580576957
201 -0.3532128410
217 -0.3459303585
245 -0.3434480066
249 -0.3375516261
253 -0.3368106087
254 -0.3345311603
256 -0.3332606175
354 -0.3301890516
357 -0.3270061230
374 -0.3262042820
395 -0.3215737999
412 -0.3151961566
487 -0.3143449790
496 -0.3106235154
513 -0.3087958849
529 -0.3062338098
583 -0.3044308573
646 -0.2987328183
741 -0.2982526983
26071 -0.2976238085
50620 -0.2962978106
58778 -0.2928200823
100000 -0.2928200823
evaluations raw_y
1 -0.4942930423
2 -0.4808668950
4 -0.4697211061
9 -0.4634330538
11 -0.4629622265
15 -0.4568210389
20 -0.4474913112
21 -0.4432849666
24 -0.4425889158
25 -0.4353391068
26 -0.4334314497
31 -0.4273903324
34 -0.4261979023
35 -0.4153224302
37 -0.4106449726
45 -0.4054382884
48 -0.4034662236
51 -0.4007999403
55 -0.3989173518
56 -0.3908158568
67 -0.3885364084
69 -0.3817939139
80 -0.3777408328
83 -0.3771242505
85 -0.3736839614
98 -0.3729058698
102 -0.3677563921
126 -0.3674902522
130 -0.3629978567
131 -0.3626937114
138 -0.3619526940
141 -0.3611715776
173 -0.3562286553
177 -0.3558278413
192 -0.3521772218
226 -0.3519373185
231 -0.3493057882
240 -0.3480652545
293 -0.3416897128
307 -0.3390355828
317 -0.3384190005
398 -0.3379388805
403 -0.3336171489
406 -0.3309537733
453 -0.3301519323
458 -0.3297372869
523 -0.3260158233
599 -0.3239142712
3946 -0.3223990109
6816 -0.3189212826
8556 -0.3182923928
9866 -0.3181745853
10538 -0.3128153895
14204 -0.3092189026
14443 -0.3047050150
46003 -0.3011807229
46029 -0.2998547250
100000 -0.3121650248
