evaluations raw_y
1 7.4000000000
8 7.6000000000
11 8.2000000000
13 9.0000000000
15 9.2000000000
28 9.6000000000
91 10.2000000000
191 10.8000000000
257 11.0000000000
277 11.2000000000
329 12.0000000000
364 12.2000000000
385 12.6000000000
478 12.8000000000
501 13.0000000000
552 13.2000000000
563 13.8000000000
639 14.0000000000
730 14.2000000000
784 14.4000000000
876 14.6000000000
913 14.8000000000
1039 15.0000000000
1200 15.2000000000
1230 15.4000000000
1270 15.6000000000
1372 15.8000000000
1463 16.0000000000
1565 16.2000000000
1716 16.4000000000
1895 16.6000000000
100000 15.6000000000
evaluations raw_y
1 6.2000000000
2 6.6000000000
3 8.0000000000
13 9.2000000000
60 9.4000000000
151 9.6000000000
152 9.8000000000
174 10.8000000000
206 11.0000000000
214 11.8000000000
312 12.0000000000
327 12.4000000000
352 13.0000000000
418 13.4000000000
529 13.8000000000
563 14.0000000000
598 14.2000000000
696 14.4000000000
790 14.6000000000
875 14.8000000000
1003 15.0000000000
1018 15.4000000000
1122 15.8000000000
1288 16.0000000000
1512 16.2000000000
1589 16.4000000000
1668 16.6000000000
1899 16.8000000000
1997 17.0000000000
2289 17.2000000000
100000 16.2000000000
evaluations raw_y
1 8.4000000000
14 8.8000000000
66 9.2000000000
108 10.0000000000
140 10.4000000000
192 10.6000000000
253 11.2000000000
289 11.6000000000
313 11.8000000000
369 12.0000000000
402 12.4000000000
417 12.8000000000
471 13.2000000000
585 13.4000000000
594 13.8000000000
622 14.0000000000
673 14.2000000000
837 14.4000000000
1002 14.6000000000
1096 14.8000000000
1193 15.0000000000
1289 15.2000000000
1319 15.4000000000
1434 15.6000000000
1661 15.8000000000
1729 16.0000000000
2085 16.2000000000
100000 16.0000000000
evaluations raw_y
1 7.4000000000
4 7.6000000000
8 8.0000000000
12 8.6000000000
19 9.2000000000
61 9.8000000000
70 11.0000000000
184 11.2000000000
217 12.0000000000
289 12.2000000000
365 12.4000000000
371 12.6000000000
397 13.0000000000
444 13.4000000000
537 13.6000000000
549 13.8000000000
565 14.0000000000
602 14.2000000000
717 14.6000000000
849 14.8000000000
918 15.2000000000
989 15.4000000000
1056 15.6000000000
1158 15.8000000000
1263 16.0000000000
1313 16.2000000000
1941 16.4000000000
2321 16.6000000000
100000 16.6000000000
evaluations raw_y
1 8.4000000000
2 8.6000000000
23 9.0000000000
32 10.0000000000
126 10.8000000000
162 11.0000000000
170 11.6000000000
215 11.8000000000
263 12.6000000000
308 13.0000000000
327 13.2000000000
381 13.4000000000
413 13.8000000000
436 14.0000000000
457 14.2000000000
505 14.4000000000
559 14.6000000000
596 14.8000000000
657 15.0000000000
790 15.2000000000
856 15.4000000000
932 15.6000000000
1177 15.8000000000
1260 16.0000000000
1404 16.2000000000
1545 16.4000000000
1746 16.6000000000
2296 16.8000000000
100000 16.8000000000
evaluations raw_y
1 7.2000000000
4 7.8000000000
5 9.0000000000
14 9.6000000000
148 10.0000000000
176 10.2000000000
194 11.0000000000
286 11.2000000000
322 11.4000000000
334 12.0000000000
384 12.2000000000
418 12.4000000000
460 12.8000000000
499 13.0000000000
534 13.2000000000
578 14.0000000000
647 14.6000000000
715 14.8000000000
749 15.0000000000
920 15.2000000000
1087 15.4000000000
1143 15.6000000000
1265 15.8000000000
1440 16.0000000000
1664 16.2000000000
1695 16.4000000000
2093 16.6000000000
100000 16.4000000000
evaluations raw_y
1 8.4000000000
23 9.8000000000
40 10.4000000000
154 10.8000000000
228 11.2000000000
248 11.6000000000
268 11.8000000000
336 12.0000000000
354 12.6000000000
393 13.0000000000
433 13.4000000000
442 13.6000000000
533 13.8000000000
590 14.0000000000
598 14.2000000000
645 14.4000000000
755 14.8000000000
913 15.0000000000
991 15.2000000000
1017 15.4000000000
1166 15.6000000000
1231 15.8000000000
1365 16.0000000000
1533 16.2000000000
1577 16.4000000000
2168 16.6000000000
2308 16.8000000000
100000 16.4000000000
evaluations raw_y
1 7.6000000000
4 9.0000000000
117 9.6000000000
127 9.8000000000
158 10.0000000000
224 10.2000000000
226 10.6000000000
243 11.0000000000
295 11.2000000000
313 11.4000000000
337 11.6000000000
339 12.4000000000
453 12.6000000000
472 12.8000000000
517 13.0000000000
534 13.2000000000
569 13.4000000000
647 13.6000000000
734 13.8000000000
783 14.0000000000
831 14.2000000000
947 14.4000000000
1017 14.8000000000
1121 15.2000000000
1304 15.4000000000
1360 15.6000000000
1450 15.8000000000
1544 16.0000000000
1677 16.2000000000
1780 16.4000000000
100000 16.2000000000
evaluations raw_y
1 5.4000000000
2 6.6000000000
4 8.0000000000
11 8.4000000000
43 8.8000000000
88 9.0000000000
111 9.6000000000
143 10.8000000000
165 11.0000000000
182 12.4000000000
322 12.6000000000
343 12.8000000000
374 13.0000000000
431 13.2000000000
439 13.4000000000
482 13.6000000000
535 13.8000000000
556 14.0000000000
595 14.4000000000
649 14.6000000000
746 14.8000000000
875 15.0000000000
1023 15.2000000000
1078 15.4000000000
1163 15.6000000000
1255 15.8000000000
1417 16.0000000000
1491 16.2000000000
1516 16.4000000000
1646 16.6000000000
100000 16.6000000000
evaluations raw_y
1 5.2000000000
2 9.4000000000
88 10.4000000000
143 10.6000000000
234 11.2000000000
283 11.4000000000
285 11.6000000000
312 12.8000000000
454 13.0000000000
484 13.2000000000
549 13.4000000000
583 13.6000000000
621 13.8000000000
680 14.0000000000
829 14.2000000000
833 14.4000000000
886 14.6000000000
988 14.8000000000
1024 15.0000000000
1094 15.2000000000
1104 15.4000000000
1202 15.6000000000
1399 16.0000000000
1724 16.2000000000
1815 16.6000000000
100000 16.4000000000
