evaluations raw_y
1 -2034.0000000000
2 -2033.0000000000
10 -2032.0000000000
11 -2031.0000000000
19 -2030.0000000000
22 -2028.0000000000
24 -2027.0000000000
27 -2026.0000000000
31 -2024.0000000000
32 -2021.0000000000
34 -2016.0000000000
35 -2015.0000000000
39 -2014.0000000000
45 -2013.0000000000
46 -2012.0000000000
54 -2010.0000000000
55 -2009.0000000000
60 -2008.0000000000
61 -2007.0000000000
66 -2006.0000000000
69 -2005.0000000000
70 -2004.0000000000
75 -2003.0000000000
86 -2002.0000000000
99 -2001.0000000000
104 -2000.0000000000
116 -1999.0000000000
120 -1998.0000000000
123 -1996.0000000000
125 -1995.0000000000
126 -1993.0000000000
133 -1992.0000000000
137 -1991.0000000000
150 -1990.0000000000
152 -1989.0000000000
153 -1988.0000000000
154 -1987.0000000000
155 -1985.0000000000
157 -1984.0000000000
162 -1983.0000000000
168 -1981.0000000000
171 -1980.0000000000
174 -1979.0000000000
178 -1978.0000000000
182 -1977.0000000000
187 -1976.0000000000
192 -1975.0000000000
195 -1974.0000000000
196 -1973.0000000000
199 -1972.0000000000
208 -1970.0000000000
213 -1969.0000000000
229 -1968.0000000000
234 -1967.0000000000
243 -1966.0000000000
255 -1965.0000000000
256 -1964.0000000000
257 -1962.0000000000
261 -1961.0000000000
265 -1960.0000000000
268 -1959.0000000000
277 -1958.0000000000
283 -1957.0000000000
287 -1955.0000000000
288 -1954.0000000000
293 -1952.0000000000
295 -1951.0000000000
301 -1950.0000000000
307 -1949.0000000000
310 -1948.0000000000
313 -1947.0000000000
314 -1946.0000000000
316 -1945.0000000000
317 -1944.0000000000
320 -1943.0000000000
321 -1942.0000000000
323 -1941.0000000000
324 -1940.0000000000
338 -1939.0000000000
339 -1938.0000000000
340 -1937.0000000000
345 -1936.0000000000
347 -1935.0000000000
356 -1934.0000000000
360 -1933.0000000000
368 -1932.0000000000
372 -1931.0000000000
374 -1929.0000000000
378 -1928.0000000000
383 -1927.0000000000
390 -1926.0000000000
391 -1925.0000000000
393 -1923.0000000000
396 -1922.0000000000
397 -1920.0000000000
399 -1919.0000000000
401 -1917.0000000000
413 -1916.0000000000
414 -1915.0000000000
416 -1914.0000000000
417 -1913.0000000000
422 -1912.0000000000
425 -1911.0000000000
438 -1909.0000000000
444 -1908.0000000000
450 -1907.0000000000
463 -1906.0000000000
467 -1905.0000000000
468 -1904.0000000000
475 -1903.0000000000
484 -1902.0000000000
491 -1901.0000000000
492 -1899.0000000000
496 -1898.0000000000
497 -1897.0000000000
500 -1896.0000000000
502 -1894.0000000000
504 -1893.0000000000
508 -1892.0000000000
510 -1891.0000000000
513 -1889.0000000000
514 -1888.0000000000
517 -1887.0000000000
530 -1886.0000000000
532 -1884.0000000000
533 -1883.0000000000
535 -1882.0000000000
546 -1881.0000000000
551 -1878.0000000000
569 -1877.0000000000
570 -1876.0000000000
573 -1875.0000000000
574 -1874.0000000000
577 -1873.0000000000
578 -1872.0000000000
581 -1871.0000000000
582 -1870.0000000000
583 -1869.0000000000
586 -1868.0000000000
587 -1866.0000000000
588 -1865.0000000000
590 -1863.0000000000
592 -1862.0000000000
596 -1861.0000000000
602 -1860.0000000000
604 -1859.0000000000
606 -1858.0000000000
607 -1857.0000000000
609 -1856.0000000000
615 -1854.0000000000
617 -1853.0000000000
619 -1852.0000000000
626 -1850.0000000000
635 -1847.0000000000
639 -1846.0000000000
643 -1845.0000000000
646 -1842.0000000000
648 -1841.0000000000
650 -1840.0000000000
664 -1839.0000000000
674 -1838.0000000000
678 -1837.0000000000
680 -1836.0000000000
683 -1835.0000000000
691 -1833.0000000000
693 -1832.0000000000
694 -1831.0000000000
697 -1830.0000000000
698 -1829.0000000000
700 -1828.0000000000
706 -1827.0000000000
708 -1826.0000000000
716 -1825.0000000000
719 -1824.0000000000
726 -1823.0000000000
727 -1822.0000000000
728 -1821.0000000000
729 -1819.0000000000
730 -1818.0000000000
735 -1817.0000000000
737 -1816.0000000000
742 -1815.0000000000
743 -1814.0000000000
746 -1813.0000000000
756 -1812.0000000000
759 -1811.0000000000
761 -1810.0000000000
762 -1809.0000000000
765 -1808.0000000000
766 -1806.0000000000
771 -1805.0000000000
778 -1804.0000000000
779 -1803.0000000000
784 -1802.0000000000
785 -1801.0000000000
787 -1800.0000000000
789 -1798.0000000000
790 -1797.0000000000
794 -1795.0000000000
799 -1794.0000000000
800 -1793.0000000000
808 -1792.0000000000
809 -1790.0000000000
810 -1789.0000000000
813 -1788.0000000000
817 -1787.0000000000
822 -1786.0000000000
830 -1785.0000000000
833 -1784.0000000000
836 -1783.0000000000
843 -1781.0000000000
846 -1780.0000000000
847 -1778.0000000000
849 -1777.0000000000
858 -1776.0000000000
859 -1774.0000000000
863 -1773.0000000000
864 -1771.0000000000
868 -1769.0000000000
871 -1768.0000000000
873 -1766.0000000000
876 -1765.0000000000
893 -1764.0000000000
896 -1763.0000000000
903 -1762.0000000000
905 -1760.0000000000
909 -1759.0000000000
910 -1758.0000000000
914 -1756.0000000000
927 -1755.0000000000
941 -1754.0000000000
944 -1753.0000000000
962 -1752.0000000000
968 -1751.0000000000
973 -1750.0000000000
974 -1749.0000000000
975 -1748.0000000000
981 -1746.0000000000
982 -1744.0000000000
985 -1743.0000000000
989 -1740.0000000000
990 -1739.0000000000
992 -1738.0000000000
995 -1737.0000000000
996 -1735.0000000000
997 -1734.0000000000
998 -1733.0000000000
1004 -1732.0000000000
1009 -1730.0000000000
1011 -1729.0000000000
1015 -1728.0000000000
1020 -1727.0000000000
1023 -1726.0000000000
1030 -1725.0000000000
1038 -1724.0000000000
1051 -1723.0000000000
1059 -1721.0000000000
1062 -1720.0000000000
1075 -1719.0000000000
1104 -1716.0000000000
1107 -1715.0000000000
1109 -1713.0000000000
1115 -1712.0000000000
1126 -1711.0000000000
1129 -1710.0000000000
1135 -1709.0000000000
1139 -1707.0000000000
1144 -1705.0000000000
1148 -1704.0000000000
1149 -1702.0000000000
1151 -1701.0000000000
1152 -1700.0000000000
1153 -1699.0000000000
1156 -1698.0000000000
1171 -1697.0000000000
1172 -1696.0000000000
1177 -1695.0000000000
1182 -1694.0000000000
1188 -1693.0000000000
1193 -1692.0000000000
1196 -1690.0000000000
1202 -1689.0000000000
1208 -1688.0000000000
1213 -1685.0000000000
1214 -1684.0000000000
1217 -1682.0000000000
1227 -1681.0000000000
1235 -1678.0000000000
1247 -1677.0000000000
1248 -1676.0000000000
1252 -1675.0000000000
1253 -1674.0000000000
1266 -1673.0000000000
1268 -1672.0000000000
1276 -1671.0000000000
1288 -1670.0000000000
1296 -1669.0000000000
1302 -1668.0000000000
1303 -1667.0000000000
1307 -1666.0000000000
1314 -1665.0000000000
1315 -1664.0000000000
1331 -1663.0000000000
1346 -1662.0000000000
1352 -1661.0000000000
1354 -1660.0000000000
1355 -1659.0000000000
1357 -1658.0000000000
1363 -1657.0000000000
1365 -1656.0000000000
1367 -1655.0000000000
1371 -1652.0000000000
1375 -1651.0000000000
1377 -1650.0000000000
1378 -1649.0000000000
1379 -1647.0000000000
1380 -1646.0000000000
1385 -1645.0000000000
1397 -1644.0000000000
1402 -1643.0000000000
1410 -1642.0000000000
1416 -1641.0000000000
1421 -1640.0000000000
1424 -1639.0000000000
1425 -1637.0000000000
1433 -1636.0000000000
1440 -1635.0000000000
1446 -1634.0000000000
1448 -1633.0000000000
1450 -1632.0000000000
1456 -1631.0000000000
1457 -1630.0000000000
1460 -1629.0000000000
1478 -1628.0000000000
1479 -1627.0000000000
1488 -1625.0000000000
1495 -1624.0000000000
1503 -1623.0000000000
1516 -1621.0000000000
1521 -1620.0000000000
1528 -1619.0000000000
1533 -1617.0000000000
1553 -1615.0000000000
1558 -1614.0000000000
1561 -1613.0000000000
1567 -1611.0000000000
1569 -1610.0000000000
1571 -1609.0000000000
1572 -1608.0000000000
1573 -1607.0000000000
1574 -1605.0000000000
1578 -1604.0000000000
1582 -1603.0000000000
1592 -1602.0000000000
1601 -1601.0000000000
1619 -1600.0000000000
1628 -1598.0000000000
1630 -1597.0000000000
1633 -1596.0000000000
1637 -1595.0000000000
1638 -1594.0000000000
1645 -1593.0000000000
1650 -1592.0000000000
1659 -1591.0000000000
1663 -1589.0000000000
1669 -1588.0000000000
1677 -1587.0000000000
1685 -1586.0000000000
1686 -1585.0000000000
1687 -1583.0000000000
1691 -1582.0000000000
1692 -1581.0000000000
1699 -1580.0000000000
1707 -1578.0000000000
1709 -1576.0000000000
1711 -1575.0000000000
1720 -1574.0000000000
1723 -1573.0000000000
1737 -1572.0000000000
1748 -1571.0000000000
1754 -1570.0000000000
1755 -1569.0000000000
1757 -1567.0000000000
1762 -1566.0000000000
1763 -1564.0000000000
1775 -1563.0000000000
1781 -1562.0000000000
1792 -1561.0000000000
1799 -1560.0000000000
1801 -1559.0000000000
1807 -1558.0000000000
1816 -1557.0000000000
1832 -1556.0000000000
1839 -1555.0000000000
1845 -1554.0000000000
1851 -1553.0000000000
1854 -1552.0000000000
1862 -1551.0000000000
1864 -1550.0000000000
1866 -1549.0000000000
1868 -1548.0000000000
1875 -1547.0000000000
1883 -1546.0000000000
1885 -1545.0000000000
1890 -1543.0000000000
1898 -1542.0000000000
1903 -1541.0000000000
1905 -1539.0000000000
1907 -1538.0000000000
1911 -1537.0000000000
1912 -1536.0000000000
1913 -1535.0000000000
1914 -1534.0000000000
1915 -1533.0000000000
1920 -1532.0000000000
1940 -1531.0000000000
1944 -1530.0000000000
1953 -1529.0000000000
1957 -1528.0000000000
1958 -1527.0000000000
1959 -1525.0000000000
1961 -1523.0000000000
1964 -1522.0000000000
1977 -1521.0000000000
1985 -1520.0000000000
1988 -1519.0000000000
1994 -1518.0000000000
2018 -1517.0000000000
2025 -1516.0000000000
2031 -1514.0000000000
2035 -1513.0000000000
2037 -1512.0000000000
2043 -1511.0000000000
2046 -1510.0000000000
2057 -1509.0000000000
2058 -1508.0000000000
2063 -1505.0000000000
2068 -1504.0000000000
2070 -1503.0000000000
2071 -1502.0000000000
2077 -1501.0000000000
2115 -1500.0000000000
2116 -1498.0000000000
2118 -1497.0000000000
2124 -1496.0000000000
2125 -1495.0000000000
2130 -1494.0000000000
2131 -1492.0000000000
2135 -1490.0000000000
2140 -1489.0000000000
2141 -1488.0000000000
2149 -1487.0000000000
2152 -1486.0000000000
2162 -1484.0000000000
2163 -1482.0000000000
2165 -1481.0000000000
2177 -1479.0000000000
2178 -1478.0000000000
2179 -1477.0000000000
2184 -1476.0000000000
2189 -1475.0000000000
2193 -1474.0000000000
2203 -1473.0000000000
2211 -1472.0000000000
2215 -1470.0000000000
2221 -1469.0000000000
2226 -1468.0000000000
2227 -1467.0000000000
2229 -1466.0000000000
2236 -1465.0000000000
2246 -1464.0000000000
2247 -1463.0000000000
2248 -1461.0000000000
2250 -1460.0000000000
2252 -1459.0000000000
2253 -1458.0000000000
2262 -1457.0000000000
2264 -1456.0000000000
2271 -1455.0000000000
2272 -1454.0000000000
2275 -1453.0000000000
2277 -1452.0000000000
2279 -1451.0000000000
2280 -1450.0000000000
2282 -1449.0000000000
2284 -1447.0000000000
2293 -1446.0000000000
2297 -1445.0000000000
2303 -1444.0000000000
2305 -1443.0000000000
2308 -1442.0000000000
2310 -1441.0000000000
2315 -1440.0000000000
2333 -1439.0000000000
2339 -1438.0000000000
2341 -1436.0000000000
2351 -1435.0000000000
2358 -1434.0000000000
2370 -1433.0000000000
2373 -1432.0000000000
2375 -1430.0000000000
2376 -1429.0000000000
2385 -1428.0000000000
2387 -1427.0000000000
2389 -1426.0000000000
2391 -1423.0000000000
2398 -1422.0000000000
2401 -1421.0000000000
2404 -1420.0000000000
2409 -1419.0000000000
2421 -1418.0000000000
2426 -1417.0000000000
2427 -1416.0000000000
2429 -1415.0000000000
2431 -1413.0000000000
2436 -1412.0000000000
2437 -1411.0000000000
2444 -1410.0000000000
2445 -1408.0000000000
2453 -1406.0000000000
2465 -1405.0000000000
2466 -1404.0000000000
2467 -1402.0000000000
2469 -1401.0000000000
2483 -1400.0000000000
2485 -1399.0000000000
2488 -1397.0000000000
2490 -1396.0000000000
2491 -1395.0000000000
2503 -1394.0000000000
2512 -1392.0000000000
2514 -1391.0000000000
2518 -1389.0000000000
2520 -1388.0000000000
2528 -1387.0000000000
2539 -1385.0000000000
2541 -1384.0000000000
2543 -1383.0000000000
2546 -1382.0000000000
2549 -1381.0000000000
2550 -1380.0000000000
2561 -1379.0000000000
2569 -1378.0000000000
2582 -1377.0000000000
2583 -1376.0000000000
2584 -1375.0000000000
2591 -1374.0000000000
2592 -1373.0000000000
2597 -1372.0000000000
2598 -1371.0000000000
2604 -1370.0000000000
2615 -1369.0000000000
2621 -1368.0000000000
2627 -1365.0000000000
2632 -1363.0000000000
2635 -1361.0000000000
2645 -1360.0000000000
2655 -1359.0000000000
2657 -1358.0000000000
2661 -1357.0000000000
2678 -1355.0000000000
2679 -1353.0000000000
2687 -1351.0000000000
2688 -1349.0000000000
2691 -1348.0000000000
2692 -1347.0000000000
2695 -1346.0000000000
2698 -1345.0000000000
2703 -1344.0000000000
2709 -1343.0000000000
2711 -1342.0000000000
2720 -1341.0000000000
2722 -1340.0000000000
2724 -1339.0000000000
2732 -1338.0000000000
2740 -1337.0000000000
2741 -1336.0000000000
2745 -1335.0000000000
2749 -1333.0000000000
2760 -1332.0000000000
2762 -1330.0000000000
2764 -1329.0000000000
2766 -1328.0000000000
2770 -1327.0000000000
2771 -1326.0000000000
2793 -1325.0000000000
2795 -1324.0000000000
2810 -1323.0000000000
2811 -1322.0000000000
2827 -1321.0000000000
2831 -1320.0000000000
2832 -1319.0000000000
2839 -1317.0000000000
2847 -1315.0000000000
2857 -1314.0000000000
2862 -1313.0000000000
2863 -1311.0000000000
2874 -1310.0000000000
2881 -1309.0000000000
2887 -1308.0000000000
2888 -1307.0000000000
2902 -1306.0000000000
2910 -1305.0000000000
2919 -1304.0000000000
2922 -1302.0000000000
2926 -1300.0000000000
2945 -1299.0000000000
2949 -1298.0000000000
2953 -1297.0000000000
2955 -1296.0000000000
2959 -1295.0000000000
2962 -1294.0000000000
2971 -1292.0000000000
2976 -1290.0000000000
2986 -1289.0000000000
2991 -1288.0000000000
2992 -1287.0000000000
3012 -1286.0000000000
3014 -1284.0000000000
3016 -1283.0000000000
3018 -1282.0000000000
3022 -1281.0000000000
3029 -1280.0000000000
3030 -1279.0000000000
3032 -1278.0000000000
3034 -1276.0000000000
3040 -1275.0000000000
3042 -1273.0000000000
3043 -1272.0000000000
3056 -1271.0000000000
3057 -1270.0000000000
3064 -1269.0000000000
3071 -1268.0000000000
3089 -1267.0000000000
3098 -1265.0000000000
3124 -1264.0000000000
3136 -1263.0000000000
3141 -1261.0000000000
3155 -1260.0000000000
3157 -1259.0000000000
3160 -1258.0000000000
3162 -1257.0000000000
3173 -1256.0000000000
3190 -1255.0000000000
3196 -1254.0000000000
3197 -1252.0000000000
3200 -1251.0000000000
3205 -1250.0000000000
3209 -1249.0000000000
3213 -1248.0000000000
3226 -1247.0000000000
3231 -1246.0000000000
3234 -1245.0000000000
3235 -1244.0000000000
3236 -1243.0000000000
3241 -1242.0000000000
3254 -1241.0000000000
3257 -1240.0000000000
3271 -1238.0000000000
3274 -1237.0000000000
3295 -1236.0000000000
3316 -1235.0000000000
3341 -1234.0000000000
3346 -1233.0000000000
3358 -1232.0000000000
3361 -1231.0000000000
3362 -1230.0000000000
3376 -1228.0000000000
3377 -1227.0000000000
3393 -1226.0000000000
3401 -1225.0000000000
3417 -1224.0000000000
3428 -1223.0000000000
3432 -1222.0000000000
3435 -1221.0000000000
3439 -1220.0000000000
3440 -1219.0000000000
3479 -1218.0000000000
3485 -1217.0000000000
3487 -1216.0000000000
3491 -1215.0000000000
3500 -1214.0000000000
3517 -1213.0000000000
3528 -1212.0000000000
3530 -1211.0000000000
3531 -1210.0000000000
3533 -1209.0000000000
3542 -1208.0000000000
3543 -1207.0000000000
3544 -1205.0000000000
3548 -1204.0000000000
3550 -1203.0000000000
3554 -1202.0000000000
3560 -1201.0000000000
3561 -1200.0000000000
3567 -1199.0000000000
3580 -1198.0000000000
3597 -1196.0000000000
3609 -1195.0000000000
3627 -1194.0000000000
3629 -1193.0000000000
3642 -1192.0000000000
3650 -1191.0000000000
3653 -1190.0000000000
3656 -1189.0000000000
3657 -1188.0000000000
3675 -1187.0000000000
3676 -1186.0000000000
3677 -1185.0000000000
3690 -1184.0000000000
3712 -1183.0000000000
3715 -1182.0000000000
3722 -1181.0000000000
3728 -1180.0000000000
3732 -1179.0000000000
3735 -1178.0000000000
3740 -1175.0000000000
3745 -1174.0000000000
3747 -1173.0000000000
3750 -1172.0000000000
3754 -1171.0000000000
3755 -1170.0000000000
3764 -1169.0000000000
3774 -1168.0000000000
3779 -1167.0000000000
3786 -1166.0000000000
3798 -1165.0000000000
3802 -1163.0000000000
3806 -1162.0000000000
3807 -1161.0000000000
3808 -1159.0000000000
3816 -1158.0000000000
3822 -1157.0000000000
3824 -1156.0000000000
3828 -1155.0000000000
3832 -1152.0000000000
3838 -1151.0000000000
3839 -1150.0000000000
3843 -1149.0000000000
3850 -1148.0000000000
3854 -1146.0000000000
3861 -1145.0000000000
3864 -1143.0000000000
3867 -1142.0000000000
3877 -1141.0000000000
3878 -1139.0000000000
3890 -1138.0000000000
3891 -1136.0000000000
3899 -1135.0000000000
3901 -1134.0000000000
3906 -1132.0000000000
3910 -1131.0000000000
3913 -1130.0000000000
3937 -1129.0000000000
3965 -1128.0000000000
3974 -1127.0000000000
3981 -1124.0000000000
3985 -1123.0000000000
3987 -1122.0000000000
3989 -1121.0000000000
3990 -1119.0000000000
3997 -1118.0000000000
4012 -1117.0000000000
4019 -1116.0000000000
4030 -1115.0000000000
4032 -1114.0000000000
4033 -1113.0000000000
4037 -1112.0000000000
4066 -1110.0000000000
4077 -1109.0000000000
4086 -1108.0000000000
4090 -1107.0000000000
4100 -1106.0000000000
4111 -1105.0000000000
4114 -1104.0000000000
4157 -1103.0000000000
4158 -1102.0000000000
4160 -1101.0000000000
4161 -1100.0000000000
4176 -1099.0000000000
4179 -1098.0000000000
4191 -1097.0000000000
4193 -1096.0000000000
4226 -1095.0000000000
4237 -1094.0000000000
4253 -1093.0000000000
4269 -1092.0000000000
4270 -1091.0000000000
4271 -1090.0000000000
4277 -1089.0000000000
4305 -1087.0000000000
4312 -1086.0000000000
4325 -1083.0000000000
4331 -1082.0000000000
4334 -1081.0000000000
4339 -1080.0000000000
4351 -1079.0000000000
4356 -1078.0000000000
4358 -1077.0000000000
4361 -1076.0000000000
4364 -1075.0000000000
4386 -1074.0000000000
4393 -1072.0000000000
4410 -1071.0000000000
4413 -1070.0000000000
4425 -1069.0000000000
4431 -1068.0000000000
4439 -1067.0000000000
4446 -1066.0000000000
4448 -1065.0000000000
4461 -1063.0000000000
4473 -1060.0000000000
4475 -1059.0000000000
4486 -1057.0000000000
4489 -1056.0000000000
4492 -1054.0000000000
4499 -1053.0000000000
4505 -1052.0000000000
4520 -1051.0000000000
4527 -1050.0000000000
4538 -1048.0000000000
4541 -1046.0000000000
4545 -1045.0000000000
4551 -1044.0000000000
4553 -1043.0000000000
4572 -1042.0000000000
4577 -1041.0000000000
4581 -1039.0000000000
4584 -1038.0000000000
4585 -1036.0000000000
4587 -1035.0000000000
4597 -1034.0000000000
4603 -1033.0000000000
4611 -1032.0000000000
4612 -1031.0000000000
4618 -1030.0000000000
4624 -1029.0000000000
4625 -1028.0000000000
4626 -1027.0000000000
4637 -1026.0000000000
4639 -1025.0000000000
4658 -1024.0000000000
4660 -1023.0000000000
4680 -1021.0000000000
4691 -1020.0000000000
4694 -1019.0000000000
4696 -1018.0000000000
4703 -1017.0000000000
4718 -1016.0000000000
4719 -1015.0000000000
4730 -1014.0000000000
4733 -1013.0000000000
4747 -1011.0000000000
4753 -1010.0000000000
4763 -1009.0000000000
4767 -1008.0000000000
4793 -1007.0000000000
4806 -1006.0000000000
4811 -1005.0000000000
4817 -1003.0000000000
4820 -1002.0000000000
4822 -1001.0000000000
4825 -1000.0000000000
4830 -999.0000000000
4844 -998.0000000000
4860 -997.0000000000
4871 -996.0000000000
4882 -994.0000000000
4903 -993.0000000000
4907 -992.0000000000
4922 -991.0000000000
4931 -990.0000000000
4938 -988.0000000000
4939 -987.0000000000
4946 -986.0000000000
4949 -985.0000000000
4950 -984.0000000000
4971 -983.0000000000
4974 -982.0000000000
4995 -981.0000000000
4997 -980.0000000000
5047 -979.0000000000
5068 -978.0000000000
5071 -977.0000000000
5099 -975.0000000000
5105 -974.0000000000
5113 -972.0000000000
5114 -971.0000000000
5116 -969.0000000000
5120 -968.0000000000
5131 -967.0000000000
5135 -966.0000000000
5142 -965.0000000000
5151 -964.0000000000
5154 -963.0000000000
5166 -962.0000000000
5169 -960.0000000000
5186 -959.0000000000
5190 -958.0000000000
5199 -957.0000000000
5202 -956.0000000000
5212 -954.0000000000
5229 -952.0000000000
5242 -951.0000000000
5247 -950.0000000000
5248 -949.0000000000
5282 -948.0000000000
5284 -947.0000000000
5288 -946.0000000000
5290 -945.0000000000
5294 -944.0000000000
5331 -943.0000000000
5334 -942.0000000000
5341 -941.0000000000
5363 -940.0000000000
5371 -939.0000000000
5376 -938.0000000000
5387 -937.0000000000
5401 -936.0000000000
5410 -935.0000000000
5413 -933.0000000000
5422 -931.0000000000
5434 -930.0000000000
5459 -929.0000000000
5482 -928.0000000000
5498 -926.0000000000
5512 -925.0000000000
5561 -924.0000000000
5563 -923.0000000000
5567 -922.0000000000
5571 -921.0000000000
5573 -920.0000000000
5577 -919.0000000000
5641 -917.0000000000
5647 -916.0000000000
5664 -915.0000000000
5690 -914.0000000000
5695 -913.0000000000
5702 -912.0000000000
5711 -911.0000000000
5714 -910.0000000000
5715 -909.0000000000
5719 -908.0000000000
5724 -907.0000000000
5727 -906.0000000000
5732 -905.0000000000
5737 -904.0000000000
5743 -903.0000000000
5745 -902.0000000000
5756 -901.0000000000
5760 -900.0000000000
5764 -899.0000000000
5785 -898.0000000000
5795 -897.0000000000
5800 -895.0000000000
5811 -894.0000000000
5829 -893.0000000000
5840 -891.0000000000
5846 -890.0000000000
5852 -889.0000000000
5867 -887.0000000000
5892 -886.0000000000
5908 -884.0000000000
5916 -883.0000000000
5929 -882.0000000000
5971 -881.0000000000
5986 -880.0000000000
5990 -879.0000000000
6007 -878.0000000000
6014 -877.0000000000
6039 -876.0000000000
6041 -875.0000000000
6075 -874.0000000000
6077 -873.0000000000
6078 -872.0000000000
6088 -871.0000000000
6098 -870.0000000000
6100 -869.0000000000
6109 -868.0000000000
6111 -867.0000000000
6133 -866.0000000000
6167 -864.0000000000
6173 -863.0000000000
6193 -862.0000000000
6198 -861.0000000000
6206 -860.0000000000
6231 -859.0000000000
6234 -858.0000000000
6275 -857.0000000000
6283 -856.0000000000
6292 -855.0000000000
6293 -854.0000000000
6305 -852.0000000000
6308 -851.0000000000
6327 -850.0000000000
6359 -849.0000000000
6365 -848.0000000000
6367 -847.0000000000
6386 -846.0000000000
6399 -845.0000000000
6417 -844.0000000000
6423 -843.0000000000
6429 -842.0000000000
6439 -841.0000000000
6450 -840.0000000000
6463 -838.0000000000
6475 -837.0000000000
6487 -836.0000000000
6488 -835.0000000000
6500 -834.0000000000
6502 -833.0000000000
6509 -832.0000000000
6515 -831.0000000000
6520 -830.0000000000
6536 -829.0000000000
6538 -828.0000000000
6541 -827.0000000000
6545 -826.0000000000
6563 -825.0000000000
6570 -824.0000000000
6581 -823.0000000000
6585 -822.0000000000
6602 -821.0000000000
6608 -818.0000000000
6610 -817.0000000000
6611 -816.0000000000
6627 -815.0000000000
6650 -814.0000000000
6653 -813.0000000000
6654 -812.0000000000
6665 -811.0000000000
6666 -810.0000000000
6675 -809.0000000000
6678 -808.0000000000
6682 -807.0000000000
6687 -806.0000000000
6689 -805.0000000000
6693 -804.0000000000
6697 -803.0000000000
6705 -802.0000000000
6719 -801.0000000000
6721 -800.0000000000
6734 -799.0000000000
6735 -798.0000000000
6736 -797.0000000000
6737 -796.0000000000
6738 -795.0000000000
6740 -793.0000000000
6782 -792.0000000000
6784 -791.0000000000
6787 -790.0000000000
6796 -789.0000000000
6824 -788.0000000000
6847 -787.0000000000
6855 -786.0000000000
6863 -785.0000000000
6883 -784.0000000000
6903 -783.0000000000
6908 -782.0000000000
6910 -781.0000000000
6922 -780.0000000000
6959 -779.0000000000
6965 -777.0000000000
6968 -776.0000000000
6984 -775.0000000000
7002 -774.0000000000
7006 -773.0000000000
7022 -772.0000000000
7065 -771.0000000000
7082 -770.0000000000
7094 -767.0000000000
7109 -766.0000000000
7113 -765.0000000000
7115 -764.0000000000
7166 -763.0000000000
7172 -762.0000000000
7185 -761.0000000000
7187 -760.0000000000
7209 -759.0000000000
7213 -758.0000000000
7221 -757.0000000000
7225 -756.0000000000
7237 -753.0000000000
7259 -752.0000000000
7262 -751.0000000000
7292 -750.0000000000
7315 -749.0000000000
7318 -748.0000000000
7329 -747.0000000000
7340 -745.0000000000
7345 -744.0000000000
7348 -743.0000000000
7354 -742.0000000000
7364 -740.0000000000
7367 -739.0000000000
7378 -738.0000000000
7401 -737.0000000000
7413 -735.0000000000
7422 -733.0000000000
7433 -732.0000000000
7444 -731.0000000000
7451 -730.0000000000
7500 -729.0000000000
7503 -728.0000000000
7584 -727.0000000000
7665 -726.0000000000
7676 -725.0000000000
7677 -724.0000000000
7754 -722.0000000000
7761 -721.0000000000
7766 -720.0000000000
7776 -719.0000000000
7777 -718.0000000000
7824 -717.0000000000
7829 -716.0000000000
7835 -715.0000000000
7837 -714.0000000000
7864 -713.0000000000
7866 -712.0000000000
7872 -711.0000000000
7875 -710.0000000000
7912 -709.0000000000
7921 -708.0000000000
7937 -707.0000000000
7945 -706.0000000000
7960 -705.0000000000
7975 -703.0000000000
7980 -702.0000000000
7982 -701.0000000000
8014 -700.0000000000
8025 -699.0000000000
8028 -697.0000000000
8030 -696.0000000000
8035 -694.0000000000
8045 -693.0000000000
8075 -692.0000000000
8083 -691.0000000000
8089 -689.0000000000
8090 -688.0000000000
8105 -687.0000000000
8106 -686.0000000000
8116 -685.0000000000
8120 -684.0000000000
8127 -683.0000000000
8135 -682.0000000000
8143 -681.0000000000
8151 -680.0000000000
8156 -679.0000000000
8162 -678.0000000000
8170 -677.0000000000
8171 -676.0000000000
8175 -675.0000000000
8178 -674.0000000000
8190 -673.0000000000
8196 -672.0000000000
8207 -671.0000000000
8211 -670.0000000000
8277 -669.0000000000
8290 -668.0000000000
8302 -667.0000000000
8303 -666.0000000000
8346 -665.0000000000
8348 -664.0000000000
8353 -663.0000000000
8385 -662.0000000000
8386 -661.0000000000
8392 -660.0000000000
8434 -659.0000000000
8448 -657.0000000000
8468 -656.0000000000
8469 -655.0000000000
8471 -654.0000000000
8472 -653.0000000000
8476 -652.0000000000
8480 -651.0000000000
8489 -650.0000000000
8531 -649.0000000000
8536 -648.0000000000
8565 -647.0000000000
8604 -646.0000000000
8628 -645.0000000000
8642 -644.0000000000
8658 -643.0000000000
8713 -642.0000000000
8734 -641.0000000000
8757 -640.0000000000
8772 -639.0000000000
8779 -638.0000000000
8805 -637.0000000000
8829 -636.0000000000
8832 -635.0000000000
8834 -633.0000000000
8835 -632.0000000000
8836 -631.0000000000
8858 -630.0000000000
8915 -629.0000000000
8918 -628.0000000000
8934 -627.0000000000
8946 -625.0000000000
8947 -624.0000000000
8954 -623.0000000000
8963 -621.0000000000
8981 -620.0000000000
8991 -619.0000000000
8997 -618.0000000000
9001 -617.0000000000
9035 -616.0000000000
9043 -615.0000000000
9067 -614.0000000000
9086 -613.0000000000
9092 -612.0000000000
9093 -611.0000000000
9098 -610.0000000000
9103 -609.0000000000
9105 -608.0000000000
9144 -607.0000000000
9145 -606.0000000000
9153 -605.0000000000
9157 -604.0000000000
9193 -603.0000000000
9199 -602.0000000000
9206 -601.0000000000
9231 -600.0000000000
9266 -599.0000000000
9270 -598.0000000000
9326 -597.0000000000
9340 -596.0000000000
9350 -595.0000000000
9384 -594.0000000000
9411 -593.0000000000
9418 -592.0000000000
9423 -591.0000000000
9434 -590.0000000000
9489 -589.0000000000
9493 -588.0000000000
9514 -587.0000000000
9520 -586.0000000000
9540 -585.0000000000
9544 -584.0000000000
9548 -582.0000000000
9575 -581.0000000000
9576 -580.0000000000
9588 -579.0000000000
9604 -578.0000000000
9607 -577.0000000000
9662 -576.0000000000
9664 -575.0000000000
9707 -574.0000000000
9716 -573.0000000000
9728 -572.0000000000
9730 -571.0000000000
9746 -570.0000000000
9771 -569.0000000000
9780 -568.0000000000
9793 -567.0000000000
9809 -566.0000000000
9872 -565.0000000000
9914 -564.0000000000
9916 -563.0000000000
9918 -562.0000000000
9923 -561.0000000000
9936 -560.0000000000
9937 -559.0000000000
9939 -558.0000000000
9985 -557.0000000000
10000 -557.0000000000
