evaluations raw_y
1 -1894.0000000000
3 -1893.0000000000
13 -1871.0000000000
17 -1840.0000000000
43 -1805.0000000000
62 -1789.0000000000
90 -1787.0000000000
104 -1764.0000000000
132 -1762.0000000000
135 -1738.0000000000
143 -1735.0000000000
164 -1734.0000000000
171 -1733.0000000000
177 -1717.0000000000
201 -1707.0000000000
217 -1706.0000000000
227 -1705.0000000000
245 -1704.0000000000
246 -1702.0000000000
252 -1700.0000000000
264 -1691.0000000000
267 -1689.0000000000
281 -1685.0000000000
297 -1684.0000000000
302 -1672.0000000000
352 -1669.0000000000
356 -1667.0000000000
364 -1665.0000000000
372 -1664.0000000000
379 -1663.0000000000
400 -1660.0000000000
411 -1658.0000000000
417 -1656.0000000000
436 -1655.0000000000
445 -1652.0000000000
482 -1648.0000000000
484 -1645.0000000000
518 -1644.0000000000
531 -1643.0000000000
542 -1642.0000000000
558 -1641.0000000000
568 -1639.0000000000
574 -1637.0000000000
582 -1636.0000000000
586 -1635.0000000000
621 -1634.0000000000
623 -1633.0000000000
648 -1631.0000000000
673 -1630.0000000000
680 -1628.0000000000
689 -1625.0000000000
719 -1624.0000000000
723 -1623.0000000000
733 -1621.0000000000
765 -1620.0000000000
768 -1619.0000000000
782 -1616.0000000000
805 -1615.0000000000
823 -1614.0000000000
851 -1612.0000000000
853 -1611.0000000000
883 -1610.0000000000
887 -1608.0000000000
896 -1606.0000000000
923 -1605.0000000000
934 -1604.0000000000
941 -1603.0000000000
968 -1601.0000000000
990 -1600.0000000000
1005 -1599.0000000000
1018 -1598.0000000000
1032 -1597.0000000000
1034 -1596.0000000000
1044 -1594.0000000000
1070 -1593.0000000000
1081 -1592.0000000000
1088 -1589.0000000000
1125 -1588.0000000000
1142 -1587.0000000000
1161 -1586.0000000000
1178 -1584.0000000000
1183 -1583.0000000000
1215 -1581.0000000000
1229 -1580.0000000000
1257 -1579.0000000000
1270 -1577.0000000000
1289 -1576.0000000000
1296 -1575.0000000000
1301 -1573.0000000000
1340 -1572.0000000000
1344 -1570.0000000000
1354 -1569.0000000000
1362 -1568.0000000000
1384 -1566.0000000000
1407 -1565.0000000000
1412 -1564.0000000000
1426 -1563.0000000000
1443 -1562.0000000000
1446 -1560.0000000000
1471 -1559.0000000000
1485 -1558.0000000000
1505 -1557.0000000000
1520 -1556.0000000000
1527 -1555.0000000000
1532 -1554.0000000000
1554 -1553.0000000000
1570 -1552.0000000000
1587 -1549.0000000000
1617 -1548.0000000000
1643 -1546.0000000000
1656 -1545.0000000000
1668 -1543.0000000000
1690 -1542.0000000000
1705 -1541.0000000000
1706 -1539.0000000000
1727 -1538.0000000000
1730 -1536.0000000000
1764 -1534.0000000000
1766 -1533.0000000000
1789 -1531.0000000000
1822 -1530.0000000000
1828 -1528.0000000000
1853 -1527.0000000000
1867 -1524.0000000000
1889 -1522.0000000000
1907 -1520.0000000000
1934 -1519.0000000000
1951 -1517.0000000000
1961 -1516.0000000000
1970 -1515.0000000000
1981 -1513.0000000000
1990 -1512.0000000000
2003 -1511.0000000000
2030 -1510.0000000000
2031 -1509.0000000000
2043 -1506.0000000000
2081 -1503.0000000000
2110 -1499.0000000000
2145 -1497.0000000000
2146 -1496.0000000000
2153 -1495.0000000000
2162 -1494.0000000000
2188 -1490.0000000000
2222 -1489.0000000000
2224 -1488.0000000000
2248 -1486.0000000000
2281 -1484.0000000000
2302 -1483.0000000000
2321 -1482.0000000000
2341 -1480.0000000000
2346 -1479.0000000000
2361 -1478.0000000000
2384 -1477.0000000000
2392 -1476.0000000000
2411 -1475.0000000000
2423 -1474.0000000000
2443 -1473.0000000000
2453 -1471.0000000000
2470 -1470.0000000000
2474 -1469.0000000000
2488 -1466.0000000000
2532 -1461.0000000000
2554 -1460.0000000000
2581 -1459.0000000000
2612 -1457.0000000000
2622 -1456.0000000000
2657 -1454.0000000000
2678 -1453.0000000000
2700 -1452.0000000000
2715 -1450.0000000000
2728 -1449.0000000000
2757 -1448.0000000000
2784 -1447.0000000000
2812 -1446.0000000000
2817 -1445.0000000000
2831 -1444.0000000000
2862 -1439.0000000000
2898 -1438.0000000000
2901 -1437.0000000000
2923 -1436.0000000000
2944 -1434.0000000000
2971 -1433.0000000000
2987 -1430.0000000000
3005 -1429.0000000000
3021 -1427.0000000000
3048 -1426.0000000000
3068 -1425.0000000000
3081 -1424.0000000000
3106 -1423.0000000000
3123 -1421.0000000000
3131 -1420.0000000000
3157 -1419.0000000000
3173 -1418.0000000000
3188 -1416.0000000000
3217 -1415.0000000000
3236 -1414.0000000000
3244 -1413.0000000000
3254 -1411.0000000000
3262 -1410.0000000000
3302 -1408.0000000000
3321 -1407.0000000000
3332 -1406.0000000000
3342 -1405.0000000000
3361 -1400.0000000000
3398 -1399.0000000000
3401 -1398.0000000000
3436 -1397.0000000000
3442 -1396.0000000000
3465 -1394.0000000000
3484 -1393.0000000000
3504 -1391.0000000000
3521 -1390.0000000000
3542 -1389.0000000000
3547 -1387.0000000000
3583 -1386.0000000000
3585 -1385.0000000000
3586 -1384.0000000000
3596 -1383.0000000000
3609 -1382.0000000000
3631 -1378.0000000000
3647 -1377.0000000000
3666 -1375.0000000000
3681 -1374.0000000000
3683 -1373.0000000000
3708 -1368.0000000000
3770 -1365.0000000000
3791 -1364.0000000000
3799 -1362.0000000000
3827 -1361.0000000000
3828 -1359.0000000000
3851 -1358.0000000000
3883 -1356.0000000000
3927 -1355.0000000000
3928 -1354.0000000000
3937 -1353.0000000000
3941 -1352.0000000000
3966 -1350.0000000000
4012 -1348.0000000000
4036 -1346.0000000000
4064 -1345.0000000000
4072 -1344.0000000000
4083 -1341.0000000000
4084 -1340.0000000000
4103 -1339.0000000000
4122 -1338.0000000000
4130 -1336.0000000000
4161 -1333.0000000000
4191 -1332.0000000000
4205 -1330.0000000000
4222 -1329.0000000000
4225 -1328.0000000000
4242 -1327.0000000000
4250 -1326.0000000000
4269 -1325.0000000000
4304 -1324.0000000000
4322 -1323.0000000000
4327 -1322.0000000000
4348 -1321.0000000000
4355 -1320.0000000000
4391 -1319.0000000000
4400 -1318.0000000000
4406 -1317.0000000000
4424 -1316.0000000000
4434 -1315.0000000000
4451 -1314.0000000000
4461 -1313.0000000000
4468 -1312.0000000000
4482 -1309.0000000000
4507 -1308.0000000000
4514 -1307.0000000000
4549 -1306.0000000000
4574 -1304.0000000000
4587 -1303.0000000000
4610 -1302.0000000000
4621 -1299.0000000000
4624 -1297.0000000000
4650 -1295.0000000000
4673 -1293.0000000000
4704 -1292.0000000000
4724 -1290.0000000000
4743 -1289.0000000000
4760 -1288.0000000000
4799 -1287.0000000000
4813 -1286.0000000000
4831 -1284.0000000000
4872 -1283.0000000000
4886 -1281.0000000000
4915 -1279.0000000000
4924 -1277.0000000000
4950 -1276.0000000000
4978 -1275.0000000000
4989 -1273.0000000000
5024 -1271.0000000000
5032 -1270.0000000000
5049 -1269.0000000000
5067 -1266.0000000000
5101 -1265.0000000000
5131 -1263.0000000000
5148 -1261.0000000000
5168 -1260.0000000000
5174 -1259.0000000000
5187 -1258.0000000000
5208 -1257.0000000000
5219 -1256.0000000000
5238 -1251.0000000000
5244 -1250.0000000000
5288 -1249.0000000000
5302 -1247.0000000000
5332 -1246.0000000000
5361 -1245.0000000000
5362 -1244.0000000000
5363 -1243.0000000000
5382 -1242.0000000000
5409 -1241.0000000000
5436 -1240.0000000000
5446 -1238.0000000000
5456 -1236.0000000000
5462 -1234.0000000000
5501 -1233.0000000000
5515 -1231.0000000000
5533 -1228.0000000000
5542 -1226.0000000000
5573 -1224.0000000000
5604 -1221.0000000000
5647 -1219.0000000000
5684 -1218.0000000000
5710 -1217.0000000000
5727 -1216.0000000000
5748 -1213.0000000000
5786 -1211.0000000000
5809 -1210.0000000000
5821 -1209.0000000000
5841 -1208.0000000000
5872 -1206.0000000000
5882 -1205.0000000000
5925 -1203.0000000000
5961 -1201.0000000000
5966 -1200.0000000000
6001 -1198.0000000000
6004 -1197.0000000000
6025 -1195.0000000000
6041 -1194.0000000000
6044 -1193.0000000000
6076 -1192.0000000000
6085 -1191.0000000000
6107 -1190.0000000000
6124 -1188.0000000000
6144 -1187.0000000000
6147 -1185.0000000000
6181 -1184.0000000000
6197 -1183.0000000000
6211 -1181.0000000000
6222 -1180.0000000000
6282 -1178.0000000000
6313 -1177.0000000000
6322 -1175.0000000000
6353 -1173.0000000000
6361 -1172.0000000000
6404 -1171.0000000000
6427 -1170.0000000000
6429 -1168.0000000000
6441 -1167.0000000000
6466 -1166.0000000000
6483 -1164.0000000000
6507 -1161.0000000000
6552 -1160.0000000000
6563 -1158.0000000000
6592 -1157.0000000000
6604 -1156.0000000000
6628 -1155.0000000000
6641 -1154.0000000000
6653 -1153.0000000000
6672 -1151.0000000000
6684 -1150.0000000000
6693 -1148.0000000000
6732 -1147.0000000000
6743 -1146.0000000000
6756 -1144.0000000000
6764 -1142.0000000000
6784 -1141.0000000000
6787 -1140.0000000000
6826 -1138.0000000000
6853 -1136.0000000000
6867 -1135.0000000000
6883 -1133.0000000000
6894 -1131.0000000000
6903 -1130.0000000000
6941 -1129.0000000000
6953 -1127.0000000000
6983 -1124.0000000000
7015 -1122.0000000000
7069 -1119.0000000000
7103 -1117.0000000000
7131 -1116.0000000000
7141 -1115.0000000000
7165 -1114.0000000000
7182 -1113.0000000000
7201 -1112.0000000000
7224 -1111.0000000000
7233 -1110.0000000000
7268 -1108.0000000000
7283 -1107.0000000000
7296 -1104.0000000000
7312 -1101.0000000000
7368 -1100.0000000000
7385 -1099.0000000000
7410 -1097.0000000000
7419 -1096.0000000000
7429 -1094.0000000000
7463 -1092.0000000000
7475 -1091.0000000000
7497 -1090.0000000000
7519 -1089.0000000000
7527 -1088.0000000000
7553 -1086.0000000000
7571 -1085.0000000000
7586 -1084.0000000000
7602 -1083.0000000000
7628 -1082.0000000000
7633 -1080.0000000000
7644 -1079.0000000000
7669 -1078.0000000000
7672 -1077.0000000000
7715 -1076.0000000000
7742 -1075.0000000000
7743 -1074.0000000000
7782 -1073.0000000000
7802 -1072.0000000000
7847 -1071.0000000000
7860 -1070.0000000000
7867 -1069.0000000000
7884 -1068.0000000000
7906 -1066.0000000000
7931 -1063.0000000000
7950 -1061.0000000000
8045 -1059.0000000000
8067 -1058.0000000000
8087 -1057.0000000000
8107 -1056.0000000000
8121 -1055.0000000000
8144 -1054.0000000000
8145 -1053.0000000000
8180 -1051.0000000000
8185 -1049.0000000000
8206 -1048.0000000000
8223 -1047.0000000000
8226 -1046.0000000000
8269 -1045.0000000000
8285 -1044.0000000000
8291 -1043.0000000000
8303 -1042.0000000000
8348 -1039.0000000000
8387 -1037.0000000000
8422 -1036.0000000000
8443 -1035.0000000000
8446 -1034.0000000000
8461 -1032.0000000000
8491 -1029.0000000000
8520 -1028.0000000000
8541 -1027.0000000000
8553 -1026.0000000000
8563 -1025.0000000000
8595 -1024.0000000000
8601 -1023.0000000000
8631 -1019.0000000000
8659 -1018.0000000000
8661 -1017.0000000000
8714 -1016.0000000000
8715 -1014.0000000000
8747 -1013.0000000000
8782 -1012.0000000000
8785 -1011.0000000000
8809 -1009.0000000000
8833 -1008.0000000000
8877 -1007.0000000000
8882 -1006.0000000000
8922 -1005.0000000000
8946 -1004.0000000000
8963 -1002.0000000000
8982 -1001.0000000000
9053 -1000.0000000000
9063 -998.0000000000
9082 -997.0000000000
9086 -996.0000000000
9111 -995.0000000000
9132 -993.0000000000
9145 -992.0000000000
9170 -990.0000000000
9224 -988.0000000000
9264 -987.0000000000
9267 -986.0000000000
9287 -984.0000000000
9320 -983.0000000000
9334 -982.0000000000
9376 -981.0000000000
9395 -980.0000000000
9403 -979.0000000000
9413 -978.0000000000
9442 -977.0000000000
9444 -975.0000000000
9477 -974.0000000000
9491 -973.0000000000
9504 -972.0000000000
9541 -970.0000000000
9566 -969.0000000000
9598 -967.0000000000
9636 -966.0000000000
9652 -964.0000000000
9701 -963.0000000000
9702 -962.0000000000
9715 -961.0000000000
9725 -960.0000000000
9730 -959.0000000000
9752 -958.0000000000
9769 -957.0000000000
9803 -956.0000000000
9819 -953.0000000000
9866 -951.0000000000
9900 -950.0000000000
9906 -949.0000000000
9935 -948.0000000000
9942 -947.0000000000
9974 -946.0000000000
9984 -945.0000000000
10000 -946.0000000000
