evaluations raw_y
1 -1917.0000000000
3 -1883.0000000000
4 -1882.0000000000
16 -1872.0000000000
39 -1854.0000000000
43 -1827.0000000000
82 -1818.0000000000
87 -1817.0000000000
90 -1782.0000000000
108 -1777.0000000000
111 -1774.0000000000
131 -1740.0000000000
163 -1736.0000000000
168 -1732.0000000000
185 -1731.0000000000
196 -1729.0000000000
201 -1714.0000000000
212 -1692.0000000000
254 -1690.0000000000
258 -1687.0000000000
261 -1686.0000000000
263 -1673.0000000000
285 -1671.0000000000
302 -1669.0000000000
304 -1665.0000000000
306 -1655.0000000000
344 -1654.0000000000
360 -1652.0000000000
375 -1651.0000000000
381 -1649.0000000000
401 -1634.0000000000
446 -1633.0000000000
467 -1626.0000000000
502 -1623.0000000000
525 -1621.0000000000
534 -1618.0000000000
559 -1616.0000000000
565 -1609.0000000000
619 -1602.0000000000
638 -1597.0000000000
664 -1596.0000000000
665 -1594.0000000000
686 -1591.0000000000
721 -1590.0000000000
725 -1589.0000000000
752 -1588.0000000000
761 -1586.0000000000
789 -1585.0000000000
806 -1579.0000000000
861 -1577.0000000000
874 -1575.0000000000
882 -1574.0000000000
904 -1573.0000000000
943 -1572.0000000000
967 -1570.0000000000
986 -1568.0000000000
1025 -1567.0000000000
1029 -1566.0000000000
1048 -1564.0000000000
1070 -1561.0000000000
1102 -1559.0000000000
1123 -1558.0000000000
1124 -1557.0000000000
1151 -1556.0000000000
1157 -1555.0000000000
1175 -1552.0000000000
1207 -1551.0000000000
1213 -1550.0000000000
1240 -1546.0000000000
1263 -1545.0000000000
1285 -1544.0000000000
1296 -1542.0000000000
1304 -1541.0000000000
1333 -1540.0000000000
1341 -1538.0000000000
1361 -1537.0000000000
1387 -1536.0000000000
1397 -1534.0000000000
1412 -1533.0000000000
1425 -1532.0000000000
1438 -1530.0000000000
1453 -1529.0000000000
1462 -1528.0000000000
1476 -1527.0000000000
1495 -1524.0000000000
1520 -1522.0000000000
1527 -1521.0000000000
1563 -1520.0000000000
1577 -1519.0000000000
1597 -1518.0000000000
1603 -1515.0000000000
1637 -1514.0000000000
1638 -1513.0000000000
1644 -1512.0000000000
1647 -1511.0000000000
1666 -1509.0000000000
1678 -1508.0000000000
1682 -1506.0000000000
1704 -1505.0000000000
1710 -1503.0000000000
1744 -1501.0000000000
1755 -1500.0000000000
1762 -1499.0000000000
1777 -1498.0000000000
1799 -1494.0000000000
1811 -1493.0000000000
1822 -1492.0000000000
1844 -1491.0000000000
1855 -1490.0000000000
1869 -1488.0000000000
1904 -1487.0000000000
1908 -1485.0000000000
1957 -1481.0000000000
1980 -1480.0000000000
1999 -1479.0000000000
2023 -1477.0000000000
2064 -1476.0000000000
2065 -1474.0000000000
2087 -1472.0000000000
2091 -1470.0000000000
2102 -1469.0000000000
2146 -1466.0000000000
2181 -1465.0000000000
2204 -1462.0000000000
2267 -1461.0000000000
2271 -1460.0000000000
2283 -1459.0000000000
2306 -1457.0000000000
2344 -1456.0000000000
2360 -1455.0000000000
2381 -1454.0000000000
2393 -1452.0000000000
2403 -1451.0000000000
2412 -1449.0000000000
2444 -1448.0000000000
2445 -1446.0000000000
2485 -1445.0000000000
2488 -1443.0000000000
2516 -1442.0000000000
2529 -1439.0000000000
2541 -1436.0000000000
2581 -1435.0000000000
2605 -1434.0000000000
2623 -1433.0000000000
2630 -1431.0000000000
2652 -1428.0000000000
2664 -1427.0000000000
2693 -1425.0000000000
2695 -1424.0000000000
2708 -1423.0000000000
2742 -1422.0000000000
2766 -1417.0000000000
2794 -1415.0000000000
2805 -1413.0000000000
2862 -1412.0000000000
2871 -1411.0000000000
2884 -1410.0000000000
2915 -1409.0000000000
2921 -1407.0000000000
2983 -1406.0000000000
2984 -1405.0000000000
3001 -1404.0000000000
3017 -1402.0000000000
3025 -1401.0000000000
3054 -1400.0000000000
3088 -1399.0000000000
3112 -1398.0000000000
3119 -1397.0000000000
3130 -1396.0000000000
3146 -1394.0000000000
3148 -1393.0000000000
3161 -1392.0000000000
3165 -1391.0000000000
3187 -1390.0000000000
3213 -1389.0000000000
3222 -1388.0000000000
3237 -1385.0000000000
3274 -1382.0000000000
3304 -1380.0000000000
3322 -1379.0000000000
3327 -1378.0000000000
3349 -1377.0000000000
3378 -1375.0000000000
3395 -1372.0000000000
3432 -1371.0000000000
3454 -1370.0000000000
3466 -1369.0000000000
3487 -1368.0000000000
3501 -1367.0000000000
3503 -1366.0000000000
3547 -1365.0000000000
3562 -1363.0000000000
3585 -1362.0000000000
3594 -1361.0000000000
3595 -1360.0000000000
3605 -1359.0000000000
3621 -1357.0000000000
3655 -1356.0000000000
3658 -1355.0000000000
3661 -1354.0000000000
3699 -1353.0000000000
3702 -1352.0000000000
3706 -1348.0000000000
3723 -1346.0000000000
3768 -1344.0000000000
3789 -1343.0000000000
3802 -1342.0000000000
3804 -1341.0000000000
3824 -1340.0000000000
3836 -1339.0000000000
3841 -1338.0000000000
3852 -1337.0000000000
3865 -1336.0000000000
3874 -1335.0000000000
3902 -1332.0000000000
3925 -1331.0000000000
3944 -1330.0000000000
3963 -1328.0000000000
3997 -1325.0000000000
4034 -1324.0000000000
4040 -1320.0000000000
4069 -1319.0000000000
4075 -1318.0000000000
4089 -1317.0000000000
4120 -1316.0000000000
4125 -1315.0000000000
4141 -1314.0000000000
4147 -1313.0000000000
4161 -1312.0000000000
4188 -1309.0000000000
4220 -1308.0000000000
4241 -1305.0000000000
4287 -1304.0000000000
4309 -1302.0000000000
4330 -1301.0000000000
4342 -1300.0000000000
4365 -1298.0000000000
4367 -1296.0000000000
4403 -1293.0000000000
4437 -1292.0000000000
4441 -1291.0000000000
4460 -1290.0000000000
4469 -1287.0000000000
4489 -1286.0000000000
4516 -1284.0000000000
4526 -1283.0000000000
4565 -1280.0000000000
4609 -1276.0000000000
4646 -1274.0000000000
4662 -1271.0000000000
4701 -1268.0000000000
4727 -1267.0000000000
4730 -1266.0000000000
4762 -1264.0000000000
4764 -1260.0000000000
4825 -1259.0000000000
4856 -1257.0000000000
4876 -1255.0000000000
4893 -1254.0000000000
4912 -1253.0000000000
4923 -1252.0000000000
4928 -1251.0000000000
4960 -1249.0000000000
4986 -1247.0000000000
5003 -1245.0000000000
5007 -1242.0000000000
5044 -1240.0000000000
5077 -1239.0000000000
5086 -1238.0000000000
5101 -1237.0000000000
5119 -1236.0000000000
5123 -1235.0000000000
5147 -1234.0000000000
5159 -1233.0000000000
5165 -1231.0000000000
5187 -1230.0000000000
5198 -1227.0000000000
5245 -1225.0000000000
5247 -1224.0000000000
5285 -1223.0000000000
5311 -1220.0000000000
5325 -1218.0000000000
5358 -1215.0000000000
5387 -1214.0000000000
5400 -1211.0000000000
5429 -1210.0000000000
5456 -1209.0000000000
5464 -1208.0000000000
5478 -1207.0000000000
5492 -1206.0000000000
5528 -1203.0000000000
5581 -1202.0000000000
5621 -1201.0000000000
5628 -1200.0000000000
5650 -1199.0000000000
5656 -1198.0000000000
5666 -1196.0000000000
5695 -1195.0000000000
5697 -1193.0000000000
5719 -1191.0000000000
5742 -1189.0000000000
5795 -1188.0000000000
5802 -1187.0000000000
5814 -1186.0000000000
5837 -1184.0000000000
5858 -1183.0000000000
5862 -1182.0000000000
5889 -1181.0000000000
5903 -1180.0000000000
5923 -1176.0000000000
5974 -1175.0000000000
5981 -1174.0000000000
5996 -1173.0000000000
6007 -1171.0000000000
6023 -1170.0000000000
6060 -1169.0000000000
6078 -1167.0000000000
6088 -1166.0000000000
6111 -1165.0000000000
6120 -1164.0000000000
6148 -1163.0000000000
6154 -1162.0000000000
6162 -1160.0000000000
6181 -1159.0000000000
6204 -1156.0000000000
6248 -1155.0000000000
6250 -1154.0000000000
6269 -1153.0000000000
6282 -1152.0000000000
6295 -1151.0000000000
6299 -1150.0000000000
6308 -1148.0000000000
6327 -1147.0000000000
6351 -1146.0000000000
6365 -1145.0000000000
6370 -1143.0000000000
6421 -1141.0000000000
6455 -1140.0000000000
6458 -1139.0000000000
6477 -1138.0000000000
6497 -1137.0000000000
6513 -1136.0000000000
6533 -1133.0000000000
6549 -1131.0000000000
6581 -1129.0000000000
6602 -1126.0000000000
6648 -1125.0000000000
6664 -1123.0000000000
6686 -1122.0000000000
6704 -1119.0000000000
6721 -1118.0000000000
6746 -1117.0000000000
6754 -1116.0000000000
6784 -1114.0000000000
6798 -1113.0000000000
6804 -1112.0000000000
6814 -1110.0000000000
6841 -1104.0000000000
6868 -1103.0000000000
6883 -1101.0000000000
6925 -1100.0000000000
6955 -1099.0000000000
6972 -1097.0000000000
6994 -1095.0000000000
7026 -1094.0000000000
7029 -1092.0000000000
7055 -1091.0000000000
7076 -1090.0000000000
7081 -1087.0000000000
7114 -1086.0000000000
7122 -1083.0000000000
7142 -1082.0000000000
7166 -1079.0000000000
7183 -1078.0000000000
7222 -1076.0000000000
7261 -1075.0000000000
7281 -1073.0000000000
7304 -1071.0000000000
7324 -1069.0000000000
7342 -1067.0000000000
7366 -1065.0000000000
7410 -1064.0000000000
7427 -1062.0000000000
7449 -1061.0000000000
7456 -1059.0000000000
7485 -1058.0000000000
7519 -1056.0000000000
7533 -1055.0000000000
7543 -1054.0000000000
7557 -1053.0000000000
7569 -1051.0000000000
7582 -1050.0000000000
7598 -1049.0000000000
7605 -1048.0000000000
7627 -1047.0000000000
7643 -1046.0000000000
7662 -1044.0000000000
7663 -1042.0000000000
7733 -1041.0000000000
7742 -1040.0000000000
7768 -1038.0000000000
7803 -1037.0000000000
7811 -1036.0000000000
7849 -1035.0000000000
7863 -1031.0000000000
7908 -1030.0000000000
7927 -1029.0000000000
7941 -1027.0000000000
7955 -1026.0000000000
7960 -1025.0000000000
7989 -1024.0000000000
7991 -1023.0000000000
8002 -1022.0000000000
8038 -1021.0000000000
8062 -1020.0000000000
8095 -1018.0000000000
8115 -1017.0000000000
8121 -1016.0000000000
8134 -1013.0000000000
8144 -1011.0000000000
8209 -1009.0000000000
8227 -1007.0000000000
8248 -1006.0000000000
8284 -1005.0000000000
8293 -1004.0000000000
8316 -1003.0000000000
8346 -1002.0000000000
8350 -1000.0000000000
8397 -999.0000000000
8408 -997.0000000000
8422 -996.0000000000
8436 -994.0000000000
8448 -993.0000000000
8473 -992.0000000000
8481 -990.0000000000
8516 -987.0000000000
8542 -986.0000000000
8564 -985.0000000000
8570 -984.0000000000
8581 -983.0000000000
8603 -980.0000000000
8630 -979.0000000000
8648 -978.0000000000
8651 -976.0000000000
8676 -973.0000000000
8710 -972.0000000000
8729 -971.0000000000
8757 -970.0000000000
8767 -969.0000000000
8803 -968.0000000000
8813 -967.0000000000
8823 -965.0000000000
8865 -962.0000000000
8914 -961.0000000000
8945 -960.0000000000
8983 -959.0000000000
9003 -957.0000000000
9015 -956.0000000000
9058 -954.0000000000
9078 -953.0000000000
9096 -952.0000000000
9103 -951.0000000000
9148 -950.0000000000
9167 -947.0000000000
9212 -946.0000000000
9221 -945.0000000000
9244 -943.0000000000
9286 -942.0000000000
9291 -941.0000000000
9296 -940.0000000000
9312 -939.0000000000
9319 -938.0000000000
9352 -937.0000000000
9355 -936.0000000000
9402 -935.0000000000
9414 -934.0000000000
9439 -933.0000000000
9442 -932.0000000000
9458 -931.0000000000
9468 -930.0000000000
9485 -929.0000000000
9502 -928.0000000000
9517 -927.0000000000
9544 -924.0000000000
9568 -923.0000000000
9586 -922.0000000000
9602 -921.0000000000
9626 -920.0000000000
9657 -919.0000000000
9678 -917.0000000000
9726 -916.0000000000
9733 -915.0000000000
9772 -914.0000000000
9795 -913.0000000000
9820 -912.0000000000
9827 -910.0000000000
9850 -909.0000000000
9861 -908.0000000000
9883 -907.0000000000
9924 -905.0000000000
9933 -903.0000000000
9964 -901.0000000000
9985 -900.0000000000
10000 -904.0000000000
