evaluations raw_y
1 -2059.0000000000
2 -2021.0000000000
3 -2011.0000000000
5 -1955.0000000000
22 -1941.0000000000
27 -1930.0000000000
46 -1912.0000000000
61 -1911.0000000000
64 -1905.0000000000
77 -1897.0000000000
79 -1891.0000000000
87 -1883.0000000000
89 -1858.0000000000
122 -1855.0000000000
124 -1853.0000000000
138 -1844.0000000000
151 -1831.0000000000
170 -1825.0000000000
181 -1815.0000000000
196 -1812.0000000000
201 -1810.0000000000
216 -1808.0000000000
224 -1795.0000000000
242 -1794.0000000000
243 -1793.0000000000
247 -1792.0000000000
263 -1784.0000000000
266 -1777.0000000000
284 -1776.0000000000
303 -1770.0000000000
328 -1767.0000000000
343 -1764.0000000000
353 -1763.0000000000
361 -1762.0000000000
363 -1761.0000000000
376 -1759.0000000000
387 -1754.0000000000
405 -1752.0000000000
431 -1742.0000000000
442 -1741.0000000000
483 -1740.0000000000
491 -1739.0000000000
494 -1738.0000000000
511 -1732.0000000000
534 -1731.0000000000
569 -1730.0000000000
573 -1729.0000000000
605 -1726.0000000000
619 -1725.0000000000
637 -1724.0000000000
658 -1723.0000000000
672 -1720.0000000000
690 -1719.0000000000
697 -1716.0000000000
713 -1715.0000000000
746 -1711.0000000000
768 -1708.0000000000
802 -1707.0000000000
804 -1704.0000000000
836 -1703.0000000000
846 -1702.0000000000
853 -1700.0000000000
884 -1699.0000000000
885 -1697.0000000000
923 -1696.0000000000
937 -1695.0000000000
947 -1693.0000000000
971 -1691.0000000000
1002 -1689.0000000000
1007 -1688.0000000000
1025 -1686.0000000000
1047 -1684.0000000000
1069 -1683.0000000000
1107 -1682.0000000000
1125 -1681.0000000000
1148 -1680.0000000000
1172 -1679.0000000000
1177 -1678.0000000000
1198 -1677.0000000000
1203 -1676.0000000000
1206 -1675.0000000000
1222 -1673.0000000000
1267 -1671.0000000000
1278 -1669.0000000000
1301 -1667.0000000000
1307 -1665.0000000000
1334 -1663.0000000000
1361 -1659.0000000000
1398 -1658.0000000000
1407 -1657.0000000000
1425 -1656.0000000000
1435 -1652.0000000000
1461 -1651.0000000000
1480 -1649.0000000000
1505 -1648.0000000000
1521 -1646.0000000000
1531 -1644.0000000000
1554 -1643.0000000000
1561 -1642.0000000000
1566 -1641.0000000000
1573 -1639.0000000000
1606 -1637.0000000000
1612 -1635.0000000000
1633 -1634.0000000000
1640 -1633.0000000000
1642 -1631.0000000000
1661 -1630.0000000000
1662 -1629.0000000000
1699 -1628.0000000000
1705 -1625.0000000000
1751 -1623.0000000000
1765 -1621.0000000000
1784 -1620.0000000000
1803 -1619.0000000000
1814 -1618.0000000000
1825 -1617.0000000000
1828 -1615.0000000000
1874 -1611.0000000000
1896 -1608.0000000000
1925 -1607.0000000000
1945 -1606.0000000000
1957 -1605.0000000000
1969 -1604.0000000000
1983 -1603.0000000000
1985 -1602.0000000000
2001 -1600.0000000000
2023 -1599.0000000000
2029 -1598.0000000000
2032 -1597.0000000000
2042 -1595.0000000000
2044 -1593.0000000000
2066 -1590.0000000000
2113 -1589.0000000000
2125 -1588.0000000000
2140 -1587.0000000000
2145 -1586.0000000000
2155 -1585.0000000000
2191 -1584.0000000000
2205 -1583.0000000000
2206 -1582.0000000000
2213 -1581.0000000000
2245 -1580.0000000000
2264 -1579.0000000000
2265 -1578.0000000000
2284 -1577.0000000000
2292 -1574.0000000000
2302 -1572.0000000000
2329 -1568.0000000000
2363 -1567.0000000000
2376 -1566.0000000000
2378 -1565.0000000000
2388 -1564.0000000000
2409 -1563.0000000000
2432 -1560.0000000000
2444 -1558.0000000000
2479 -1555.0000000000
2490 -1554.0000000000
2545 -1552.0000000000
2581 -1551.0000000000
2606 -1549.0000000000
2630 -1547.0000000000
2646 -1546.0000000000
2661 -1545.0000000000
2677 -1542.0000000000
2695 -1541.0000000000
2716 -1539.0000000000
2727 -1538.0000000000
2756 -1537.0000000000
2762 -1536.0000000000
2775 -1535.0000000000
2780 -1534.0000000000
2791 -1533.0000000000
2793 -1532.0000000000
2802 -1531.0000000000
2803 -1529.0000000000
2824 -1527.0000000000
2845 -1526.0000000000
2870 -1524.0000000000
2905 -1523.0000000000
2909 -1520.0000000000
2943 -1519.0000000000
2949 -1518.0000000000
2950 -1517.0000000000
2965 -1516.0000000000
2991 -1515.0000000000
3006 -1514.0000000000
3013 -1511.0000000000
3059 -1509.0000000000
3075 -1508.0000000000
3085 -1507.0000000000
3111 -1506.0000000000
3124 -1505.0000000000
3130 -1504.0000000000
3144 -1503.0000000000
3149 -1501.0000000000
3168 -1500.0000000000
3222 -1498.0000000000
3248 -1496.0000000000
3270 -1495.0000000000
3281 -1493.0000000000
3299 -1491.0000000000
3321 -1488.0000000000
3362 -1487.0000000000
3377 -1486.0000000000
3382 -1485.0000000000
3385 -1484.0000000000
3405 -1483.0000000000
3429 -1482.0000000000
3440 -1481.0000000000
3463 -1480.0000000000
3468 -1479.0000000000
3481 -1477.0000000000
3527 -1476.0000000000
3541 -1473.0000000000
3578 -1471.0000000000
3582 -1470.0000000000
3608 -1469.0000000000
3622 -1468.0000000000
3640 -1466.0000000000
3646 -1465.0000000000
3664 -1461.0000000000
3704 -1459.0000000000
3709 -1458.0000000000
3735 -1456.0000000000
3754 -1454.0000000000
3770 -1452.0000000000
3802 -1450.0000000000
3840 -1448.0000000000
3861 -1447.0000000000
3878 -1445.0000000000
3907 -1442.0000000000
3959 -1441.0000000000
3978 -1440.0000000000
3997 -1438.0000000000
4004 -1437.0000000000
4018 -1436.0000000000
4027 -1434.0000000000
4053 -1433.0000000000
4073 -1431.0000000000
4088 -1430.0000000000
4101 -1428.0000000000
4104 -1427.0000000000
4146 -1426.0000000000
4168 -1425.0000000000
4169 -1424.0000000000
4190 -1423.0000000000
4200 -1420.0000000000
4222 -1418.0000000000
4246 -1417.0000000000
4264 -1416.0000000000
4268 -1415.0000000000
4276 -1414.0000000000
4294 -1413.0000000000
4301 -1411.0000000000
4321 -1410.0000000000
4337 -1408.0000000000
4343 -1407.0000000000
4371 -1406.0000000000
4383 -1405.0000000000
4386 -1404.0000000000
4403 -1403.0000000000
4425 -1402.0000000000
4440 -1400.0000000000
4445 -1398.0000000000
4468 -1396.0000000000
4506 -1395.0000000000
4522 -1394.0000000000
4525 -1393.0000000000
4542 -1390.0000000000
4588 -1389.0000000000
4597 -1388.0000000000
4599 -1387.0000000000
4622 -1383.0000000000
4646 -1381.0000000000
4670 -1380.0000000000
4697 -1379.0000000000
4704 -1377.0000000000
4741 -1375.0000000000
4782 -1374.0000000000
4789 -1373.0000000000
4813 -1371.0000000000
4823 -1370.0000000000
4853 -1367.0000000000
4863 -1366.0000000000
4901 -1363.0000000000
4943 -1361.0000000000
4962 -1359.0000000000
4972 -1357.0000000000
4987 -1354.0000000000
5047 -1353.0000000000
5055 -1350.0000000000
5082 -1347.0000000000
5141 -1345.0000000000
5183 -1344.0000000000
5203 -1343.0000000000
5204 -1341.0000000000
5240 -1340.0000000000
5243 -1338.0000000000
5273 -1337.0000000000
5283 -1335.0000000000
5313 -1334.0000000000
5326 -1332.0000000000
5345 -1331.0000000000
5348 -1329.0000000000
5376 -1326.0000000000
5383 -1324.0000000000
5413 -1322.0000000000
5421 -1320.0000000000
5457 -1319.0000000000
5464 -1318.0000000000
5481 -1315.0000000000
5502 -1314.0000000000
5519 -1312.0000000000
5561 -1311.0000000000
5576 -1310.0000000000
5585 -1309.0000000000
5607 -1307.0000000000
5648 -1305.0000000000
5720 -1302.0000000000
5741 -1300.0000000000
5763 -1296.0000000000
5802 -1295.0000000000
5826 -1293.0000000000
5846 -1292.0000000000
5860 -1291.0000000000
5865 -1289.0000000000
5881 -1287.0000000000
5904 -1283.0000000000
5934 -1280.0000000000
6015 -1279.0000000000
6019 -1278.0000000000
6044 -1277.0000000000
6049 -1276.0000000000
6067 -1275.0000000000
6083 -1273.0000000000
6104 -1271.0000000000
6122 -1267.0000000000
6156 -1262.0000000000
6180 -1261.0000000000
6192 -1258.0000000000
6211 -1257.0000000000
6238 -1256.0000000000
6247 -1255.0000000000
6271 -1254.0000000000
6277 -1253.0000000000
6307 -1251.0000000000
6339 -1250.0000000000
6351 -1249.0000000000
6364 -1247.0000000000
6407 -1246.0000000000
6421 -1244.0000000000
6461 -1243.0000000000
6487 -1242.0000000000
6517 -1241.0000000000
6526 -1237.0000000000
6590 -1236.0000000000
6627 -1235.0000000000
6630 -1234.0000000000
6645 -1233.0000000000
6658 -1232.0000000000
6685 -1231.0000000000
6691 -1229.0000000000
6699 -1228.0000000000
6731 -1227.0000000000
6740 -1226.0000000000
6756 -1224.0000000000
6782 -1222.0000000000
6815 -1220.0000000000
6823 -1219.0000000000
6833 -1218.0000000000
6844 -1217.0000000000
6862 -1216.0000000000
6885 -1215.0000000000
6890 -1212.0000000000
6903 -1211.0000000000
6949 -1209.0000000000
6980 -1208.0000000000
6990 -1207.0000000000
7007 -1206.0000000000
7023 -1205.0000000000
7037 -1203.0000000000
7059 -1202.0000000000
7061 -1201.0000000000
7073 -1200.0000000000
7082 -1199.0000000000
7114 -1198.0000000000
7126 -1197.0000000000
7127 -1196.0000000000
7150 -1195.0000000000
7161 -1192.0000000000
7204 -1190.0000000000
7224 -1187.0000000000
7246 -1186.0000000000
7270 -1185.0000000000
7293 -1184.0000000000
7302 -1183.0000000000
7309 -1182.0000000000
7324 -1181.0000000000
7351 -1180.0000000000
7361 -1179.0000000000
7371 -1178.0000000000
7392 -1174.0000000000
7427 -1173.0000000000
7428 -1169.0000000000
7469 -1166.0000000000
7516 -1164.0000000000
7527 -1162.0000000000
7543 -1161.0000000000
7559 -1160.0000000000
7561 -1159.0000000000
7564 -1156.0000000000
7612 -1155.0000000000
7643 -1154.0000000000
7651 -1153.0000000000
7662 -1152.0000000000
7690 -1150.0000000000
7706 -1148.0000000000
7764 -1147.0000000000
7813 -1146.0000000000
7823 -1145.0000000000
7855 -1144.0000000000
7872 -1142.0000000000
7889 -1141.0000000000
7931 -1140.0000000000
7972 -1138.0000000000
7991 -1137.0000000000
7995 -1135.0000000000
8021 -1134.0000000000
8042 -1133.0000000000
8062 -1131.0000000000
8071 -1129.0000000000
8082 -1128.0000000000
8125 -1127.0000000000
8141 -1126.0000000000
8158 -1124.0000000000
8177 -1123.0000000000
8184 -1122.0000000000
8185 -1121.0000000000
8203 -1120.0000000000
8217 -1119.0000000000
8225 -1118.0000000000
8235 -1116.0000000000
8276 -1113.0000000000
8289 -1112.0000000000
8328 -1111.0000000000
8329 -1110.0000000000
8369 -1108.0000000000
8400 -1107.0000000000
8419 -1106.0000000000
8432 -1105.0000000000
8477 -1104.0000000000
8487 -1103.0000000000
8505 -1102.0000000000
8521 -1101.0000000000
8541 -1100.0000000000
8547 -1099.0000000000
8561 -1098.0000000000
8602 -1095.0000000000
8634 -1094.0000000000
8642 -1093.0000000000
8681 -1091.0000000000
8683 -1089.0000000000
8723 -1088.0000000000
8727 -1087.0000000000
8755 -1086.0000000000
8781 -1083.0000000000
8816 -1081.0000000000
8833 -1077.0000000000
8899 -1076.0000000000
8936 -1075.0000000000
8937 -1074.0000000000
8961 -1073.0000000000
8972 -1072.0000000000
8988 -1071.0000000000
9012 -1070.0000000000
9033 -1069.0000000000
9041 -1066.0000000000
9064 -1065.0000000000
9097 -1063.0000000000
9106 -1062.0000000000
9112 -1061.0000000000
9149 -1059.0000000000
9161 -1058.0000000000
9214 -1057.0000000000
9222 -1055.0000000000
9239 -1054.0000000000
9267 -1053.0000000000
9279 -1052.0000000000
9299 -1051.0000000000
9312 -1050.0000000000
9326 -1049.0000000000
9361 -1048.0000000000
9383 -1046.0000000000
9400 -1045.0000000000
9431 -1044.0000000000
9439 -1043.0000000000
9461 -1042.0000000000
9483 -1040.0000000000
9523 -1039.0000000000
9527 -1037.0000000000
9554 -1035.0000000000
9578 -1032.0000000000
9605 -1031.0000000000
9652 -1030.0000000000
9675 -1029.0000000000
9676 -1028.0000000000
9707 -1027.0000000000
9728 -1026.0000000000
9748 -1025.0000000000
9753 -1024.0000000000
9784 -1023.0000000000
9807 -1022.0000000000
9821 -1021.0000000000
9849 -1018.0000000000
9891 -1016.0000000000
9918 -1015.0000000000
9930 -1014.0000000000
9939 -1013.0000000000
9961 -1012.0000000000
9982 -1011.0000000000
9987 -1010.0000000000
10004 -1009.0000000000
10035 -1008.0000000000
10047 -1007.0000000000
10092 -1005.0000000000
10110 -1002.0000000000
10143 -1001.0000000000
10164 -1000.0000000000
10171 -998.0000000000
10231 -995.0000000000
10244 -994.0000000000
10272 -993.0000000000
10287 -992.0000000000
10304 -990.0000000000
10343 -989.0000000000
10375 -988.0000000000
10392 -987.0000000000
10418 -986.0000000000
10434 -983.0000000000
10510 -982.0000000000
10515 -980.0000000000
10565 -977.0000000000
10612 -976.0000000000
10644 -975.0000000000
10671 -974.0000000000
10674 -973.0000000000
10681 -972.0000000000
10696 -971.0000000000
10730 -970.0000000000
10748 -969.0000000000
10766 -968.0000000000
10781 -967.0000000000
10812 -966.0000000000
10824 -965.0000000000
10842 -964.0000000000
10861 -962.0000000000
10910 -961.0000000000
10921 -960.0000000000
10947 -958.0000000000
10986 -957.0000000000
11002 -956.0000000000
11024 -955.0000000000
11062 -954.0000000000
11069 -953.0000000000
11088 -951.0000000000
11094 -950.0000000000
11107 -949.0000000000
11130 -945.0000000000
11141 -944.0000000000
11187 -943.0000000000
11215 -942.0000000000
11237 -941.0000000000
11241 -939.0000000000
11260 -938.0000000000
11292 -937.0000000000
11304 -936.0000000000
11319 -935.0000000000
11341 -934.0000000000
11347 -932.0000000000
11365 -930.0000000000
11406 -928.0000000000
11445 -926.0000000000
11470 -925.0000000000
11504 -923.0000000000
11524 -922.0000000000
11549 -921.0000000000
11586 -920.0000000000
11608 -919.0000000000
11611 -918.0000000000
11617 -917.0000000000
11625 -916.0000000000
11647 -915.0000000000
11668 -914.0000000000
11676 -913.0000000000
11692 -912.0000000000
11704 -911.0000000000
11721 -910.0000000000
11754 -908.0000000000
11762 -907.0000000000
11794 -905.0000000000
11806 -903.0000000000
11889 -902.0000000000
11926 -900.0000000000
11944 -899.0000000000
11950 -897.0000000000
11967 -896.0000000000
12006 -895.0000000000
12037 -893.0000000000
12047 -892.0000000000
12062 -891.0000000000
12111 -889.0000000000
12131 -888.0000000000
12159 -886.0000000000
12171 -884.0000000000
12224 -882.0000000000
12254 -880.0000000000
12284 -877.0000000000
12323 -876.0000000000
12382 -875.0000000000
12392 -874.0000000000
12422 -873.0000000000
12429 -872.0000000000
12447 -871.0000000000
12451 -870.0000000000
12470 -869.0000000000
12505 -866.0000000000
12545 -865.0000000000
12563 -864.0000000000
12606 -861.0000000000
12639 -860.0000000000
12657 -858.0000000000
12683 -856.0000000000
12719 -855.0000000000
12744 -853.0000000000
12799 -851.0000000000
12841 -850.0000000000
12874 -849.0000000000
12890 -848.0000000000
12904 -847.0000000000
12931 -846.0000000000
12943 -845.0000000000
12973 -844.0000000000
13001 -842.0000000000
13025 -841.0000000000
13034 -840.0000000000
13043 -839.0000000000
13074 -837.0000000000
13084 -836.0000000000
13107 -835.0000000000
13121 -834.0000000000
13123 -833.0000000000
13147 -832.0000000000
13161 -831.0000000000
13163 -829.0000000000
13196 -828.0000000000
13212 -827.0000000000
13230 -825.0000000000
13254 -824.0000000000
13274 -823.0000000000
13281 -821.0000000000
13306 -820.0000000000
13344 -819.0000000000
13368 -818.0000000000
13373 -817.0000000000
13388 -816.0000000000
13391 -815.0000000000
13437 -814.0000000000
13444 -812.0000000000
13474 -811.0000000000
13509 -809.0000000000
13551 -807.0000000000
13560 -806.0000000000
13581 -804.0000000000
13606 -803.0000000000
13638 -802.0000000000
13669 -801.0000000000
13689 -800.0000000000
13690 -799.0000000000
13737 -798.0000000000
13742 -797.0000000000
13768 -796.0000000000
13776 -795.0000000000
13800 -793.0000000000
13854 -792.0000000000
13871 -791.0000000000
13898 -790.0000000000
13905 -789.0000000000
13947 -787.0000000000
13948 -786.0000000000
14000 -785.0000000000
14031 -782.0000000000
14073 -781.0000000000
14086 -780.0000000000
14089 -779.0000000000
14121 -776.0000000000
14168 -775.0000000000
14183 -774.0000000000
14206 -773.0000000000
14250 -772.0000000000
14262 -769.0000000000
14318 -768.0000000000
14344 -767.0000000000
14374 -766.0000000000
14419 -765.0000000000
14432 -764.0000000000
14456 -763.0000000000
14498 -762.0000000000
14509 -761.0000000000
14521 -759.0000000000
14563 -758.0000000000
14566 -757.0000000000
14590 -756.0000000000
14628 -755.0000000000
14660 -753.0000000000
14676 -752.0000000000
14694 -751.0000000000
14723 -750.0000000000
14747 -748.0000000000
14775 -747.0000000000
14808 -746.0000000000
14858 -745.0000000000
14860 -744.0000000000
14905 -743.0000000000
14906 -742.0000000000
14944 -741.0000000000
14952 -740.0000000000
14984 -738.0000000000
15005 -737.0000000000
15037 -735.0000000000
15042 -733.0000000000
15064 -732.0000000000
15113 -730.0000000000
15148 -729.0000000000
15168 -728.0000000000
15183 -727.0000000000
15213 -726.0000000000
15224 -725.0000000000
15266 -724.0000000000
15273 -723.0000000000
15281 -721.0000000000
15313 -720.0000000000
15320 -719.0000000000
15322 -718.0000000000
15355 -716.0000000000
15412 -715.0000000000
15450 -713.0000000000
15487 -712.0000000000
15509 -711.0000000000
15540 -710.0000000000
15557 -709.0000000000
15581 -708.0000000000
15613 -706.0000000000
15627 -705.0000000000
15649 -704.0000000000
15657 -703.0000000000
15689 -701.0000000000
15729 -700.0000000000
15738 -699.0000000000
15783 -698.0000000000
15789 -697.0000000000
15805 -696.0000000000
15822 -694.0000000000
15904 -692.0000000000
15926 -691.0000000000
15951 -690.0000000000
15961 -689.0000000000
15986 -688.0000000000
16045 -687.0000000000
16064 -686.0000000000
16098 -685.0000000000
16125 -683.0000000000
16177 -682.0000000000
16183 -681.0000000000
16212 -677.0000000000
16247 -676.0000000000
16276 -675.0000000000
16305 -672.0000000000
16341 -671.0000000000
16363 -670.0000000000
16371 -668.0000000000
16407 -667.0000000000
16419 -665.0000000000
16432 -664.0000000000
16463 -663.0000000000
16472 -661.0000000000
16490 -660.0000000000
16512 -658.0000000000
16546 -657.0000000000
16566 -656.0000000000
16592 -655.0000000000
16602 -653.0000000000
16670 -651.0000000000
16698 -649.0000000000
16721 -648.0000000000
16765 -647.0000000000
16785 -646.0000000000
16800 -645.0000000000
16820 -643.0000000000
16836 -642.0000000000
16862 -641.0000000000
16892 -640.0000000000
16911 -638.0000000000
16933 -637.0000000000
16968 -636.0000000000
16997 -635.0000000000
17024 -634.0000000000
17039 -633.0000000000
17073 -631.0000000000
17118 -630.0000000000
17128 -629.0000000000
17162 -628.0000000000
17181 -627.0000000000
17202 -626.0000000000
17226 -625.0000000000
17251 -624.0000000000
17271 -623.0000000000
17277 -622.0000000000
17305 -621.0000000000
17321 -619.0000000000
17371 -618.0000000000
17382 -617.0000000000
17413 -616.0000000000
17449 -615.0000000000
17465 -614.0000000000
17488 -613.0000000000
17540 -612.0000000000
17551 -611.0000000000
17583 -610.0000000000
17588 -609.0000000000
17607 -606.0000000000
17623 -604.0000000000
17664 -603.0000000000
17695 -602.0000000000
17735 -600.0000000000
17771 -599.0000000000
17807 -598.0000000000
17835 -596.0000000000
17863 -594.0000000000
17948 -593.0000000000
17952 -592.0000000000
17969 -591.0000000000
17997 -589.0000000000
18044 -588.0000000000
18063 -587.0000000000
18116 -586.0000000000
18130 -584.0000000000
18145 -583.0000000000
18187 -582.0000000000
18199 -581.0000000000
18201 -580.0000000000
18244 -579.0000000000
18274 -577.0000000000
18336 -576.0000000000
18337 -575.0000000000
18359 -574.0000000000
18374 -573.0000000000
18381 -572.0000000000
18408 -571.0000000000
18444 -570.0000000000
18462 -569.0000000000
18485 -567.0000000000
18519 -566.0000000000
18530 -565.0000000000
18574 -564.0000000000
18581 -563.0000000000
18622 -562.0000000000
18643 -561.0000000000
18661 -560.0000000000
18691 -559.0000000000
18711 -557.0000000000
18744 -556.0000000000
18813 -555.0000000000
18840 -554.0000000000
18883 -553.0000000000
18887 -552.0000000000
18929 -551.0000000000
18957 -550.0000000000
18966 -548.0000000000
19022 -547.0000000000
19048 -546.0000000000
19103 -545.0000000000
19126 -544.0000000000
19159 -543.0000000000
19188 -542.0000000000
19217 -541.0000000000
19269 -540.0000000000
19302 -538.0000000000
19331 -537.0000000000
19355 -535.0000000000
19407 -534.0000000000
19435 -533.0000000000
19436 -532.0000000000
19464 -531.0000000000
19502 -530.0000000000
19521 -528.0000000000
19566 -526.0000000000
19610 -525.0000000000
19631 -524.0000000000
19643 -523.0000000000
19665 -522.0000000000
19666 -521.0000000000
19701 -519.0000000000
19736 -518.0000000000
19765 -517.0000000000
19774 -516.0000000000
19794 -515.0000000000
19805 -513.0000000000
19830 -512.0000000000
19872 -510.0000000000
19894 -509.0000000000
19908 -508.0000000000
19922 -507.0000000000
19942 -506.0000000000
19961 -505.0000000000
19992 -504.0000000000
20010 -503.0000000000
20020 -502.0000000000
20048 -501.0000000000
20062 -499.0000000000
20142 -498.0000000000
20170 -497.0000000000
20182 -496.0000000000
20232 -495.0000000000
20260 -494.0000000000
20267 -493.0000000000
20302 -492.0000000000
20322 -491.0000000000
20365 -490.0000000000
20386 -489.0000000000
20420 -488.0000000000
20424 -487.0000000000
20465 -485.0000000000
20482 -484.0000000000
20512 -483.0000000000
20544 -482.0000000000
20572 -481.0000000000
20603 -480.0000000000
20662 -478.0000000000
20709 -477.0000000000
20721 -476.0000000000
20749 -475.0000000000
20766 -474.0000000000
20798 -472.0000000000
20848 -471.0000000000
20866 -469.0000000000
20917 -468.0000000000
20935 -467.0000000000
20944 -466.0000000000
20988 -465.0000000000
21019 -464.0000000000
21046 -463.0000000000
21061 -462.0000000000
21101 -461.0000000000
21119 -460.0000000000
21159 -459.0000000000
21167 -458.0000000000
21194 -457.0000000000
21209 -454.0000000000
21269 -453.0000000000
21310 -452.0000000000
21338 -451.0000000000
21377 -450.0000000000
21383 -448.0000000000
21458 -447.0000000000
21466 -446.0000000000
21520 -445.0000000000
21528 -444.0000000000
21563 -443.0000000000
21583 -442.0000000000
21605 -440.0000000000
21657 -439.0000000000
21672 -437.0000000000
21722 -436.0000000000
21741 -435.0000000000
21771 -434.0000000000
21801 -433.0000000000
21824 -431.0000000000
21845 -429.0000000000
21916 -427.0000000000
21996 -426.0000000000
22023 -425.0000000000
22050 -424.0000000000
22078 -422.0000000000
22091 -421.0000000000
22131 -420.0000000000
22192 -419.0000000000
22193 -418.0000000000
22218 -417.0000000000
22243 -416.0000000000
22262 -415.0000000000
22321 -414.0000000000
22326 -413.0000000000
22361 -410.0000000000
22426 -409.0000000000
22441 -408.0000000000
22469 -407.0000000000
22507 -406.0000000000
22528 -405.0000000000
22552 -404.0000000000
22591 -403.0000000000
22607 -401.0000000000
22662 -399.0000000000
22705 -398.0000000000
22718 -397.0000000000
22780 -396.0000000000
22781 -394.0000000000
22834 -393.0000000000
22861 -392.0000000000
22951 -391.0000000000
23018 -390.0000000000
23056 -389.0000000000
23108 -388.0000000000
23114 -387.0000000000
23161 -386.0000000000
23191 -385.0000000000
23221 -384.0000000000
23288 -383.0000000000
23326 -382.0000000000
23330 -381.0000000000
23351 -380.0000000000
23383 -379.0000000000
23423 -378.0000000000
23426 -377.0000000000
23462 -376.0000000000
23492 -375.0000000000
23523 -374.0000000000
23545 -372.0000000000
23579 -370.0000000000
23614 -369.0000000000
23642 -368.0000000000
23708 -367.0000000000
23734 -366.0000000000
23798 -365.0000000000
23858 -364.0000000000
23913 -363.0000000000
23953 -362.0000000000
23977 -361.0000000000
23997 -360.0000000000
24057 -359.0000000000
24060 -358.0000000000
24090 -357.0000000000
24152 -356.0000000000
24158 -355.0000000000
24228 -354.0000000000
24253 -353.0000000000
24287 -352.0000000000
24302 -350.0000000000
24342 -348.0000000000
24378 -347.0000000000
24401 -346.0000000000
24430 -345.0000000000
24479 -344.0000000000
24505 -343.0000000000
24568 -342.0000000000
24594 -341.0000000000
24649 -340.0000000000
24680 -339.0000000000
24706 -338.0000000000
24734 -337.0000000000
24742 -336.0000000000
24790 -335.0000000000
24820 -334.0000000000
24862 -333.0000000000
24870 -332.0000000000
24931 -331.0000000000
24936 -330.0000000000
24947 -329.0000000000
25012 -328.0000000000
25035 -327.0000000000
25103 -326.0000000000
25156 -325.0000000000
25189 -324.0000000000
25267 -323.0000000000
25282 -322.0000000000
25334 -321.0000000000
25371 -320.0000000000
25431 -319.0000000000
25497 -318.0000000000
25549 -316.0000000000
25596 -315.0000000000
25606 -314.0000000000
25650 -311.0000000000
25717 -310.0000000000
25741 -309.0000000000
25864 -308.0000000000
25903 -307.0000000000
25930 -306.0000000000
25994 -305.0000000000
26029 -304.0000000000
26076 -303.0000000000
26134 -302.0000000000
26146 -301.0000000000
26225 -300.0000000000
26264 -299.0000000000
26283 -298.0000000000
26353 -297.0000000000
26390 -296.0000000000
26391 -295.0000000000
26407 -294.0000000000
26455 -293.0000000000
26507 -291.0000000000
26528 -290.0000000000
26561 -289.0000000000
26583 -288.0000000000
26657 -287.0000000000
26697 -286.0000000000
26736 -285.0000000000
26810 -284.0000000000
26842 -283.0000000000
26880 -282.0000000000
26893 -281.0000000000
26937 -280.0000000000
27001 -279.0000000000
27029 -278.0000000000
27061 -277.0000000000
27152 -276.0000000000
27206 -275.0000000000
27219 -274.0000000000
27358 -273.0000000000
27412 -272.0000000000
27448 -271.0000000000
27476 -270.0000000000
27516 -269.0000000000
27527 -268.0000000000
27668 -267.0000000000
27681 -266.0000000000
27751 -264.0000000000
27806 -263.0000000000
27841 -262.0000000000
27861 -261.0000000000
27881 -260.0000000000
27946 -258.0000000000
28003 -257.0000000000
28046 -256.0000000000
28083 -255.0000000000
28101 -254.0000000000
28111 -253.0000000000
28146 -252.0000000000
28189 -251.0000000000
28203 -250.0000000000
28283 -249.0000000000
28370 -248.0000000000
28439 -247.0000000000
28477 -246.0000000000
28502 -245.0000000000
28542 -244.0000000000
28579 -243.0000000000
28586 -242.0000000000
28635 -241.0000000000
28651 -240.0000000000
28667 -239.0000000000
28688 -237.0000000000
28772 -236.0000000000
28808 -235.0000000000
28869 -234.0000000000
28908 -233.0000000000
28942 -232.0000000000
28987 -231.0000000000
29028 -229.0000000000
29097 -228.0000000000
29108 -227.0000000000
29198 -225.0000000000
29234 -224.0000000000
29293 -223.0000000000
29353 -222.0000000000
29362 -221.0000000000
29383 -220.0000000000
29468 -219.0000000000
29538 -218.0000000000
29554 -217.0000000000
29589 -216.0000000000
29602 -215.0000000000
29686 -214.0000000000
29727 -213.0000000000
29779 -212.0000000000
29797 -211.0000000000
29888 -210.0000000000
29930 -208.0000000000
30034 -207.0000000000
30075 -206.0000000000
30120 -205.0000000000
30165 -204.0000000000
30208 -203.0000000000
30240 -202.0000000000
30262 -200.0000000000
30296 -199.0000000000
30325 -198.0000000000
30397 -197.0000000000
30448 -196.0000000000
30503 -195.0000000000
30556 -194.0000000000
30604 -193.0000000000
30624 -192.0000000000
30662 -191.0000000000
30715 -190.0000000000
30753 -189.0000000000
30786 -188.0000000000
30847 -187.0000000000
30882 -186.0000000000
30941 -185.0000000000
30974 -184.0000000000
31083 -183.0000000000
31161 -182.0000000000
31207 -181.0000000000
31256 -180.0000000000
31266 -179.0000000000
31350 -178.0000000000
31477 -177.0000000000
31502 -176.0000000000
31540 -175.0000000000
31584 -174.0000000000
31718 -173.0000000000
31846 -172.0000000000
31903 -171.0000000000
32015 -170.0000000000
32076 -169.0000000000
32143 -168.0000000000
32182 -167.0000000000
32242 -166.0000000000
32258 -165.0000000000
32300 -164.0000000000
32325 -163.0000000000
32374 -162.0000000000
32401 -161.0000000000
32425 -160.0000000000
32498 -159.0000000000
32503 -157.0000000000
32597 -156.0000000000
32620 -155.0000000000
32684 -154.0000000000
32709 -153.0000000000
32752 -152.0000000000
32775 -151.0000000000
32788 -150.0000000000
32807 -149.0000000000
32875 -148.0000000000
32886 -147.0000000000
32979 -146.0000000000
33078 -145.0000000000
33151 -143.0000000000
33223 -142.0000000000
33254 -141.0000000000
33330 -140.0000000000
33390 -139.0000000000
33436 -138.0000000000
33471 -137.0000000000
33525 -136.0000000000
33571 -135.0000000000
33623 -134.0000000000
33684 -133.0000000000
33763 -132.0000000000
33796 -131.0000000000
33853 -129.0000000000
33873 -128.0000000000
33913 -127.0000000000
33930 -125.0000000000
33961 -124.0000000000
34030 -123.0000000000
34079 -122.0000000000
34127 -121.0000000000
34166 -120.0000000000
34192 -119.0000000000
34234 -118.0000000000
34263 -116.0000000000
34690 -115.0000000000
34926 -114.0000000000
35025 -113.0000000000
35390 -112.0000000000
35464 -111.0000000000
35545 -110.0000000000
35571 -109.0000000000
35685 -108.0000000000
35750 -106.0000000000
35811 -105.0000000000
35823 -104.0000000000
35919 -103.0000000000
36001 -102.0000000000
36068 -101.0000000000
36138 -100.0000000000
36273 -99.0000000000
36529 -98.0000000000
36559 -97.0000000000
36604 -96.0000000000
36770 -95.0000000000
36812 -94.0000000000
36883 -93.0000000000
36946 -92.0000000000
37015 -91.0000000000
37150 -90.0000000000
37192 -89.0000000000
37225 -88.0000000000
37295 -87.0000000000
37551 -86.0000000000
37575 -85.0000000000
37615 -84.0000000000
37658 -83.0000000000
37712 -82.0000000000
37765 -81.0000000000
37821 -80.0000000000
37892 -78.0000000000
37978 -77.0000000000
38061 -76.0000000000
38232 -75.0000000000
38410 -73.0000000000
38515 -72.0000000000
38839 -71.0000000000
38883 -70.0000000000
38936 -69.0000000000
38961 -68.0000000000
39007 -67.0000000000
39096 -66.0000000000
39197 -65.0000000000
39395 -64.0000000000
39449 -63.0000000000
39532 -62.0000000000
39604 -61.0000000000
39697 -60.0000000000
39759 -59.0000000000
39834 -58.0000000000
39881 -57.0000000000
40053 -56.0000000000
40346 -55.0000000000
40498 -54.0000000000
40831 -53.0000000000
41096 -52.0000000000
41231 -51.0000000000
41252 -50.0000000000
41487 -49.0000000000
41571 -48.0000000000
41603 -47.0000000000
41820 -46.0000000000
42170 -45.0000000000
42282 -44.0000000000
42372 -43.0000000000
42436 -42.0000000000
42465 -41.0000000000
42565 -40.0000000000
42962 -39.0000000000
43027 -38.0000000000
43623 -37.0000000000
43729 -36.0000000000
43843 -35.0000000000
44000 -34.0000000000
44083 -33.0000000000
44183 -32.0000000000
44322 -31.0000000000
44375 -30.0000000000
44422 -29.0000000000
44537 -28.0000000000
44616 -27.0000000000
44830 -26.0000000000
45041 -25.0000000000
45200 -24.0000000000
45221 -23.0000000000
45310 -22.0000000000
45519 -21.0000000000
45765 -20.0000000000
45977 -19.0000000000
46297 -18.0000000000
46504 -17.0000000000
47318 -16.0000000000
47427 -15.0000000000
47845 -14.0000000000
47946 -13.0000000000
48045 -12.0000000000
48143 -11.0000000000
48307 -10.0000000000
48403 -9.0000000000
48468 -8.0000000000
48624 -7.0000000000
49341 -6.0000000000
49623 -5.0000000000
50086 -4.0000000000
50360 -3.0000000000
50468 -2.0000000000
51813 -1.0000000000
53156 122.4800000000
53164 146.5200000000
53208 152.0900000000
53292 153.3300000000
53387 156.8900000000
53488 161.4900000000
55338 174.1000000000
100000 -2.0000000000
