evaluations raw_y
1 -1979.0000000000
2 -1941.0000000000
3 -1931.0000000000
5 -1875.0000000000
22 -1861.0000000000
27 -1850.0000000000
46 -1832.0000000000
61 -1831.0000000000
64 -1825.0000000000
77 -1817.0000000000
79 -1811.0000000000
87 -1803.0000000000
89 -1778.0000000000
122 -1775.0000000000
124 -1773.0000000000
138 -1764.0000000000
151 -1751.0000000000
170 -1745.0000000000
181 -1735.0000000000
196 -1732.0000000000
201 -1730.0000000000
216 -1728.0000000000
224 -1715.0000000000
242 -1714.0000000000
243 -1713.0000000000
247 -1712.0000000000
263 -1704.0000000000
266 -1697.0000000000
284 -1696.0000000000
303 -1690.0000000000
328 -1687.0000000000
343 -1684.0000000000
353 -1683.0000000000
361 -1682.0000000000
363 -1681.0000000000
376 -1679.0000000000
387 -1674.0000000000
405 -1672.0000000000
431 -1662.0000000000
442 -1661.0000000000
483 -1660.0000000000
491 -1659.0000000000
494 -1658.0000000000
511 -1652.0000000000
534 -1651.0000000000
569 -1650.0000000000
573 -1649.0000000000
605 -1646.0000000000
619 -1645.0000000000
637 -1644.0000000000
658 -1643.0000000000
672 -1640.0000000000
690 -1639.0000000000
697 -1636.0000000000
713 -1635.0000000000
746 -1631.0000000000
768 -1628.0000000000
802 -1627.0000000000
804 -1624.0000000000
836 -1623.0000000000
846 -1622.0000000000
853 -1620.0000000000
884 -1619.0000000000
885 -1617.0000000000
923 -1616.0000000000
937 -1615.0000000000
947 -1613.0000000000
971 -1611.0000000000
1002 -1609.0000000000
1007 -1608.0000000000
1025 -1606.0000000000
1047 -1604.0000000000
1069 -1603.0000000000
1107 -1602.0000000000
1125 -1601.0000000000
1148 -1600.0000000000
1172 -1599.0000000000
1177 -1598.0000000000
1198 -1597.0000000000
1203 -1596.0000000000
1206 -1595.0000000000
1222 -1593.0000000000
1267 -1591.0000000000
1278 -1589.0000000000
1301 -1587.0000000000
1307 -1585.0000000000
1334 -1583.0000000000
1361 -1579.0000000000
1398 -1578.0000000000
1407 -1577.0000000000
1425 -1576.0000000000
1435 -1572.0000000000
1461 -1571.0000000000
1480 -1569.0000000000
1505 -1568.0000000000
1521 -1566.0000000000
1531 -1564.0000000000
1554 -1563.0000000000
1561 -1562.0000000000
1566 -1561.0000000000
1573 -1559.0000000000
1606 -1557.0000000000
1612 -1555.0000000000
1633 -1554.0000000000
1640 -1553.0000000000
1642 -1551.0000000000
1661 -1550.0000000000
1662 -1549.0000000000
1699 -1548.0000000000
1705 -1545.0000000000
1751 -1543.0000000000
1765 -1541.0000000000
1784 -1540.0000000000
1803 -1539.0000000000
1814 -1538.0000000000
1825 -1537.0000000000
1828 -1535.0000000000
1874 -1531.0000000000
1896 -1528.0000000000
1925 -1527.0000000000
1945 -1526.0000000000
1957 -1525.0000000000
1969 -1524.0000000000
1983 -1523.0000000000
1985 -1522.0000000000
2001 -1520.0000000000
2023 -1519.0000000000
2029 -1518.0000000000
2032 -1517.0000000000
2042 -1515.0000000000
2044 -1513.0000000000
2066 -1510.0000000000
2113 -1509.0000000000
2125 -1508.0000000000
2140 -1507.0000000000
2145 -1506.0000000000
2155 -1505.0000000000
2191 -1504.0000000000
2205 -1503.0000000000
2206 -1502.0000000000
2213 -1501.0000000000
2245 -1500.0000000000
2264 -1499.0000000000
2265 -1498.0000000000
2284 -1497.0000000000
2292 -1494.0000000000
2302 -1492.0000000000
2329 -1488.0000000000
2363 -1487.0000000000
2376 -1486.0000000000
2378 -1485.0000000000
2388 -1484.0000000000
2409 -1483.0000000000
2432 -1480.0000000000
2444 -1478.0000000000
2479 -1475.0000000000
2490 -1474.0000000000
2545 -1472.0000000000
2581 -1471.0000000000
2606 -1469.0000000000
2630 -1467.0000000000
2646 -1466.0000000000
2661 -1465.0000000000
2677 -1462.0000000000
2695 -1461.0000000000
2716 -1459.0000000000
2727 -1458.0000000000
2756 -1457.0000000000
2762 -1456.0000000000
2775 -1455.0000000000
2780 -1454.0000000000
2791 -1453.0000000000
2793 -1452.0000000000
2802 -1451.0000000000
2803 -1449.0000000000
2824 -1447.0000000000
2845 -1446.0000000000
2870 -1444.0000000000
2905 -1443.0000000000
2909 -1440.0000000000
2943 -1439.0000000000
2949 -1438.0000000000
2950 -1437.0000000000
2965 -1436.0000000000
2991 -1435.0000000000
3006 -1434.0000000000
3013 -1431.0000000000
3059 -1429.0000000000
3075 -1428.0000000000
3085 -1427.0000000000
3111 -1426.0000000000
3124 -1425.0000000000
3130 -1424.0000000000
3144 -1423.0000000000
3149 -1421.0000000000
3168 -1420.0000000000
3222 -1418.0000000000
3248 -1416.0000000000
3270 -1415.0000000000
3281 -1413.0000000000
3299 -1411.0000000000
3321 -1408.0000000000
3362 -1407.0000000000
3377 -1406.0000000000
3382 -1405.0000000000
3385 -1404.0000000000
3405 -1403.0000000000
3429 -1402.0000000000
3440 -1401.0000000000
3463 -1400.0000000000
3468 -1399.0000000000
3481 -1397.0000000000
3527 -1396.0000000000
3541 -1393.0000000000
3578 -1391.0000000000
3582 -1390.0000000000
3608 -1389.0000000000
3622 -1388.0000000000
3640 -1386.0000000000
3646 -1385.0000000000
3664 -1381.0000000000
3704 -1379.0000000000
3709 -1378.0000000000
3735 -1376.0000000000
3754 -1374.0000000000
3770 -1372.0000000000
3802 -1370.0000000000
3840 -1368.0000000000
3861 -1367.0000000000
3878 -1365.0000000000
3907 -1362.0000000000
3959 -1361.0000000000
3978 -1360.0000000000
3997 -1358.0000000000
4004 -1357.0000000000
4018 -1356.0000000000
4027 -1354.0000000000
4053 -1353.0000000000
4073 -1351.0000000000
4088 -1350.0000000000
4101 -1348.0000000000
4104 -1347.0000000000
4146 -1346.0000000000
4168 -1345.0000000000
4169 -1344.0000000000
4190 -1343.0000000000
4200 -1340.0000000000
4222 -1338.0000000000
4246 -1337.0000000000
4264 -1336.0000000000
4268 -1335.0000000000
4276 -1334.0000000000
4294 -1333.0000000000
4301 -1331.0000000000
4321 -1330.0000000000
4337 -1328.0000000000
4343 -1327.0000000000
4371 -1326.0000000000
4383 -1325.0000000000
4386 -1324.0000000000
4403 -1323.0000000000
4425 -1322.0000000000
4440 -1320.0000000000
4445 -1318.0000000000
4468 -1316.0000000000
4506 -1315.0000000000
4522 -1314.0000000000
4525 -1313.0000000000
4542 -1310.0000000000
4588 -1309.0000000000
4597 -1308.0000000000
4599 -1307.0000000000
4622 -1303.0000000000
4646 -1301.0000000000
4670 -1300.0000000000
4697 -1299.0000000000
4704 -1297.0000000000
4741 -1295.0000000000
4782 -1294.0000000000
4789 -1293.0000000000
4813 -1291.0000000000
4823 -1290.0000000000
4853 -1287.0000000000
4863 -1286.0000000000
4901 -1283.0000000000
4943 -1281.0000000000
4962 -1279.0000000000
4972 -1277.0000000000
4987 -1274.0000000000
5047 -1273.0000000000
5055 -1270.0000000000
5082 -1267.0000000000
5141 -1265.0000000000
5183 -1264.0000000000
5203 -1263.0000000000
5204 -1261.0000000000
5240 -1260.0000000000
5243 -1258.0000000000
5273 -1257.0000000000
5283 -1255.0000000000
5313 -1254.0000000000
5326 -1252.0000000000
5345 -1251.0000000000
5348 -1249.0000000000
5376 -1246.0000000000
5383 -1244.0000000000
5413 -1242.0000000000
5421 -1240.0000000000
5457 -1239.0000000000
5464 -1238.0000000000
5481 -1235.0000000000
5502 -1234.0000000000
5519 -1232.0000000000
5561 -1231.0000000000
5576 -1230.0000000000
5585 -1229.0000000000
5607 -1227.0000000000
5648 -1225.0000000000
5720 -1222.0000000000
5741 -1220.0000000000
5763 -1216.0000000000
5802 -1215.0000000000
5826 -1213.0000000000
5846 -1212.0000000000
5860 -1211.0000000000
5865 -1209.0000000000
5881 -1207.0000000000
5904 -1203.0000000000
5934 -1200.0000000000
6015 -1199.0000000000
6019 -1198.0000000000
6044 -1197.0000000000
6049 -1196.0000000000
6067 -1195.0000000000
6083 -1193.0000000000
6104 -1191.0000000000
6122 -1187.0000000000
6156 -1182.0000000000
6180 -1181.0000000000
6192 -1178.0000000000
6211 -1177.0000000000
6238 -1176.0000000000
6247 -1175.0000000000
6271 -1174.0000000000
6277 -1173.0000000000
6307 -1171.0000000000
6339 -1170.0000000000
6351 -1169.0000000000
6364 -1167.0000000000
6407 -1166.0000000000
6421 -1164.0000000000
6461 -1163.0000000000
6487 -1162.0000000000
6517 -1161.0000000000
6526 -1157.0000000000
6590 -1156.0000000000
6627 -1155.0000000000
6630 -1154.0000000000
6645 -1153.0000000000
6658 -1152.0000000000
6685 -1151.0000000000
6691 -1149.0000000000
6699 -1148.0000000000
6731 -1147.0000000000
6740 -1146.0000000000
6756 -1144.0000000000
6782 -1142.0000000000
6815 -1140.0000000000
6823 -1139.0000000000
6833 -1138.0000000000
6844 -1137.0000000000
6862 -1136.0000000000
6885 -1135.0000000000
6890 -1132.0000000000
6903 -1131.0000000000
6949 -1129.0000000000
6980 -1128.0000000000
6990 -1127.0000000000
7007 -1126.0000000000
7023 -1125.0000000000
7037 -1123.0000000000
7059 -1122.0000000000
7061 -1121.0000000000
7073 -1120.0000000000
7082 -1119.0000000000
7114 -1118.0000000000
7126 -1117.0000000000
7127 -1116.0000000000
7150 -1115.0000000000
7161 -1112.0000000000
7204 -1110.0000000000
7224 -1107.0000000000
7246 -1106.0000000000
7270 -1105.0000000000
7293 -1104.0000000000
7302 -1103.0000000000
7309 -1102.0000000000
7324 -1101.0000000000
7351 -1100.0000000000
7361 -1099.0000000000
7371 -1098.0000000000
7392 -1094.0000000000
7427 -1093.0000000000
7428 -1089.0000000000
7469 -1086.0000000000
7516 -1084.0000000000
7527 -1082.0000000000
7543 -1081.0000000000
7559 -1080.0000000000
7561 -1079.0000000000
7564 -1076.0000000000
7612 -1075.0000000000
7643 -1074.0000000000
7651 -1073.0000000000
7662 -1072.0000000000
7690 -1070.0000000000
7706 -1068.0000000000
7764 -1067.0000000000
7813 -1066.0000000000
7823 -1065.0000000000
7855 -1064.0000000000
7872 -1062.0000000000
7889 -1061.0000000000
7931 -1060.0000000000
7972 -1058.0000000000
7991 -1057.0000000000
7995 -1055.0000000000
8021 -1054.0000000000
8042 -1053.0000000000
8062 -1051.0000000000
8071 -1049.0000000000
8082 -1048.0000000000
8125 -1047.0000000000
8141 -1046.0000000000
8158 -1044.0000000000
8177 -1043.0000000000
8184 -1042.0000000000
8185 -1041.0000000000
8203 -1040.0000000000
8217 -1039.0000000000
8225 -1038.0000000000
8235 -1036.0000000000
8276 -1033.0000000000
8289 -1032.0000000000
8328 -1031.0000000000
8329 -1030.0000000000
8369 -1028.0000000000
8400 -1027.0000000000
8419 -1026.0000000000
8432 -1025.0000000000
8477 -1024.0000000000
8487 -1023.0000000000
8505 -1022.0000000000
8521 -1021.0000000000
8541 -1020.0000000000
8547 -1019.0000000000
8561 -1018.0000000000
8602 -1015.0000000000
8634 -1014.0000000000
8642 -1013.0000000000
8681 -1011.0000000000
8683 -1009.0000000000
8723 -1008.0000000000
8727 -1007.0000000000
8755 -1006.0000000000
8781 -1003.0000000000
8816 -1001.0000000000
8833 -997.0000000000
8899 -996.0000000000
8936 -995.0000000000
8937 -994.0000000000
8961 -993.0000000000
8972 -992.0000000000
8988 -991.0000000000
9012 -990.0000000000
9033 -989.0000000000
9041 -986.0000000000
9064 -985.0000000000
9097 -983.0000000000
9106 -982.0000000000
9112 -981.0000000000
9149 -979.0000000000
9161 -978.0000000000
9214 -977.0000000000
9222 -975.0000000000
9239 -974.0000000000
9267 -973.0000000000
9279 -972.0000000000
9299 -971.0000000000
9312 -970.0000000000
9326 -969.0000000000
9361 -968.0000000000
9383 -966.0000000000
9400 -965.0000000000
9431 -964.0000000000
9439 -963.0000000000
9461 -962.0000000000
9483 -960.0000000000
9523 -959.0000000000
9527 -957.0000000000
9554 -955.0000000000
9578 -952.0000000000
9605 -951.0000000000
9652 -950.0000000000
9675 -949.0000000000
9676 -948.0000000000
9707 -947.0000000000
9728 -946.0000000000
9748 -945.0000000000
9753 -944.0000000000
9784 -943.0000000000
9807 -942.0000000000
9821 -941.0000000000
9849 -938.0000000000
9891 -936.0000000000
9918 -935.0000000000
9930 -934.0000000000
9939 -933.0000000000
9961 -932.0000000000
9982 -931.0000000000
9987 -930.0000000000
10004 -929.0000000000
10035 -928.0000000000
10047 -927.0000000000
10092 -925.0000000000
10110 -922.0000000000
10143 -921.0000000000
10164 -920.0000000000
10171 -918.0000000000
10231 -915.0000000000
10244 -914.0000000000
10272 -913.0000000000
10287 -912.0000000000
10304 -910.0000000000
10343 -909.0000000000
10375 -908.0000000000
10392 -907.0000000000
10418 -906.0000000000
10434 -903.0000000000
10510 -902.0000000000
10515 -900.0000000000
10565 -897.0000000000
10612 -896.0000000000
10644 -895.0000000000
10671 -894.0000000000
10674 -893.0000000000
10681 -892.0000000000
10696 -891.0000000000
10730 -890.0000000000
10748 -889.0000000000
10766 -888.0000000000
10781 -887.0000000000
10812 -886.0000000000
10824 -885.0000000000
10842 -884.0000000000
10861 -882.0000000000
10910 -881.0000000000
10921 -880.0000000000
10947 -878.0000000000
10986 -877.0000000000
11002 -876.0000000000
11024 -875.0000000000
11062 -874.0000000000
11069 -873.0000000000
11088 -871.0000000000
11094 -870.0000000000
11107 -869.0000000000
11130 -865.0000000000
11141 -864.0000000000
11187 -863.0000000000
11215 -862.0000000000
11237 -861.0000000000
11241 -859.0000000000
11260 -858.0000000000
11292 -857.0000000000
11304 -856.0000000000
11319 -855.0000000000
11341 -854.0000000000
11347 -852.0000000000
11365 -850.0000000000
11406 -848.0000000000
11445 -846.0000000000
11470 -845.0000000000
11504 -843.0000000000
11524 -842.0000000000
11549 -841.0000000000
11586 -840.0000000000
11608 -839.0000000000
11611 -838.0000000000
11617 -837.0000000000
11625 -836.0000000000
11647 -835.0000000000
11668 -834.0000000000
11676 -833.0000000000
11692 -832.0000000000
11704 -831.0000000000
11721 -830.0000000000
11754 -828.0000000000
11762 -827.0000000000
11794 -825.0000000000
11806 -823.0000000000
11889 -822.0000000000
11926 -820.0000000000
11944 -819.0000000000
11950 -817.0000000000
11967 -816.0000000000
12006 -815.0000000000
12037 -813.0000000000
12047 -812.0000000000
12062 -811.0000000000
12111 -809.0000000000
12131 -808.0000000000
12159 -806.0000000000
12171 -804.0000000000
12224 -802.0000000000
12254 -800.0000000000
12284 -797.0000000000
12323 -796.0000000000
12382 -795.0000000000
12392 -794.0000000000
12422 -793.0000000000
12429 -792.0000000000
12447 -791.0000000000
12451 -790.0000000000
12470 -789.0000000000
12505 -786.0000000000
12545 -785.0000000000
12563 -784.0000000000
12606 -781.0000000000
12639 -780.0000000000
12657 -778.0000000000
12683 -776.0000000000
12719 -775.0000000000
12744 -773.0000000000
12799 -771.0000000000
12841 -770.0000000000
12874 -769.0000000000
12890 -768.0000000000
12904 -767.0000000000
12931 -766.0000000000
12943 -765.0000000000
12973 -764.0000000000
13001 -762.0000000000
13025 -761.0000000000
13034 -760.0000000000
13043 -759.0000000000
13074 -757.0000000000
13084 -756.0000000000
13107 -755.0000000000
13121 -754.0000000000
13123 -753.0000000000
13147 -752.0000000000
13161 -751.0000000000
13163 -749.0000000000
13196 -748.0000000000
13212 -747.0000000000
13230 -745.0000000000
13254 -744.0000000000
13274 -743.0000000000
13281 -741.0000000000
13306 -740.0000000000
13344 -739.0000000000
13368 -738.0000000000
13373 -737.0000000000
13388 -736.0000000000
13391 -735.0000000000
13437 -734.0000000000
13444 -732.0000000000
13474 -731.0000000000
13509 -729.0000000000
13551 -727.0000000000
13560 -726.0000000000
13581 -724.0000000000
13606 -723.0000000000
13638 -722.0000000000
13669 -721.0000000000
13689 -720.0000000000
13690 -719.0000000000
13737 -718.0000000000
13742 -717.0000000000
13768 -716.0000000000
13776 -715.0000000000
13800 -713.0000000000
13854 -712.0000000000
13871 -711.0000000000
13898 -710.0000000000
13905 -709.0000000000
13947 -707.0000000000
13948 -706.0000000000
14000 -705.0000000000
14031 -702.0000000000
14073 -701.0000000000
14086 -700.0000000000
14089 -699.0000000000
14121 -696.0000000000
14168 -695.0000000000
14183 -694.0000000000
14206 -693.0000000000
14250 -692.0000000000
14262 -689.0000000000
14318 -688.0000000000
14344 -687.0000000000
14374 -686.0000000000
14419 -685.0000000000
14432 -684.0000000000
14456 -683.0000000000
14498 -682.0000000000
14509 -681.0000000000
14521 -679.0000000000
14563 -678.0000000000
14566 -677.0000000000
14590 -676.0000000000
14628 -675.0000000000
14660 -673.0000000000
14676 -672.0000000000
14694 -671.0000000000
14723 -670.0000000000
14747 -668.0000000000
14775 -667.0000000000
14808 -666.0000000000
14858 -665.0000000000
14860 -664.0000000000
14905 -663.0000000000
14906 -662.0000000000
14944 -661.0000000000
14952 -660.0000000000
14984 -658.0000000000
15005 -657.0000000000
15037 -655.0000000000
15042 -653.0000000000
15064 -652.0000000000
15113 -650.0000000000
15148 -649.0000000000
15168 -648.0000000000
15183 -647.0000000000
15213 -646.0000000000
15224 -645.0000000000
15266 -644.0000000000
15273 -643.0000000000
15281 -641.0000000000
15313 -640.0000000000
15320 -639.0000000000
15322 -638.0000000000
15355 -636.0000000000
15412 -635.0000000000
15450 -633.0000000000
15487 -632.0000000000
15509 -631.0000000000
15540 -630.0000000000
15557 -629.0000000000
15581 -628.0000000000
15613 -626.0000000000
15627 -625.0000000000
15649 -624.0000000000
15657 -623.0000000000
15689 -621.0000000000
15729 -620.0000000000
15738 -619.0000000000
15783 -618.0000000000
15789 -617.0000000000
15805 -616.0000000000
15822 -614.0000000000
15904 -612.0000000000
15926 -611.0000000000
15951 -610.0000000000
15961 -609.0000000000
15986 -608.0000000000
16045 -607.0000000000
16064 -606.0000000000
16098 -605.0000000000
16125 -603.0000000000
16177 -602.0000000000
16183 -601.0000000000
16212 -597.0000000000
16247 -596.0000000000
16276 -595.0000000000
16305 -592.0000000000
16341 -591.0000000000
16363 -590.0000000000
16371 -588.0000000000
16407 -587.0000000000
16419 -585.0000000000
16432 -584.0000000000
16463 -583.0000000000
16472 -581.0000000000
16490 -580.0000000000
16512 -578.0000000000
16546 -577.0000000000
16566 -576.0000000000
16592 -575.0000000000
16602 -573.0000000000
16670 -571.0000000000
16698 -569.0000000000
16721 -568.0000000000
16765 -567.0000000000
16785 -566.0000000000
16800 -565.0000000000
16820 -563.0000000000
16836 -562.0000000000
16862 -561.0000000000
16892 -560.0000000000
16911 -558.0000000000
16933 -557.0000000000
16968 -556.0000000000
16997 -555.0000000000
17024 -554.0000000000
17039 -553.0000000000
17073 -551.0000000000
17118 -550.0000000000
17128 -549.0000000000
17162 -548.0000000000
17181 -547.0000000000
17202 -546.0000000000
17226 -545.0000000000
17251 -544.0000000000
17271 -543.0000000000
17277 -542.0000000000
17305 -541.0000000000
17321 -539.0000000000
17371 -538.0000000000
17382 -537.0000000000
17413 -536.0000000000
17449 -535.0000000000
17465 -534.0000000000
17488 -533.0000000000
17540 -532.0000000000
17551 -531.0000000000
17583 -530.0000000000
17588 -529.0000000000
17607 -526.0000000000
17623 -524.0000000000
17664 -523.0000000000
17695 -522.0000000000
17735 -520.0000000000
17771 -519.0000000000
17807 -518.0000000000
17835 -516.0000000000
17863 -514.0000000000
17948 -513.0000000000
17952 -512.0000000000
17969 -511.0000000000
17997 -509.0000000000
18044 -508.0000000000
18063 -507.0000000000
18116 -506.0000000000
18130 -504.0000000000
18145 -503.0000000000
18187 -502.0000000000
18199 -501.0000000000
18201 -500.0000000000
18244 -499.0000000000
18274 -497.0000000000
18336 -496.0000000000
18337 -495.0000000000
18359 -494.0000000000
18374 -493.0000000000
18381 -492.0000000000
18408 -491.0000000000
18444 -490.0000000000
18462 -489.0000000000
18485 -487.0000000000
18519 -486.0000000000
18530 -485.0000000000
18574 -484.0000000000
18581 -483.0000000000
18622 -482.0000000000
18643 -481.0000000000
18661 -480.0000000000
18691 -479.0000000000
18711 -477.0000000000
18744 -476.0000000000
18813 -475.0000000000
18840 -474.0000000000
18883 -473.0000000000
18887 -472.0000000000
18929 -471.0000000000
18957 -470.0000000000
18966 -468.0000000000
19022 -467.0000000000
19048 -466.0000000000
19103 -465.0000000000
19126 -464.0000000000
19159 -463.0000000000
19188 -462.0000000000
19217 -461.0000000000
19269 -460.0000000000
19302 -458.0000000000
19331 -457.0000000000
19355 -455.0000000000
19407 -454.0000000000
19435 -453.0000000000
19436 -452.0000000000
19464 -451.0000000000
19502 -450.0000000000
19521 -448.0000000000
19566 -446.0000000000
19610 -445.0000000000
19631 -444.0000000000
19643 -443.0000000000
19665 -442.0000000000
19666 -441.0000000000
19701 -439.0000000000
19736 -438.0000000000
19765 -437.0000000000
19774 -436.0000000000
19794 -435.0000000000
19805 -433.0000000000
19830 -432.0000000000
19872 -430.0000000000
19894 -429.0000000000
19908 -428.0000000000
19922 -427.0000000000
19942 -426.0000000000
19961 -425.0000000000
19992 -424.0000000000
20010 -423.0000000000
20020 -422.0000000000
20048 -421.0000000000
20062 -419.0000000000
20142 -418.0000000000
20170 -417.0000000000
20182 -416.0000000000
20232 -415.0000000000
20260 -414.0000000000
20267 -413.0000000000
20302 -412.0000000000
20322 -411.0000000000
20365 -410.0000000000
20386 -409.0000000000
20420 -408.0000000000
20424 -407.0000000000
20465 -405.0000000000
20482 -404.0000000000
20512 -403.0000000000
20544 -402.0000000000
20572 -401.0000000000
20603 -400.0000000000
20662 -398.0000000000
20709 -397.0000000000
20721 -396.0000000000
20749 -395.0000000000
20766 -394.0000000000
20798 -392.0000000000
20848 -391.0000000000
20866 -389.0000000000
20917 -388.0000000000
20935 -387.0000000000
20944 -386.0000000000
20988 -385.0000000000
21019 -384.0000000000
21046 -383.0000000000
21061 -382.0000000000
21101 -381.0000000000
21119 -380.0000000000
21159 -379.0000000000
21167 -378.0000000000
21194 -377.0000000000
21209 -374.0000000000
21269 -373.0000000000
21310 -372.0000000000
21338 -371.0000000000
21377 -370.0000000000
21383 -368.0000000000
21458 -367.0000000000
21466 -366.0000000000
21520 -365.0000000000
21528 -364.0000000000
21563 -363.0000000000
21583 -362.0000000000
21605 -360.0000000000
21657 -359.0000000000
21672 -357.0000000000
21722 -356.0000000000
21741 -355.0000000000
21771 -354.0000000000
21801 -353.0000000000
21824 -351.0000000000
21845 -349.0000000000
21916 -347.0000000000
21996 -346.0000000000
22023 -345.0000000000
22050 -344.0000000000
22078 -342.0000000000
22091 -341.0000000000
22131 -340.0000000000
22192 -339.0000000000
22193 -338.0000000000
22218 -337.0000000000
22243 -336.0000000000
22262 -335.0000000000
22321 -334.0000000000
22326 -333.0000000000
22361 -330.0000000000
22426 -329.0000000000
22441 -328.0000000000
22469 -327.0000000000
22507 -326.0000000000
22528 -325.0000000000
22552 -324.0000000000
22591 -323.0000000000
22607 -321.0000000000
22662 -319.0000000000
22705 -318.0000000000
22718 -317.0000000000
22780 -316.0000000000
22781 -314.0000000000
22834 -313.0000000000
22861 -312.0000000000
22951 -311.0000000000
23018 -310.0000000000
23056 -309.0000000000
23108 -308.0000000000
23114 -307.0000000000
23161 -306.0000000000
23191 -305.0000000000
23221 -304.0000000000
23288 -303.0000000000
23326 -302.0000000000
23330 -301.0000000000
23351 -300.0000000000
23383 -299.0000000000
23423 -298.0000000000
23426 -297.0000000000
23462 -296.0000000000
23492 -295.0000000000
23523 -294.0000000000
23545 -292.0000000000
23579 -290.0000000000
23614 -289.0000000000
23642 -288.0000000000
23708 -287.0000000000
23734 -286.0000000000
23798 -285.0000000000
23858 -284.0000000000
23913 -283.0000000000
23953 -282.0000000000
23977 -281.0000000000
23997 -280.0000000000
24057 -279.0000000000
24060 -278.0000000000
24090 -277.0000000000
24152 -276.0000000000
24158 -275.0000000000
24228 -274.0000000000
24253 -273.0000000000
24287 -272.0000000000
24302 -270.0000000000
24342 -268.0000000000
24378 -267.0000000000
24401 -266.0000000000
24430 -265.0000000000
24479 -264.0000000000
24505 -263.0000000000
24568 -262.0000000000
24594 -261.0000000000
24649 -260.0000000000
24680 -259.0000000000
24706 -258.0000000000
24734 -257.0000000000
24742 -256.0000000000
24790 -255.0000000000
24820 -254.0000000000
24862 -253.0000000000
24870 -252.0000000000
24931 -251.0000000000
24936 -250.0000000000
24947 -249.0000000000
25012 -248.0000000000
25035 -247.0000000000
25103 -246.0000000000
25156 -245.0000000000
25189 -244.0000000000
25267 -243.0000000000
25282 -242.0000000000
25334 -241.0000000000
25371 -240.0000000000
25431 -239.0000000000
25497 -238.0000000000
25549 -236.0000000000
25596 -235.0000000000
25606 -234.0000000000
25650 -231.0000000000
25717 -230.0000000000
25741 -229.0000000000
25864 -228.0000000000
25903 -227.0000000000
25930 -226.0000000000
25994 -225.0000000000
26029 -224.0000000000
26076 -223.0000000000
26134 -222.0000000000
26146 -221.0000000000
26225 -220.0000000000
26264 -219.0000000000
26283 -218.0000000000
26353 -217.0000000000
26390 -216.0000000000
26391 -215.0000000000
26407 -214.0000000000
26455 -213.0000000000
26507 -211.0000000000
26528 -210.0000000000
26561 -209.0000000000
26583 -208.0000000000
26657 -207.0000000000
26697 -206.0000000000
26736 -205.0000000000
26810 -204.0000000000
26842 -203.0000000000
26880 -202.0000000000
26893 -201.0000000000
26937 -200.0000000000
27001 -199.0000000000
27029 -198.0000000000
27061 -197.0000000000
27152 -196.0000000000
27206 -195.0000000000
27219 -194.0000000000
27358 -193.0000000000
27412 -192.0000000000
27448 -191.0000000000
27476 -190.0000000000
27516 -189.0000000000
27527 -188.0000000000
27668 -187.0000000000
27681 -186.0000000000
27751 -184.0000000000
27806 -183.0000000000
27841 -182.0000000000
27861 -181.0000000000
27881 -180.0000000000
27946 -178.0000000000
28003 -177.0000000000
28046 -176.0000000000
28083 -175.0000000000
28101 -174.0000000000
28111 -173.0000000000
28146 -172.0000000000
28189 -171.0000000000
28203 -170.0000000000
28283 -169.0000000000
28370 -168.0000000000
28439 -167.0000000000
28477 -166.0000000000
28502 -165.0000000000
28542 -164.0000000000
28579 -163.0000000000
28586 -162.0000000000
28635 -161.0000000000
28651 -160.0000000000
28667 -159.0000000000
28688 -157.0000000000
28772 -156.0000000000
28808 -155.0000000000
28869 -154.0000000000
28908 -153.0000000000
28942 -152.0000000000
28987 -151.0000000000
29028 -149.0000000000
29097 -148.0000000000
29108 -147.0000000000
29198 -145.0000000000
29234 -144.0000000000
29293 -143.0000000000
29353 -142.0000000000
29362 -141.0000000000
29383 -140.0000000000
29468 -139.0000000000
29538 -138.0000000000
29554 -137.0000000000
29589 -136.0000000000
29602 -135.0000000000
29686 -134.0000000000
29727 -133.0000000000
29779 -132.0000000000
29797 -131.0000000000
29888 -130.0000000000
29930 -128.0000000000
30034 -127.0000000000
30075 -126.0000000000
30120 -125.0000000000
30165 -124.0000000000
30208 -123.0000000000
30240 -122.0000000000
30262 -120.0000000000
30296 -119.0000000000
30325 -118.0000000000
30397 -117.0000000000
30448 -116.0000000000
30503 -115.0000000000
30556 -114.0000000000
30604 -113.0000000000
30624 -112.0000000000
30662 -111.0000000000
30715 -110.0000000000
30753 -109.0000000000
30786 -108.0000000000
30847 -107.0000000000
30882 -106.0000000000
30941 -105.0000000000
30974 -104.0000000000
31083 -103.0000000000
31161 -102.0000000000
31207 -101.0000000000
31256 -100.0000000000
31266 -99.0000000000
31350 -98.0000000000
31477 -97.0000000000
31502 -96.0000000000
31540 -95.0000000000
31584 -94.0000000000
31718 -93.0000000000
31846 -92.0000000000
31903 -91.0000000000
32015 -90.0000000000
32076 -89.0000000000
32143 -88.0000000000
32182 -87.0000000000
32242 -86.0000000000
32258 -85.0000000000
32300 -84.0000000000
32325 -83.0000000000
32374 -82.0000000000
32401 -81.0000000000
32425 -80.0000000000
32498 -79.0000000000
32503 -77.0000000000
32597 -76.0000000000
32620 -75.0000000000
32684 -74.0000000000
32709 -73.0000000000
32752 -72.0000000000
32775 -71.0000000000
32788 -70.0000000000
32807 -69.0000000000
32875 -68.0000000000
32886 -67.0000000000
32979 -66.0000000000
33078 -65.0000000000
33151 -63.0000000000
33223 -62.0000000000
33254 -61.0000000000
33330 -60.0000000000
33390 -59.0000000000
33436 -58.0000000000
33471 -57.0000000000
33525 -56.0000000000
33571 -55.0000000000
33623 -54.0000000000
33684 -53.0000000000
33763 -52.0000000000
33796 -51.0000000000
33853 -49.0000000000
33873 -48.0000000000
33913 -47.0000000000
33930 -45.0000000000
33961 -44.0000000000
34030 -43.0000000000
34079 -42.0000000000
34127 -41.0000000000
34166 -40.0000000000
34192 -39.0000000000
34234 -38.0000000000
34263 -36.0000000000
34690 -35.0000000000
34926 -34.0000000000
35025 -33.0000000000
35390 -32.0000000000
35464 -31.0000000000
35545 -30.0000000000
35571 -29.0000000000
35685 -28.0000000000
35750 -26.0000000000
35811 -25.0000000000
35823 -24.0000000000
35919 -23.0000000000
36001 -22.0000000000
36068 -21.0000000000
36138 -20.0000000000
36273 -19.0000000000
36529 -18.0000000000
36559 -17.0000000000
36604 -16.0000000000
36770 -15.0000000000
36812 -14.0000000000
36883 -13.0000000000
36946 -12.0000000000
37015 -11.0000000000
37150 -10.0000000000
37192 -9.0000000000
37225 -8.0000000000
37295 -7.0000000000
37551 -6.0000000000
37575 -5.0000000000
37615 -4.0000000000
37658 -3.0000000000
37712 -2.0000000000
37765 -1.0000000000
37821 577.4800000000
37849 591.7400000000
37879 598.2400000000
37895 600.6600000000
37901 600.7400000000
37919 606.3800000000
37933 615.1600000000
38017 615.8600000000
38436 621.2700000000
39317 622.7200000000
40902 628.0300000000
43730 631.5800000000
44853 633.0400000000
46597 637.3600000000
46690 639.5300000000
46714 651.9800000000
46763 668.2300000000
47012 668.7600000000
48206 669.5500000000
53312 670.7100000000
53428 675.4700000000
57852 675.9800000000
57965 679.1900000000
58031 680.1400000000
58207 681.9300000000
58212 687.5400000000
58239 692.0400000000
58746 699.8800000000
59568 775.0200000000
59591 777.4700000000
59642 778.7900000000
59651 782.3500000000
59717 783.2000000000
59799 788.1300000000
60127 798.6100000000
60834 802.4300000000
66606 804.7900000000
67122 808.0800000000
75690 808.6600000000
84246 814.9700000000
93089 830.8400000000
93095 835.6600000000
93133 836.6800000000
93180 846.8400000000
93251 852.8800000000
93718 855.9600000000
95474 856.3100000000
95667 857.0400000000
100000 -2.0000000000
