evaluations raw_y
1 -2019.0000000000
3 -1971.0000000000
5 -1951.0000000000
9 -1939.0000000000
10 -1917.0000000000
16 -1892.0000000000
28 -1877.0000000000
41 -1860.0000000000
65 -1845.0000000000
67 -1818.0000000000
82 -1810.0000000000
114 -1798.0000000000
130 -1797.0000000000
143 -1796.0000000000
146 -1787.0000000000
175 -1782.0000000000
183 -1774.0000000000
217 -1769.0000000000
222 -1768.0000000000
229 -1765.0000000000
248 -1763.0000000000
260 -1762.0000000000
264 -1757.0000000000
267 -1752.0000000000
281 -1746.0000000000
302 -1745.0000000000
325 -1741.0000000000
328 -1740.0000000000
345 -1739.0000000000
353 -1738.0000000000
369 -1736.0000000000
371 -1734.0000000000
372 -1732.0000000000
410 -1726.0000000000
426 -1718.0000000000
470 -1717.0000000000
481 -1716.0000000000
503 -1715.0000000000
507 -1714.0000000000
527 -1713.0000000000
531 -1712.0000000000
541 -1711.0000000000
574 -1710.0000000000
584 -1709.0000000000
589 -1706.0000000000
637 -1705.0000000000
644 -1703.0000000000
653 -1702.0000000000
665 -1701.0000000000
666 -1698.0000000000
681 -1697.0000000000
702 -1695.0000000000
727 -1694.0000000000
741 -1693.0000000000
744 -1691.0000000000
786 -1688.0000000000
793 -1686.0000000000
808 -1682.0000000000
833 -1680.0000000000
860 -1677.0000000000
874 -1674.0000000000
908 -1673.0000000000
922 -1671.0000000000
942 -1668.0000000000
971 -1667.0000000000
981 -1666.0000000000
1002 -1665.0000000000
1005 -1663.0000000000
1027 -1659.0000000000
1046 -1658.0000000000
1060 -1657.0000000000
1081 -1656.0000000000
1104 -1655.0000000000
1106 -1654.0000000000
1116 -1653.0000000000
1126 -1652.0000000000
1142 -1650.0000000000
1155 -1649.0000000000
1161 -1648.0000000000
1165 -1647.0000000000
1182 -1646.0000000000
1202 -1645.0000000000
1218 -1641.0000000000
1242 -1639.0000000000
1261 -1637.0000000000
1282 -1634.0000000000
1307 -1633.0000000000
1323 -1632.0000000000
1335 -1631.0000000000
1353 -1628.0000000000
1392 -1626.0000000000
1405 -1624.0000000000
1421 -1622.0000000000
1438 -1621.0000000000
1453 -1620.0000000000
1461 -1617.0000000000
1496 -1616.0000000000
1508 -1615.0000000000
1509 -1613.0000000000
1521 -1612.0000000000
1546 -1611.0000000000
1561 -1610.0000000000
1611 -1609.0000000000
1623 -1607.0000000000
1640 -1606.0000000000
1648 -1605.0000000000
1649 -1604.0000000000
1667 -1602.0000000000
1681 -1601.0000000000
1703 -1600.0000000000
1716 -1599.0000000000
1723 -1598.0000000000
1749 -1597.0000000000
1759 -1596.0000000000
1761 -1595.0000000000
1794 -1594.0000000000
1797 -1593.0000000000
1816 -1591.0000000000
1833 -1586.0000000000
1865 -1585.0000000000
1881 -1583.0000000000
1902 -1582.0000000000
1925 -1581.0000000000
1939 -1579.0000000000
1945 -1578.0000000000
1974 -1576.0000000000
2005 -1574.0000000000
2011 -1573.0000000000
2025 -1572.0000000000
2047 -1569.0000000000
2085 -1567.0000000000
2095 -1565.0000000000
2115 -1564.0000000000
2123 -1562.0000000000
2151 -1560.0000000000
2178 -1558.0000000000
2203 -1557.0000000000
2221 -1555.0000000000
2246 -1554.0000000000
2252 -1553.0000000000
2261 -1552.0000000000
2263 -1551.0000000000
2283 -1550.0000000000
2304 -1548.0000000000
2308 -1545.0000000000
2349 -1544.0000000000
2354 -1543.0000000000
2367 -1541.0000000000
2406 -1540.0000000000
2441 -1538.0000000000
2445 -1537.0000000000
2467 -1536.0000000000
2481 -1534.0000000000
2508 -1533.0000000000
2517 -1531.0000000000
2548 -1529.0000000000
2563 -1527.0000000000
2583 -1526.0000000000
2601 -1525.0000000000
2622 -1523.0000000000
2639 -1521.0000000000
2666 -1520.0000000000
2669 -1518.0000000000
2686 -1516.0000000000
2709 -1515.0000000000
2721 -1514.0000000000
2753 -1512.0000000000
2782 -1511.0000000000
2786 -1510.0000000000
2805 -1509.0000000000
2822 -1508.0000000000
2844 -1507.0000000000
2848 -1505.0000000000
2876 -1502.0000000000
2904 -1500.0000000000
2914 -1499.0000000000
2931 -1498.0000000000
2964 -1497.0000000000
2966 -1494.0000000000
2996 -1493.0000000000
3026 -1489.0000000000
3056 -1488.0000000000
3074 -1486.0000000000
3082 -1484.0000000000
3109 -1481.0000000000
3148 -1479.0000000000
3163 -1478.0000000000
3173 -1477.0000000000
3186 -1476.0000000000
3207 -1475.0000000000
3221 -1474.0000000000
3222 -1472.0000000000
3265 -1468.0000000000
3284 -1467.0000000000
3288 -1466.0000000000
3308 -1465.0000000000
3329 -1464.0000000000
3336 -1463.0000000000
3351 -1461.0000000000
3372 -1460.0000000000
3383 -1458.0000000000
3401 -1457.0000000000
3428 -1456.0000000000
3442 -1453.0000000000
3473 -1452.0000000000
3490 -1451.0000000000
3508 -1450.0000000000
3520 -1449.0000000000
3522 -1447.0000000000
3543 -1446.0000000000
3565 -1445.0000000000
3599 -1444.0000000000
3604 -1443.0000000000
3605 -1442.0000000000
3627 -1441.0000000000
3650 -1440.0000000000
3660 -1439.0000000000
3675 -1438.0000000000
3686 -1437.0000000000
3689 -1436.0000000000
3719 -1435.0000000000
3741 -1434.0000000000
3743 -1433.0000000000
3763 -1432.0000000000
3764 -1431.0000000000
3777 -1430.0000000000
3787 -1429.0000000000
3801 -1427.0000000000
3821 -1426.0000000000
3842 -1425.0000000000
3846 -1424.0000000000
3861 -1420.0000000000
3901 -1419.0000000000
3909 -1418.0000000000
3922 -1416.0000000000
3933 -1415.0000000000
3950 -1414.0000000000
3973 -1411.0000000000
3990 -1410.0000000000
4005 -1409.0000000000
4024 -1408.0000000000
4031 -1407.0000000000
4041 -1405.0000000000
4062 -1403.0000000000
4083 -1402.0000000000
4106 -1401.0000000000
4120 -1400.0000000000
4146 -1399.0000000000
4148 -1396.0000000000
4155 -1395.0000000000
4163 -1392.0000000000
4210 -1390.0000000000
4228 -1388.0000000000
4238 -1386.0000000000
4262 -1384.0000000000
4281 -1383.0000000000
4301 -1382.0000000000
4312 -1381.0000000000
4342 -1380.0000000000
4358 -1379.0000000000
4363 -1378.0000000000
4383 -1377.0000000000
4394 -1375.0000000000
4421 -1374.0000000000
4437 -1373.0000000000
4444 -1371.0000000000
4460 -1369.0000000000
4461 -1367.0000000000
4486 -1366.0000000000
4524 -1364.0000000000
4546 -1363.0000000000
4557 -1362.0000000000
4564 -1361.0000000000
4587 -1360.0000000000
4614 -1356.0000000000
4654 -1355.0000000000
4662 -1353.0000000000
4690 -1352.0000000000
4701 -1351.0000000000
4713 -1349.0000000000
4758 -1348.0000000000
4760 -1347.0000000000
4763 -1345.0000000000
4795 -1344.0000000000
4809 -1342.0000000000
4829 -1341.0000000000
4842 -1340.0000000000
4861 -1338.0000000000
4887 -1337.0000000000
4903 -1336.0000000000
4917 -1335.0000000000
4948 -1334.0000000000
4963 -1333.0000000000
4987 -1331.0000000000
4995 -1330.0000000000
5006 -1329.0000000000
5025 -1328.0000000000
5036 -1327.0000000000
5049 -1326.0000000000
5066 -1323.0000000000
5081 -1320.0000000000
5118 -1319.0000000000
5127 -1317.0000000000
5141 -1316.0000000000
5179 -1315.0000000000
5194 -1314.0000000000
5218 -1313.0000000000
5226 -1312.0000000000
5235 -1310.0000000000
5258 -1309.0000000000
5266 -1308.0000000000
5281 -1305.0000000000
5307 -1304.0000000000
5324 -1303.0000000000
5333 -1302.0000000000
5357 -1300.0000000000
5370 -1299.0000000000
5377 -1298.0000000000
5402 -1296.0000000000
5439 -1294.0000000000
5476 -1293.0000000000
5501 -1290.0000000000
5525 -1289.0000000000
5546 -1288.0000000000
5550 -1287.0000000000
5583 -1286.0000000000
5596 -1285.0000000000
5601 -1284.0000000000
5602 -1283.0000000000
5621 -1282.0000000000
5632 -1280.0000000000
5685 -1279.0000000000
5689 -1277.0000000000
5725 -1275.0000000000
5726 -1274.0000000000
5763 -1273.0000000000
5770 -1272.0000000000
5793 -1271.0000000000
5809 -1270.0000000000
5831 -1268.0000000000
5888 -1267.0000000000
5890 -1266.0000000000
5903 -1265.0000000000
5908 -1263.0000000000
5941 -1261.0000000000
5970 -1260.0000000000
5979 -1259.0000000000
5983 -1258.0000000000
6001 -1257.0000000000
6021 -1256.0000000000
6039 -1254.0000000000
6044 -1253.0000000000
6074 -1251.0000000000
6103 -1248.0000000000
6109 -1247.0000000000
6123 -1245.0000000000
6159 -1244.0000000000
6171 -1243.0000000000
6185 -1240.0000000000
6221 -1239.0000000000
6225 -1237.0000000000
6258 -1236.0000000000
6265 -1232.0000000000
6281 -1231.0000000000
6301 -1229.0000000000
6325 -1228.0000000000
6370 -1226.0000000000
6394 -1225.0000000000
6427 -1223.0000000000
6460 -1222.0000000000
6465 -1221.0000000000
6482 -1220.0000000000
6504 -1217.0000000000
6546 -1214.0000000000
6568 -1213.0000000000
6592 -1212.0000000000
6613 -1210.0000000000
6614 -1209.0000000000
6626 -1206.0000000000
6667 -1204.0000000000
6689 -1203.0000000000
6690 -1202.0000000000
6709 -1201.0000000000
6723 -1199.0000000000
6775 -1197.0000000000
6786 -1195.0000000000
6812 -1194.0000000000
6823 -1193.0000000000
6846 -1192.0000000000
6850 -1191.0000000000
6862 -1190.0000000000
6889 -1189.0000000000
6908 -1188.0000000000
6928 -1184.0000000000
6966 -1183.0000000000
6987 -1180.0000000000
7006 -1179.0000000000
7033 -1177.0000000000
7052 -1176.0000000000
7073 -1173.0000000000
7110 -1172.0000000000
7115 -1170.0000000000
7137 -1169.0000000000
7146 -1168.0000000000
7150 -1167.0000000000
7184 -1166.0000000000
7203 -1165.0000000000
7215 -1164.0000000000
7232 -1161.0000000000
7245 -1157.0000000000
7300 -1156.0000000000
7309 -1154.0000000000
7341 -1153.0000000000
7350 -1152.0000000000
7385 -1151.0000000000
7426 -1149.0000000000
7452 -1148.0000000000
7471 -1146.0000000000
7483 -1144.0000000000
7488 -1143.0000000000
7518 -1142.0000000000
7528 -1141.0000000000
7544 -1140.0000000000
7587 -1138.0000000000
7608 -1135.0000000000
7626 -1134.0000000000
7664 -1132.0000000000
7685 -1131.0000000000
7696 -1130.0000000000
7702 -1128.0000000000
7751 -1127.0000000000
7767 -1126.0000000000
7770 -1125.0000000000
7783 -1124.0000000000
7801 -1123.0000000000
7813 -1122.0000000000
7830 -1121.0000000000
7843 -1120.0000000000
7868 -1119.0000000000
7869 -1118.0000000000
7883 -1116.0000000000
7912 -1115.0000000000
7927 -1113.0000000000
7941 -1112.0000000000
7966 -1111.0000000000
7967 -1110.0000000000
7983 -1109.0000000000
7992 -1108.0000000000
8005 -1107.0000000000
8024 -1106.0000000000
8032 -1105.0000000000
8049 -1103.0000000000
8073 -1100.0000000000
8132 -1099.0000000000
8158 -1098.0000000000
8174 -1096.0000000000
8206 -1095.0000000000
8229 -1094.0000000000
8230 -1093.0000000000
8255 -1092.0000000000
8263 -1089.0000000000
8282 -1088.0000000000
8307 -1087.0000000000
8324 -1085.0000000000
8363 -1083.0000000000
8381 -1082.0000000000
8404 -1080.0000000000
8430 -1077.0000000000
8439 -1076.0000000000
8470 -1074.0000000000
8484 -1073.0000000000
8505 -1071.0000000000
8540 -1070.0000000000
8557 -1069.0000000000
8562 -1068.0000000000
8563 -1067.0000000000
8572 -1066.0000000000
8606 -1065.0000000000
8622 -1064.0000000000
8646 -1063.0000000000
8655 -1062.0000000000
8678 -1061.0000000000
8685 -1060.0000000000
8728 -1059.0000000000
8745 -1058.0000000000
8776 -1057.0000000000
8783 -1056.0000000000
8813 -1054.0000000000
8831 -1053.0000000000
8849 -1051.0000000000
8879 -1050.0000000000
8906 -1048.0000000000
8925 -1046.0000000000
8944 -1044.0000000000
8963 -1043.0000000000
8987 -1041.0000000000
9011 -1040.0000000000
9023 -1038.0000000000
9052 -1037.0000000000
9067 -1036.0000000000
9102 -1035.0000000000
9105 -1034.0000000000
9119 -1033.0000000000
9128 -1032.0000000000
9142 -1030.0000000000
9159 -1028.0000000000
9197 -1027.0000000000
9205 -1026.0000000000
9238 -1025.0000000000
9244 -1023.0000000000
9292 -1022.0000000000
9304 -1020.0000000000
9321 -1019.0000000000
9331 -1018.0000000000
9355 -1017.0000000000
9383 -1016.0000000000
9415 -1015.0000000000
9421 -1014.0000000000
9431 -1013.0000000000
9445 -1012.0000000000
9464 -1011.0000000000
9470 -1010.0000000000
9491 -1007.0000000000
9524 -1005.0000000000
9542 -1003.0000000000
9568 -1000.0000000000
9585 -999.0000000000
9616 -998.0000000000
9633 -997.0000000000
9639 -996.0000000000
9645 -995.0000000000
9657 -993.0000000000
9688 -992.0000000000
9699 -991.0000000000
9714 -990.0000000000
9724 -989.0000000000
9741 -988.0000000000
9765 -987.0000000000
9766 -986.0000000000
9802 -985.0000000000
9832 -983.0000000000
9844 -981.0000000000
9873 -979.0000000000
9891 -978.0000000000
9933 -977.0000000000
9941 -975.0000000000
9985 -974.0000000000
10024 -972.0000000000
10047 -971.0000000000
10069 -969.0000000000
10085 -967.0000000000
10103 -966.0000000000
10127 -965.0000000000
10162 -963.0000000000
10177 -962.0000000000
10202 -961.0000000000
10226 -959.0000000000
10261 -958.0000000000
10306 -956.0000000000
10324 -953.0000000000
10362 -952.0000000000
10382 -951.0000000000
10411 -950.0000000000
10425 -949.0000000000
10444 -948.0000000000
10446 -947.0000000000
10468 -946.0000000000
10487 -945.0000000000
10507 -944.0000000000
10541 -942.0000000000
10562 -941.0000000000
10594 -940.0000000000
10603 -939.0000000000
10618 -938.0000000000
10644 -936.0000000000
10667 -935.0000000000
10688 -934.0000000000
10708 -932.0000000000
10735 -930.0000000000
10762 -929.0000000000
10768 -928.0000000000
10799 -927.0000000000
10802 -926.0000000000
10827 -922.0000000000
10899 -921.0000000000
10935 -920.0000000000
10937 -919.0000000000
10971 -918.0000000000
10981 -917.0000000000
11013 -916.0000000000
11045 -915.0000000000
11053 -914.0000000000
11073 -913.0000000000
11101 -912.0000000000
11152 -911.0000000000
11155 -909.0000000000
11159 -908.0000000000
11161 -907.0000000000
11188 -906.0000000000
11229 -905.0000000000
11253 -904.0000000000
11261 -903.0000000000
11271 -901.0000000000
11307 -900.0000000000
11321 -899.0000000000
11344 -898.0000000000
11357 -897.0000000000
11366 -896.0000000000
11390 -892.0000000000
11431 -891.0000000000
11467 -889.0000000000
11505 -888.0000000000
11540 -887.0000000000
11542 -883.0000000000
11593 -881.0000000000
11646 -879.0000000000
11648 -878.0000000000
11706 -877.0000000000
11708 -876.0000000000
11751 -875.0000000000
11772 -874.0000000000
11792 -872.0000000000
11844 -870.0000000000
11853 -868.0000000000
11881 -867.0000000000
11883 -866.0000000000
11942 -865.0000000000
11976 -864.0000000000
11980 -863.0000000000
11999 -862.0000000000
12036 -861.0000000000
12041 -860.0000000000
12058 -858.0000000000
12106 -856.0000000000
12149 -855.0000000000
12164 -854.0000000000
12181 -853.0000000000
12190 -852.0000000000
12204 -851.0000000000
12274 -850.0000000000
12287 -849.0000000000
12302 -848.0000000000
12316 -847.0000000000
12324 -845.0000000000
12400 -844.0000000000
12411 -843.0000000000
12445 -840.0000000000
12463 -839.0000000000
12465 -838.0000000000
12507 -837.0000000000
12522 -835.0000000000
12562 -834.0000000000
12565 -833.0000000000
12581 -832.0000000000
12620 -831.0000000000
12627 -829.0000000000
12650 -828.0000000000
12676 -827.0000000000
12679 -825.0000000000
12722 -824.0000000000
12755 -823.0000000000
12763 -821.0000000000
12811 -820.0000000000
12821 -819.0000000000
12825 -818.0000000000
12862 -817.0000000000
12888 -816.0000000000
12923 -814.0000000000
12960 -812.0000000000
12981 -810.0000000000
13002 -808.0000000000
13037 -807.0000000000
13047 -806.0000000000
13083 -805.0000000000
13118 -804.0000000000
13133 -803.0000000000
13146 -799.0000000000
13223 -798.0000000000
13251 -797.0000000000
13279 -796.0000000000
13282 -795.0000000000
13349 -794.0000000000
13350 -792.0000000000
13382 -791.0000000000
13434 -789.0000000000
13477 -788.0000000000
13512 -787.0000000000
13548 -786.0000000000
13561 -785.0000000000
13602 -784.0000000000
13628 -783.0000000000
13650 -782.0000000000
13671 -781.0000000000
13685 -780.0000000000
13738 -779.0000000000
13740 -778.0000000000
13757 -777.0000000000
13807 -776.0000000000
13836 -775.0000000000
13843 -774.0000000000
13855 -773.0000000000
13866 -772.0000000000
13903 -771.0000000000
13915 -770.0000000000
13920 -769.0000000000
13958 -768.0000000000
13984 -767.0000000000
14004 -766.0000000000
14010 -765.0000000000
14048 -763.0000000000
14079 -762.0000000000
14116 -761.0000000000
14119 -758.0000000000
14159 -757.0000000000
14167 -756.0000000000
14196 -754.0000000000
14219 -753.0000000000
14227 -752.0000000000
14272 -750.0000000000
14303 -748.0000000000
14332 -746.0000000000
14346 -745.0000000000
14363 -744.0000000000
14386 -743.0000000000
14412 -741.0000000000
14433 -740.0000000000
14442 -739.0000000000
14487 -736.0000000000
14525 -735.0000000000
14534 -734.0000000000
14572 -733.0000000000
14633 -732.0000000000
14646 -730.0000000000
14671 -729.0000000000
14691 -728.0000000000
14724 -727.0000000000
14747 -726.0000000000
14763 -724.0000000000
14782 -723.0000000000
14813 -722.0000000000
14876 -721.0000000000
14877 -720.0000000000
14910 -719.0000000000
14922 -718.0000000000
14949 -717.0000000000
14989 -716.0000000000
15002 -715.0000000000
15034 -714.0000000000
15052 -713.0000000000
15066 -710.0000000000
15086 -709.0000000000
15133 -708.0000000000
15159 -707.0000000000
15162 -706.0000000000
15184 -705.0000000000
15192 -704.0000000000
15208 -703.0000000000
15221 -702.0000000000
15262 -701.0000000000
15284 -698.0000000000
15317 -697.0000000000
15324 -695.0000000000
15367 -694.0000000000
15389 -693.0000000000
15427 -691.0000000000
15441 -689.0000000000
15486 -688.0000000000
15491 -687.0000000000
15501 -686.0000000000
15535 -685.0000000000
15552 -683.0000000000
15586 -681.0000000000
15589 -680.0000000000
15635 -677.0000000000
15651 -676.0000000000
15674 -675.0000000000
15724 -674.0000000000
15734 -673.0000000000
15739 -672.0000000000
15780 -671.0000000000
15791 -669.0000000000
15825 -667.0000000000
15885 -665.0000000000
15902 -664.0000000000
15959 -663.0000000000
15986 -662.0000000000
16021 -660.0000000000
16028 -659.0000000000
16051 -657.0000000000
16088 -656.0000000000
16124 -655.0000000000
16155 -654.0000000000
16182 -653.0000000000
16226 -652.0000000000
16259 -651.0000000000
16291 -650.0000000000
16321 -649.0000000000
16375 -648.0000000000
16376 -647.0000000000
16416 -646.0000000000
16463 -645.0000000000
16478 -644.0000000000
16503 -643.0000000000
16539 -642.0000000000
16551 -641.0000000000
16556 -639.0000000000
16599 -638.0000000000
16610 -637.0000000000
16632 -635.0000000000
16668 -634.0000000000
16686 -632.0000000000
16739 -630.0000000000
16771 -629.0000000000
16804 -628.0000000000
16822 -627.0000000000
16832 -626.0000000000
16854 -625.0000000000
16882 -624.0000000000
16886 -623.0000000000
16924 -622.0000000000
16942 -621.0000000000
16963 -620.0000000000
16998 -619.0000000000
17003 -617.0000000000
17036 -614.0000000000
17092 -610.0000000000
17112 -609.0000000000
17147 -607.0000000000
17182 -605.0000000000
17228 -604.0000000000
17264 -602.0000000000
17290 -601.0000000000
17319 -600.0000000000
17348 -599.0000000000
17366 -598.0000000000
17422 -594.0000000000
17486 -593.0000000000
17504 -592.0000000000
17547 -591.0000000000
17561 -590.0000000000
17590 -588.0000000000
17629 -586.0000000000
17644 -585.0000000000
17703 -583.0000000000
17722 -582.0000000000
17731 -581.0000000000
17764 -580.0000000000
17811 -579.0000000000
17825 -578.0000000000
17872 -576.0000000000
17910 -575.0000000000
17945 -573.0000000000
17980 -572.0000000000
17999 -571.0000000000
18009 -570.0000000000
18046 -569.0000000000
18068 -568.0000000000
18079 -567.0000000000
18081 -566.0000000000
18104 -565.0000000000
18138 -564.0000000000
18202 -563.0000000000
18215 -562.0000000000
18226 -561.0000000000
18292 -560.0000000000
18323 -559.0000000000
18324 -557.0000000000
18367 -556.0000000000
18387 -555.0000000000
18418 -554.0000000000
18446 -553.0000000000
18494 -552.0000000000
18512 -551.0000000000
18545 -550.0000000000
18555 -548.0000000000
18597 -547.0000000000
18603 -546.0000000000
18651 -545.0000000000
18661 -544.0000000000
18711 -543.0000000000
18719 -542.0000000000
18726 -541.0000000000
18772 -540.0000000000
18802 -539.0000000000
18814 -538.0000000000
18840 -535.0000000000
18883 -534.0000000000
18889 -533.0000000000
18953 -532.0000000000
18971 -531.0000000000
18983 -527.0000000000
19039 -526.0000000000
19045 -525.0000000000
19066 -524.0000000000
19084 -523.0000000000
19165 -522.0000000000
19192 -521.0000000000
19212 -520.0000000000
19221 -519.0000000000
19257 -518.0000000000
19272 -517.0000000000
19308 -516.0000000000
19315 -515.0000000000
19328 -514.0000000000
19338 -513.0000000000
19378 -512.0000000000
19424 -511.0000000000
19510 -509.0000000000
19547 -508.0000000000
19564 -507.0000000000
19621 -506.0000000000
19652 -505.0000000000
19668 -504.0000000000
19703 -503.0000000000
19706 -502.0000000000
19707 -501.0000000000
19746 -500.0000000000
19786 -499.0000000000
19788 -498.0000000000
19801 -497.0000000000
19858 -496.0000000000
19881 -495.0000000000
19895 -494.0000000000
19941 -492.0000000000
20004 -491.0000000000
20036 -489.0000000000
20075 -488.0000000000
20087 -487.0000000000
20102 -486.0000000000
20139 -485.0000000000
20179 -483.0000000000
20208 -482.0000000000
20248 -481.0000000000
20313 -480.0000000000
20375 -479.0000000000
20422 -476.0000000000
20465 -475.0000000000
20490 -474.0000000000
20509 -473.0000000000
20514 -472.0000000000
20532 -471.0000000000
20567 -469.0000000000
20587 -468.0000000000
20651 -467.0000000000
20663 -466.0000000000
20678 -464.0000000000
20728 -463.0000000000
20749 -462.0000000000
20752 -461.0000000000
20781 -460.0000000000
20785 -459.0000000000
20801 -457.0000000000
20842 -456.0000000000
20868 -454.0000000000
20922 -453.0000000000
20951 -452.0000000000
20972 -451.0000000000
21022 -450.0000000000
21054 -449.0000000000
21087 -448.0000000000
21130 -447.0000000000
21144 -446.0000000000
21186 -445.0000000000
21228 -444.0000000000
21244 -443.0000000000
21317 -442.0000000000
21325 -441.0000000000
21382 -440.0000000000
21444 -439.0000000000
21459 -438.0000000000
21489 -437.0000000000
21551 -436.0000000000
21563 -435.0000000000
21592 -434.0000000000
21606 -433.0000000000
21623 -432.0000000000
21625 -431.0000000000
21645 -430.0000000000
21660 -429.0000000000
21677 -428.0000000000
21688 -427.0000000000
21726 -426.0000000000
21727 -425.0000000000
21740 -424.0000000000
21783 -423.0000000000
21813 -421.0000000000
21815 -420.0000000000
21840 -419.0000000000
21930 -418.0000000000
21953 -417.0000000000
21987 -416.0000000000
21992 -415.0000000000
22046 -414.0000000000
22081 -413.0000000000
22091 -411.0000000000
22123 -409.0000000000
22142 -408.0000000000
22200 -407.0000000000
22203 -406.0000000000
22270 -405.0000000000
22313 -404.0000000000
22351 -403.0000000000
22362 -402.0000000000
22385 -401.0000000000
22404 -400.0000000000
22450 -399.0000000000
22498 -398.0000000000
22502 -397.0000000000
22526 -396.0000000000
22530 -395.0000000000
22560 -394.0000000000
22581 -393.0000000000
22599 -392.0000000000
22640 -391.0000000000
22646 -390.0000000000
22695 -389.0000000000
22719 -388.0000000000
22766 -387.0000000000
22814 -386.0000000000
22856 -385.0000000000
22900 -384.0000000000
22918 -383.0000000000
22943 -382.0000000000
22974 -381.0000000000
23021 -380.0000000000
23065 -379.0000000000
23114 -378.0000000000
23121 -377.0000000000
23146 -376.0000000000
23185 -375.0000000000
23202 -374.0000000000
23244 -373.0000000000
23283 -372.0000000000
23307 -371.0000000000
23330 -370.0000000000
23353 -369.0000000000
23363 -368.0000000000
23397 -367.0000000000
23452 -366.0000000000
23480 -365.0000000000
23496 -364.0000000000
23512 -363.0000000000
23540 -362.0000000000
23594 -361.0000000000
23624 -358.0000000000
23671 -357.0000000000
23702 -355.0000000000
23751 -353.0000000000
23801 -352.0000000000
23809 -351.0000000000
23832 -350.0000000000
23906 -349.0000000000
23923 -348.0000000000
23950 -346.0000000000
24064 -344.0000000000
24125 -343.0000000000
24157 -342.0000000000
24187 -340.0000000000
24244 -339.0000000000
24298 -338.0000000000
24332 -337.0000000000
24346 -335.0000000000
24373 -334.0000000000
24473 -333.0000000000
24486 -332.0000000000
24523 -331.0000000000
24593 -329.0000000000
24670 -328.0000000000
24738 -327.0000000000
24748 -326.0000000000
24763 -325.0000000000
24789 -324.0000000000
24803 -323.0000000000
24831 -322.0000000000
24872 -321.0000000000
24948 -319.0000000000
24966 -318.0000000000
25015 -317.0000000000
25060 -316.0000000000
25109 -315.0000000000
25124 -314.0000000000
25155 -313.0000000000
25161 -312.0000000000
25190 -311.0000000000
25215 -310.0000000000
25237 -309.0000000000
25285 -308.0000000000
25329 -307.0000000000
25382 -306.0000000000
25496 -305.0000000000
25541 -304.0000000000
25543 -303.0000000000
25651 -302.0000000000
25744 -301.0000000000
25814 -300.0000000000
25885 -299.0000000000
25934 -298.0000000000
25950 -297.0000000000
25992 -296.0000000000
26033 -294.0000000000
26041 -293.0000000000
26131 -292.0000000000
26190 -291.0000000000
26211 -290.0000000000
26223 -288.0000000000
26238 -287.0000000000
26299 -286.0000000000
26323 -285.0000000000
26326 -283.0000000000
26382 -282.0000000000
26431 -281.0000000000
26483 -279.0000000000
26521 -278.0000000000
26576 -277.0000000000
26628 -276.0000000000
26645 -275.0000000000
26745 -274.0000000000
26801 -273.0000000000
26843 -272.0000000000
26853 -271.0000000000
26890 -270.0000000000
26922 -269.0000000000
26966 -268.0000000000
27026 -267.0000000000
27059 -266.0000000000
27074 -265.0000000000
27156 -264.0000000000
27170 -263.0000000000
27204 -262.0000000000
27225 -261.0000000000
27273 -260.0000000000
27290 -259.0000000000
27332 -258.0000000000
27378 -257.0000000000
27424 -256.0000000000
27473 -255.0000000000
27494 -254.0000000000
27527 -253.0000000000
27591 -252.0000000000
27624 -251.0000000000
27641 -248.0000000000
27737 -247.0000000000
27758 -246.0000000000
27815 -245.0000000000
27876 -244.0000000000
27889 -243.0000000000
27919 -242.0000000000
27986 -241.0000000000
27993 -240.0000000000
28047 -239.0000000000
28121 -238.0000000000
28176 -237.0000000000
28192 -236.0000000000
28285 -235.0000000000
28320 -234.0000000000
28412 -233.0000000000
28442 -232.0000000000
28483 -231.0000000000
28523 -230.0000000000
28577 -229.0000000000
28607 -228.0000000000
28630 -227.0000000000
28710 -226.0000000000
28770 -225.0000000000
28792 -224.0000000000
28831 -223.0000000000
28832 -222.0000000000
28846 -221.0000000000
28907 -220.0000000000
28966 -218.0000000000
28984 -216.0000000000
29062 -214.0000000000
29098 -212.0000000000
29158 -211.0000000000
29220 -209.0000000000
29251 -208.0000000000
29274 -207.0000000000
29303 -206.0000000000
29353 -205.0000000000
29376 -204.0000000000
29409 -203.0000000000
29426 -202.0000000000
29521 -201.0000000000
29524 -200.0000000000
29549 -199.0000000000
29614 -198.0000000000
29616 -197.0000000000
29665 -196.0000000000
29755 -195.0000000000
29813 -194.0000000000
29870 -193.0000000000
29890 -192.0000000000
29928 -191.0000000000
29996 -190.0000000000
30046 -189.0000000000
30067 -188.0000000000
30096 -187.0000000000
30104 -186.0000000000
30149 -185.0000000000
30179 -184.0000000000
30289 -182.0000000000
30348 -181.0000000000
30399 -180.0000000000
30464 -179.0000000000
30512 -178.0000000000
30524 -177.0000000000
30569 -175.0000000000
30636 -174.0000000000
30663 -173.0000000000
30665 -172.0000000000
30741 -171.0000000000
30744 -170.0000000000
30789 -169.0000000000
30839 -168.0000000000
30880 -167.0000000000
30985 -166.0000000000
31024 -165.0000000000
31031 -164.0000000000
31075 -163.0000000000
31104 -162.0000000000
31159 -161.0000000000
31206 -160.0000000000
31322 -159.0000000000
31385 -158.0000000000
31443 -157.0000000000
31462 -156.0000000000
31507 -155.0000000000
31512 -154.0000000000
31568 -153.0000000000
31703 -152.0000000000
31786 -151.0000000000
31837 -150.0000000000
31844 -149.0000000000
31892 -148.0000000000
31973 -147.0000000000
31993 -146.0000000000
32029 -145.0000000000
32105 -144.0000000000
32126 -143.0000000000
32161 -142.0000000000
32289 -141.0000000000
32360 -140.0000000000
32372 -139.0000000000
32427 -138.0000000000
32464 -137.0000000000
32510 -136.0000000000
32558 -135.0000000000
32622 -134.0000000000
32728 -133.0000000000
32800 -132.0000000000
32867 -131.0000000000
32970 -130.0000000000
33059 -129.0000000000
33153 -128.0000000000
33196 -127.0000000000
33262 -126.0000000000
33356 -125.0000000000
33453 -124.0000000000
33783 -123.0000000000
33839 -122.0000000000
33891 -121.0000000000
33973 -120.0000000000
34063 -119.0000000000
34165 -118.0000000000
34248 -117.0000000000
34312 -116.0000000000
34329 -115.0000000000
34373 -114.0000000000
34423 -113.0000000000
34564 -112.0000000000
34601 -111.0000000000
34641 -110.0000000000
34699 -109.0000000000
34759 -108.0000000000
34798 -107.0000000000
34986 -106.0000000000
35014 -105.0000000000
35155 -104.0000000000
35189 -103.0000000000
35244 -102.0000000000
35278 -101.0000000000
35314 -100.0000000000
35344 -99.0000000000
35469 -97.0000000000
35562 -96.0000000000
35623 -95.0000000000
35658 -94.0000000000
35704 -93.0000000000
35721 -92.0000000000
35797 -91.0000000000
35905 -90.0000000000
36045 -89.0000000000
36181 -88.0000000000
36224 -87.0000000000
36263 -86.0000000000
36598 -85.0000000000
36859 -84.0000000000
36882 -83.0000000000
36967 -82.0000000000
37022 -81.0000000000
37133 -80.0000000000
37227 -79.0000000000
37489 -78.0000000000
37830 -77.0000000000
37905 -76.0000000000
37946 -75.0000000000
38045 -74.0000000000
38081 -73.0000000000
38177 -72.0000000000
38260 -71.0000000000
38288 -70.0000000000
38382 -69.0000000000
38508 -68.0000000000
38640 -67.0000000000
38655 -66.0000000000
38762 -65.0000000000
38779 -64.0000000000
38821 -63.0000000000
38916 -62.0000000000
39007 -61.0000000000
39101 -60.0000000000
39129 -59.0000000000
39142 -58.0000000000
39390 -57.0000000000
39447 -56.0000000000
39505 -55.0000000000
39629 -54.0000000000
39798 -53.0000000000
39840 -52.0000000000
39863 -51.0000000000
39986 -50.0000000000
40136 -49.0000000000
40462 -48.0000000000
40784 -47.0000000000
41288 -46.0000000000
41386 -45.0000000000
41444 -44.0000000000
41476 -43.0000000000
41491 -42.0000000000
41587 -41.0000000000
41707 -40.0000000000
41810 -39.0000000000
41901 -38.0000000000
41978 -37.0000000000
42179 -36.0000000000
42219 -35.0000000000
42238 -34.0000000000
42361 -33.0000000000
42428 -32.0000000000
42735 -31.0000000000
42799 -30.0000000000
42868 -29.0000000000
42882 -28.0000000000
43019 -27.0000000000
43170 -26.0000000000
43236 -25.0000000000
43539 -24.0000000000
43724 -23.0000000000
43784 -22.0000000000
43862 -21.0000000000
43991 -20.0000000000
44167 -19.0000000000
44476 -18.0000000000
44544 -17.0000000000
44724 -16.0000000000
44833 -15.0000000000
44959 -14.0000000000
45051 -13.0000000000
45152 -12.0000000000
45184 -11.0000000000
45343 -10.0000000000
45460 -9.0000000000
45626 -8.0000000000
45712 -7.0000000000
45765 -6.0000000000
46302 -5.0000000000
46376 -4.0000000000
46442 -3.0000000000
46510 -2.0000000000
46679 -1.0000000000
46726 298.0900000000
46745 300.9500000000
46758 321.2000000000
46798 327.6700000000
47092 332.4400000000
47161 342.0500000000
47613 343.0000000000
48561 345.3000000000
48810 347.3300000000
49976 348.6400000000
50943 356.6600000000
54109 414.5700000000
54136 433.1700000000
54173 441.8100000000
54211 442.2100000000
54233 445.9100000000
54265 453.0000000000
54282 455.9100000000
54312 462.3600000000
54342 466.0700000000
54817 473.7900000000
56973 475.0100000000
57505 475.4100000000
57560 477.9500000000
57642 481.7800000000
58290 481.9300000000
58470 484.7100000000
58635 486.1100000000
58735 493.3900000000
59184 525.1000000000
59226 539.1700000000
59227 539.2100000000
59233 541.0700000000
59248 544.0700000000
59277 545.2600000000
59290 550.7200000000
59365 551.4000000000
59424 551.8200000000
59512 552.2400000000
59567 552.8000000000
59701 557.1400000000
59742 559.6300000000
60031 563.3500000000
60431 564.9500000000
61122 650.0200000000
61160 654.6100000000
61194 662.5400000000
61325 673.0400000000
61344 684.0100000000
61367 686.4900000000
61604 697.7200000000
63002 698.0500000000
63448 702.7800000000
63661 708.5100000000
63853 713.9300000000
65114 820.5000000000
65250 830.6100000000
65307 834.9800000000
65407 835.5000000000
65497 841.2400000000
66297 841.2900000000
67010 842.3600000000
68068 847.6400000000
69014 850.0300000000
69312 850.5400000000
69338 853.5200000000
69433 854.9900000000
69434 860.9200000000
70006 868.2600000000
72063 878.3300000000
100000 -1.0000000000
