evaluations raw_y
1 -1874.0000000000
13 -1856.0000000000
25 -1850.0000000000
46 -1846.0000000000
57 -1824.0000000000
61 -1770.0000000000
102 -1768.0000000000
122 -1763.0000000000
127 -1760.0000000000
135 -1757.0000000000
141 -1745.0000000000
150 -1742.0000000000
167 -1740.0000000000
171 -1735.0000000000
189 -1733.0000000000
196 -1726.0000000000
218 -1721.0000000000
222 -1711.0000000000
234 -1710.0000000000
258 -1703.0000000000
264 -1697.0000000000
287 -1696.0000000000
291 -1685.0000000000
317 -1683.0000000000
326 -1681.0000000000
339 -1680.0000000000
340 -1672.0000000000
344 -1671.0000000000
348 -1670.0000000000
365 -1669.0000000000
383 -1658.0000000000
416 -1655.0000000000
423 -1653.0000000000
439 -1648.0000000000
460 -1646.0000000000
464 -1642.0000000000
481 -1640.0000000000
504 -1639.0000000000
508 -1638.0000000000
512 -1637.0000000000
521 -1636.0000000000
523 -1635.0000000000
548 -1633.0000000000
570 -1629.0000000000
584 -1627.0000000000
585 -1626.0000000000
611 -1623.0000000000
624 -1620.0000000000
647 -1618.0000000000
665 -1614.0000000000
690 -1609.0000000000
725 -1608.0000000000
737 -1607.0000000000
738 -1604.0000000000
753 -1602.0000000000
786 -1601.0000000000
803 -1600.0000000000
805 -1599.0000000000
812 -1597.0000000000
841 -1596.0000000000
847 -1593.0000000000
860 -1592.0000000000
883 -1589.0000000000
915 -1585.0000000000
922 -1584.0000000000
932 -1582.0000000000
971 -1581.0000000000
990 -1580.0000000000
1004 -1579.0000000000
1005 -1578.0000000000
1024 -1575.0000000000
1066 -1574.0000000000
1084 -1573.0000000000
1093 -1572.0000000000
1108 -1571.0000000000
1122 -1570.0000000000
1124 -1569.0000000000
1139 -1568.0000000000
1151 -1565.0000000000
1170 -1564.0000000000
1180 -1563.0000000000
1206 -1559.0000000000
1223 -1558.0000000000
1245 -1557.0000000000
1257 -1556.0000000000
1289 -1555.0000000000
1300 -1554.0000000000
1308 -1553.0000000000
1322 -1552.0000000000
1343 -1551.0000000000
1362 -1550.0000000000
1388 -1548.0000000000
1395 -1547.0000000000
1414 -1545.0000000000
1428 -1544.0000000000
1447 -1543.0000000000
1476 -1542.0000000000
1489 -1541.0000000000
1505 -1540.0000000000
1524 -1539.0000000000
1530 -1537.0000000000
1564 -1536.0000000000
1576 -1534.0000000000
1584 -1532.0000000000
1627 -1531.0000000000
1643 -1530.0000000000
1662 -1529.0000000000
1669 -1528.0000000000
1683 -1527.0000000000
1690 -1524.0000000000
1704 -1523.0000000000
1722 -1522.0000000000
1727 -1521.0000000000
1746 -1518.0000000000
1773 -1517.0000000000
1782 -1516.0000000000
1795 -1515.0000000000
1819 -1513.0000000000
1841 -1512.0000000000
1842 -1511.0000000000
1868 -1510.0000000000
1875 -1509.0000000000
1892 -1507.0000000000
1901 -1503.0000000000
1927 -1502.0000000000
1956 -1501.0000000000
1968 -1500.0000000000
1980 -1499.0000000000
2003 -1496.0000000000
2017 -1495.0000000000
2033 -1494.0000000000
2041 -1493.0000000000
2082 -1491.0000000000
2088 -1489.0000000000
2104 -1488.0000000000
2128 -1486.0000000000
2143 -1485.0000000000
2165 -1484.0000000000
2186 -1482.0000000000
2208 -1481.0000000000
2234 -1477.0000000000
2265 -1476.0000000000
2278 -1475.0000000000
2288 -1472.0000000000
2335 -1470.0000000000
2346 -1467.0000000000
2375 -1466.0000000000
2381 -1465.0000000000
2387 -1464.0000000000
2403 -1463.0000000000
2423 -1462.0000000000
2441 -1459.0000000000
2461 -1458.0000000000
2486 -1456.0000000000
2519 -1455.0000000000
2522 -1454.0000000000
2533 -1452.0000000000
2550 -1448.0000000000
2580 -1447.0000000000
2605 -1446.0000000000
2617 -1445.0000000000
2624 -1444.0000000000
2647 -1443.0000000000
2666 -1442.0000000000
2676 -1441.0000000000
2701 -1440.0000000000
2721 -1439.0000000000
2735 -1438.0000000000
2753 -1437.0000000000
2762 -1435.0000000000
2799 -1434.0000000000
2800 -1433.0000000000
2820 -1432.0000000000
2842 -1431.0000000000
2861 -1429.0000000000
2894 -1428.0000000000
2899 -1427.0000000000
2910 -1426.0000000000
2949 -1424.0000000000
2978 -1423.0000000000
2984 -1422.0000000000
2989 -1421.0000000000
3000 -1420.0000000000
3004 -1419.0000000000
3021 -1418.0000000000
3033 -1417.0000000000
3042 -1414.0000000000
3055 -1412.0000000000
3092 -1411.0000000000
3101 -1409.0000000000
3125 -1408.0000000000
3126 -1407.0000000000
3142 -1405.0000000000
3162 -1402.0000000000
3197 -1401.0000000000
3201 -1400.0000000000
3217 -1398.0000000000
3221 -1395.0000000000
3242 -1394.0000000000
3266 -1393.0000000000
3276 -1391.0000000000
3284 -1390.0000000000
3294 -1389.0000000000
3306 -1386.0000000000
3324 -1384.0000000000
3353 -1383.0000000000
3366 -1380.0000000000
3411 -1377.0000000000
3415 -1376.0000000000
3450 -1375.0000000000
3451 -1373.0000000000
3462 -1372.0000000000
3500 -1371.0000000000
3511 -1370.0000000000
3524 -1369.0000000000
3545 -1368.0000000000
3547 -1367.0000000000
3561 -1366.0000000000
3582 -1365.0000000000
3602 -1364.0000000000
3622 -1362.0000000000
3650 -1360.0000000000
3664 -1359.0000000000
3685 -1358.0000000000
3706 -1357.0000000000
3709 -1356.0000000000
3729 -1355.0000000000
3748 -1353.0000000000
3764 -1351.0000000000
3793 -1350.0000000000
3810 -1349.0000000000
3820 -1347.0000000000
3862 -1345.0000000000
3875 -1343.0000000000
3922 -1342.0000000000
3951 -1340.0000000000
3960 -1339.0000000000
3988 -1338.0000000000
3989 -1337.0000000000
4005 -1335.0000000000
4035 -1334.0000000000
4041 -1332.0000000000
4045 -1330.0000000000
4065 -1328.0000000000
4105 -1326.0000000000
4122 -1325.0000000000
4149 -1324.0000000000
4167 -1322.0000000000
4203 -1319.0000000000
4236 -1318.0000000000
4248 -1316.0000000000
4262 -1313.0000000000
4282 -1312.0000000000
4291 -1311.0000000000
4301 -1310.0000000000
4321 -1309.0000000000
4327 -1308.0000000000
4343 -1304.0000000000
4374 -1303.0000000000
4385 -1302.0000000000
4402 -1301.0000000000
4414 -1300.0000000000
4421 -1299.0000000000
4445 -1297.0000000000
4468 -1296.0000000000
4478 -1294.0000000000
4484 -1291.0000000000
4510 -1289.0000000000
4534 -1288.0000000000
4541 -1287.0000000000
4580 -1286.0000000000
4581 -1285.0000000000
4589 -1284.0000000000
4601 -1281.0000000000
4616 -1280.0000000000
4624 -1278.0000000000
4677 -1277.0000000000
4690 -1276.0000000000
4702 -1274.0000000000
4711 -1273.0000000000
4730 -1270.0000000000
4770 -1269.0000000000
4810 -1267.0000000000
4836 -1266.0000000000
4849 -1264.0000000000
4863 -1263.0000000000
4901 -1262.0000000000
4907 -1260.0000000000
4923 -1258.0000000000
4942 -1257.0000000000
4968 -1255.0000000000
4983 -1254.0000000000
5016 -1253.0000000000
5032 -1252.0000000000
5038 -1250.0000000000
5072 -1249.0000000000
5104 -1245.0000000000
5161 -1243.0000000000
5170 -1242.0000000000
5182 -1240.0000000000
5220 -1238.0000000000
5242 -1236.0000000000
5271 -1235.0000000000
5291 -1234.0000000000
5305 -1233.0000000000
5325 -1232.0000000000
5338 -1231.0000000000
5350 -1229.0000000000
5370 -1227.0000000000
5399 -1226.0000000000
5403 -1225.0000000000
5428 -1223.0000000000
5451 -1222.0000000000
5464 -1220.0000000000
5467 -1218.0000000000
5484 -1217.0000000000
5509 -1216.0000000000
5521 -1214.0000000000
5566 -1212.0000000000
5585 -1209.0000000000
5616 -1208.0000000000
5624 -1206.0000000000
5647 -1204.0000000000
5690 -1203.0000000000
5704 -1202.0000000000
5718 -1201.0000000000
5727 -1200.0000000000
5742 -1199.0000000000
5744 -1198.0000000000
5774 -1197.0000000000
5781 -1195.0000000000
5818 -1194.0000000000
5824 -1193.0000000000
5843 -1190.0000000000
5867 -1188.0000000000
5902 -1187.0000000000
5927 -1184.0000000000
5943 -1183.0000000000
5950 -1182.0000000000
5971 -1181.0000000000
5981 -1180.0000000000
5988 -1178.0000000000
6017 -1177.0000000000
6024 -1176.0000000000
6060 -1175.0000000000
6072 -1173.0000000000
6104 -1172.0000000000
6105 -1171.0000000000
6121 -1170.0000000000
6124 -1169.0000000000
6131 -1168.0000000000
6141 -1167.0000000000
6163 -1166.0000000000
6182 -1165.0000000000
6183 -1163.0000000000
6193 -1162.0000000000
6203 -1161.0000000000
6228 -1158.0000000000
6257 -1156.0000000000
6283 -1155.0000000000
6285 -1154.0000000000
6305 -1153.0000000000
6308 -1151.0000000000
6331 -1150.0000000000
6344 -1148.0000000000
6381 -1147.0000000000
6384 -1146.0000000000
6401 -1145.0000000000
6409 -1144.0000000000
6427 -1143.0000000000
6433 -1142.0000000000
6442 -1141.0000000000
6460 -1140.0000000000
6463 -1139.0000000000
6482 -1138.0000000000
6521 -1136.0000000000
6549 -1132.0000000000
6572 -1131.0000000000
6601 -1130.0000000000
6641 -1128.0000000000
6648 -1125.0000000000
6676 -1124.0000000000
6684 -1123.0000000000
6687 -1121.0000000000
6728 -1120.0000000000
6742 -1119.0000000000
6744 -1116.0000000000
6789 -1115.0000000000
6791 -1114.0000000000
6820 -1112.0000000000
6826 -1110.0000000000
6845 -1109.0000000000
6850 -1108.0000000000
6870 -1106.0000000000
6897 -1103.0000000000
6941 -1102.0000000000
6945 -1101.0000000000
6967 -1100.0000000000
6984 -1099.0000000000
7002 -1096.0000000000
7043 -1095.0000000000
7078 -1094.0000000000
7095 -1093.0000000000
7102 -1092.0000000000
7112 -1091.0000000000
7127 -1090.0000000000
7129 -1089.0000000000
7160 -1084.0000000000
7187 -1083.0000000000
7202 -1082.0000000000
7241 -1081.0000000000
7254 -1080.0000000000
7283 -1079.0000000000
7287 -1078.0000000000
7303 -1077.0000000000
7311 -1076.0000000000
7339 -1074.0000000000
7345 -1071.0000000000
7385 -1070.0000000000
7423 -1069.0000000000
7425 -1068.0000000000
7459 -1067.0000000000
7484 -1066.0000000000
7505 -1065.0000000000
7528 -1063.0000000000
7567 -1061.0000000000
7594 -1059.0000000000
7634 -1058.0000000000
7665 -1057.0000000000
7677 -1056.0000000000
7689 -1055.0000000000
7722 -1054.0000000000
7737 -1053.0000000000
7743 -1052.0000000000
7745 -1051.0000000000
7786 -1049.0000000000
7805 -1048.0000000000
7835 -1047.0000000000
7842 -1046.0000000000
7850 -1043.0000000000
7899 -1041.0000000000
7922 -1039.0000000000
7963 -1038.0000000000
7973 -1037.0000000000
7991 -1036.0000000000
8013 -1035.0000000000
8014 -1034.0000000000
8024 -1031.0000000000
8077 -1027.0000000000
8098 -1026.0000000000
8137 -1023.0000000000
8148 -1021.0000000000
8170 -1020.0000000000
8184 -1019.0000000000
8187 -1018.0000000000
8224 -1017.0000000000
8265 -1016.0000000000
8276 -1015.0000000000
8303 -1013.0000000000
8347 -1012.0000000000
8363 -1011.0000000000
8364 -1009.0000000000
8382 -1008.0000000000
8403 -1007.0000000000
8449 -1005.0000000000
8451 -1004.0000000000
8463 -1002.0000000000
8513 -1001.0000000000
8515 -1000.0000000000
8521 -999.0000000000
8561 -998.0000000000
8582 -997.0000000000
8600 -996.0000000000
8622 -994.0000000000
8667 -993.0000000000
8672 -992.0000000000
8685 -991.0000000000
8701 -990.0000000000
8721 -989.0000000000
8747 -986.0000000000
8776 -985.0000000000
8785 -984.0000000000
8841 -983.0000000000
8863 -981.0000000000
8875 -980.0000000000
8891 -978.0000000000
8921 -977.0000000000
8955 -975.0000000000
8969 -974.0000000000
8988 -973.0000000000
9000 -972.0000000000
9002 -971.0000000000
9025 -970.0000000000
9036 -968.0000000000
9070 -966.0000000000
9087 -964.0000000000
9118 -962.0000000000
9121 -961.0000000000
9149 -959.0000000000
9161 -958.0000000000
9192 -957.0000000000
9204 -956.0000000000
9243 -955.0000000000
9261 -954.0000000000
9272 -953.0000000000
9274 -952.0000000000
9283 -951.0000000000
9305 -950.0000000000
9315 -949.0000000000
9325 -948.0000000000
9352 -947.0000000000
9354 -945.0000000000
9383 -944.0000000000
9421 -943.0000000000
9422 -941.0000000000
9447 -938.0000000000
9530 -937.0000000000
9531 -936.0000000000
9535 -935.0000000000
9544 -933.0000000000
9608 -932.0000000000
9622 -931.0000000000
9641 -929.0000000000
9660 -928.0000000000
9677 -927.0000000000
9681 -926.0000000000
9690 -925.0000000000
9726 -924.0000000000
9745 -921.0000000000
9783 -919.0000000000
9813 -918.0000000000
9848 -917.0000000000
9864 -914.0000000000
9913 -913.0000000000
9964 -912.0000000000
9972 -911.0000000000
9982 -910.0000000000
10021 -908.0000000000
10046 -907.0000000000
10065 -906.0000000000
10099 -905.0000000000
10105 -904.0000000000
10127 -903.0000000000
10133 -902.0000000000
10153 -901.0000000000
10166 -899.0000000000
10194 -898.0000000000
10202 -897.0000000000
10233 -896.0000000000
10248 -895.0000000000
10283 -893.0000000000
10303 -892.0000000000
10329 -890.0000000000
10394 -888.0000000000
10429 -887.0000000000
10447 -886.0000000000
10476 -885.0000000000
10481 -883.0000000000
10522 -881.0000000000
10528 -880.0000000000
10556 -879.0000000000
10561 -878.0000000000
10588 -877.0000000000
10598 -875.0000000000
10641 -873.0000000000
10685 -872.0000000000
10704 -871.0000000000
10725 -870.0000000000
10727 -869.0000000000
10755 -868.0000000000
10762 -867.0000000000
10801 -866.0000000000
10818 -864.0000000000
10828 -862.0000000000
10844 -861.0000000000
10873 -859.0000000000
10891 -857.0000000000
10904 -856.0000000000
10952 -852.0000000000
10989 -850.0000000000
11031 -849.0000000000
11032 -848.0000000000
11075 -847.0000000000
11104 -843.0000000000
11147 -842.0000000000
11169 -841.0000000000
11187 -840.0000000000
11202 -839.0000000000
11219 -836.0000000000
11221 -834.0000000000
11271 -832.0000000000
11319 -830.0000000000
11341 -829.0000000000
11343 -828.0000000000
11368 -826.0000000000
11426 -825.0000000000
11437 -823.0000000000
11481 -822.0000000000
11484 -821.0000000000
11504 -820.0000000000
11510 -819.0000000000
11531 -818.0000000000
11557 -816.0000000000
11604 -815.0000000000
11620 -814.0000000000
11631 -813.0000000000
11675 -812.0000000000
11686 -811.0000000000
11716 -810.0000000000
11740 -808.0000000000
11759 -806.0000000000
11801 -805.0000000000
11809 -804.0000000000
11823 -803.0000000000
11824 -802.0000000000
11858 -801.0000000000
11864 -799.0000000000
11907 -797.0000000000
11929 -796.0000000000
11943 -795.0000000000
11968 -793.0000000000
12009 -792.0000000000
12013 -791.0000000000
12040 -790.0000000000
12041 -787.0000000000
12088 -786.0000000000
12106 -785.0000000000
12122 -784.0000000000
12135 -783.0000000000
12147 -782.0000000000
12154 -781.0000000000
12163 -779.0000000000
12185 -776.0000000000
12224 -774.0000000000
12269 -773.0000000000
12281 -772.0000000000
12296 -771.0000000000
12336 -770.0000000000
12364 -769.0000000000
12382 -768.0000000000
12403 -766.0000000000
12424 -765.0000000000
12441 -763.0000000000
12449 -762.0000000000
12488 -761.0000000000
12506 -760.0000000000
12522 -759.0000000000
12548 -756.0000000000
12582 -755.0000000000
12588 -753.0000000000
12646 -752.0000000000
12664 -751.0000000000
12688 -750.0000000000
12691 -749.0000000000
12706 -748.0000000000
12729 -747.0000000000
12741 -746.0000000000
12743 -745.0000000000
12823 -744.0000000000
12852 -743.0000000000
12854 -742.0000000000
12872 -741.0000000000
12887 -740.0000000000
12902 -738.0000000000
12921 -737.0000000000
12968 -734.0000000000
13008 -733.0000000000
13046 -732.0000000000
13060 -731.0000000000
13077 -730.0000000000
13089 -729.0000000000
13113 -728.0000000000
13128 -727.0000000000
13136 -726.0000000000
13153 -725.0000000000
13178 -724.0000000000
13188 -723.0000000000
13204 -722.0000000000
13261 -721.0000000000
13283 -720.0000000000
13302 -719.0000000000
13325 -717.0000000000
13346 -716.0000000000
13361 -714.0000000000
13384 -712.0000000000
13436 -711.0000000000
13482 -710.0000000000
13505 -709.0000000000
13516 -708.0000000000
13538 -707.0000000000
13555 -706.0000000000
13573 -704.0000000000
13603 -703.0000000000
13606 -702.0000000000
13644 -701.0000000000
13649 -699.0000000000
13688 -698.0000000000
13722 -697.0000000000
13761 -696.0000000000
13762 -695.0000000000
13774 -694.0000000000
13781 -692.0000000000
13804 -691.0000000000
13822 -690.0000000000
13867 -689.0000000000
13887 -688.0000000000
13896 -687.0000000000
13916 -686.0000000000
13932 -685.0000000000
13941 -684.0000000000
13962 -683.0000000000
13997 -682.0000000000
14015 -681.0000000000
14024 -679.0000000000
14069 -677.0000000000
14146 -676.0000000000
14156 -674.0000000000
14199 -673.0000000000
14208 -672.0000000000
14222 -671.0000000000
14237 -669.0000000000
14263 -667.0000000000
14288 -666.0000000000
14321 -665.0000000000
14345 -664.0000000000
14396 -660.0000000000
14411 -658.0000000000
14445 -655.0000000000
14489 -653.0000000000
14515 -652.0000000000
14538 -651.0000000000
14582 -650.0000000000
14603 -649.0000000000
14642 -648.0000000000
14662 -647.0000000000
14704 -646.0000000000
14744 -645.0000000000
14749 -644.0000000000
14797 -642.0000000000
14824 -641.0000000000
14834 -637.0000000000
14841 -636.0000000000
14861 -635.0000000000
14904 -634.0000000000
14913 -633.0000000000
14928 -632.0000000000
14962 -631.0000000000
14965 -630.0000000000
15023 -628.0000000000
15045 -627.0000000000
15049 -625.0000000000
15102 -624.0000000000
15107 -623.0000000000
15138 -622.0000000000
15145 -621.0000000000
15168 -620.0000000000
15182 -619.0000000000
15204 -618.0000000000
15221 -617.0000000000
15253 -616.0000000000
15254 -614.0000000000
15282 -613.0000000000
15304 -612.0000000000
15306 -611.0000000000
15344 -610.0000000000
15354 -609.0000000000
15377 -607.0000000000
15421 -606.0000000000
15455 -604.0000000000
15477 -603.0000000000
15481 -602.0000000000
15500 -601.0000000000
15514 -600.0000000000
15538 -597.0000000000
15544 -596.0000000000
15584 -595.0000000000
15588 -594.0000000000
15623 -592.0000000000
15663 -591.0000000000
15673 -590.0000000000
15711 -589.0000000000
15734 -588.0000000000
15764 -587.0000000000
15765 -586.0000000000
15787 -585.0000000000
15811 -584.0000000000
15829 -583.0000000000
15858 -582.0000000000
15894 -580.0000000000
15931 -579.0000000000
15957 -578.0000000000
15997 -576.0000000000
16049 -575.0000000000
16061 -573.0000000000
16090 -572.0000000000
16119 -571.0000000000
16159 -569.0000000000
16191 -568.0000000000
16234 -567.0000000000
16240 -565.0000000000
16261 -564.0000000000
16286 -563.0000000000
16304 -562.0000000000
16314 -561.0000000000
16341 -560.0000000000
16386 -558.0000000000
16416 -556.0000000000
16484 -555.0000000000
16527 -553.0000000000
16546 -552.0000000000
16593 -551.0000000000
16606 -550.0000000000
16622 -549.0000000000
16639 -548.0000000000
16662 -546.0000000000
16692 -544.0000000000
16723 -543.0000000000
16754 -541.0000000000
16764 -540.0000000000
16805 -539.0000000000
16861 -538.0000000000
16870 -537.0000000000
16888 -536.0000000000
16954 -535.0000000000
16965 -534.0000000000
16973 -533.0000000000
17019 -532.0000000000
17023 -529.0000000000
17065 -528.0000000000
17090 -527.0000000000
17107 -526.0000000000
17131 -525.0000000000
17156 -524.0000000000
17180 -523.0000000000
17198 -522.0000000000
17206 -521.0000000000
17225 -520.0000000000
17242 -519.0000000000
17248 -518.0000000000
17302 -515.0000000000
17342 -514.0000000000
17343 -513.0000000000
17416 -512.0000000000
17435 -511.0000000000
17455 -510.0000000000
17472 -509.0000000000
17496 -506.0000000000
17543 -505.0000000000
17563 -504.0000000000
17571 -503.0000000000
17623 -502.0000000000
17627 -500.0000000000
17681 -497.0000000000
17726 -496.0000000000
17733 -495.0000000000
17751 -494.0000000000
17791 -493.0000000000
17810 -492.0000000000
17832 -490.0000000000
17863 -489.0000000000
17881 -487.0000000000
17908 -486.0000000000
17927 -484.0000000000
17961 -483.0000000000
17987 -482.0000000000
18020 -481.0000000000
18029 -479.0000000000
18083 -478.0000000000
18107 -476.0000000000
18142 -474.0000000000
18201 -473.0000000000
18238 -472.0000000000
18281 -471.0000000000
18300 -469.0000000000
18329 -468.0000000000
18363 -467.0000000000
18377 -466.0000000000
18407 -465.0000000000
18433 -464.0000000000
18445 -463.0000000000
18452 -462.0000000000
18496 -461.0000000000
18521 -459.0000000000
18562 -458.0000000000
18593 -457.0000000000
18622 -456.0000000000
18634 -455.0000000000
18650 -454.0000000000
18703 -453.0000000000
18707 -452.0000000000
18751 -451.0000000000
18771 -450.0000000000
18789 -449.0000000000
18813 -448.0000000000
18860 -447.0000000000
18908 -446.0000000000
18915 -445.0000000000
18943 -444.0000000000
18971 -443.0000000000
18974 -442.0000000000
18990 -440.0000000000
19015 -439.0000000000
19033 -436.0000000000
19132 -435.0000000000
19194 -434.0000000000
19247 -433.0000000000
19268 -432.0000000000
19303 -430.0000000000
19350 -429.0000000000
19397 -428.0000000000
19443 -426.0000000000
19500 -425.0000000000
19503 -423.0000000000
19544 -422.0000000000
19606 -421.0000000000
19608 -418.0000000000
19667 -417.0000000000
19689 -415.0000000000
19736 -413.0000000000
19751 -412.0000000000
19777 -411.0000000000
19809 -410.0000000000
19826 -408.0000000000
19861 -407.0000000000
19907 -405.0000000000
19948 -404.0000000000
19968 -403.0000000000
19998 -402.0000000000
20025 -401.0000000000
20041 -400.0000000000
20062 -397.0000000000
20081 -396.0000000000
20128 -395.0000000000
20165 -394.0000000000
20200 -393.0000000000
20257 -392.0000000000
20295 -391.0000000000
20313 -389.0000000000
20348 -388.0000000000
20389 -385.0000000000
20487 -384.0000000000
20501 -383.0000000000
20573 -382.0000000000
20616 -381.0000000000
20650 -380.0000000000
20666 -379.0000000000
20702 -378.0000000000
20756 -377.0000000000
20761 -376.0000000000
20810 -375.0000000000
20843 -374.0000000000
20895 -373.0000000000
20907 -372.0000000000
20957 -371.0000000000
20985 -370.0000000000
21042 -368.0000000000
21088 -367.0000000000
21118 -366.0000000000
21148 -364.0000000000
21187 -363.0000000000
21221 -362.0000000000
21243 -361.0000000000
21282 -360.0000000000
21324 -359.0000000000
21350 -358.0000000000
21417 -357.0000000000
21432 -356.0000000000
21453 -355.0000000000
21518 -354.0000000000
21541 -353.0000000000
21566 -352.0000000000
21583 -351.0000000000
21621 -350.0000000000
21623 -349.0000000000
21670 -348.0000000000
21711 -347.0000000000
21745 -346.0000000000
21765 -345.0000000000
21787 -344.0000000000
21789 -343.0000000000
21843 -341.0000000000
21888 -339.0000000000
21951 -338.0000000000
21983 -337.0000000000
21993 -336.0000000000
22021 -335.0000000000
22029 -334.0000000000
22076 -332.0000000000
22109 -331.0000000000
22124 -330.0000000000
22166 -329.0000000000
22185 -328.0000000000
22196 -327.0000000000
22201 -325.0000000000
22256 -324.0000000000
22303 -323.0000000000
22307 -322.0000000000
22341 -321.0000000000
22363 -320.0000000000
22406 -319.0000000000
22449 -318.0000000000
22450 -317.0000000000
22507 -315.0000000000
22521 -314.0000000000
22561 -313.0000000000
22566 -311.0000000000
22609 -310.0000000000
22653 -309.0000000000
22674 -308.0000000000
22683 -307.0000000000
22725 -306.0000000000
22753 -305.0000000000
22755 -304.0000000000
22777 -302.0000000000
22812 -301.0000000000
22850 -300.0000000000
22917 -299.0000000000
22928 -298.0000000000
22991 -296.0000000000
23024 -295.0000000000
23093 -294.0000000000
23172 -293.0000000000
23203 -292.0000000000
23244 -290.0000000000
23279 -289.0000000000
23285 -288.0000000000
23347 -287.0000000000
23373 -286.0000000000
23389 -285.0000000000
23397 -283.0000000000
23448 -282.0000000000
23461 -281.0000000000
23501 -280.0000000000
23531 -279.0000000000
23559 -278.0000000000
23600 -277.0000000000
23634 -276.0000000000
23635 -275.0000000000
23660 -274.0000000000
23676 -273.0000000000
23708 -272.0000000000
23767 -271.0000000000
23807 -270.0000000000
23867 -269.0000000000
23885 -268.0000000000
23942 -266.0000000000
24047 -265.0000000000
24082 -264.0000000000
24131 -263.0000000000
24144 -261.0000000000
24211 -260.0000000000
24261 -259.0000000000
24301 -258.0000000000
24324 -257.0000000000
24362 -256.0000000000
24407 -255.0000000000
24434 -254.0000000000
24475 -253.0000000000
24516 -252.0000000000
24542 -251.0000000000
24579 -249.0000000000
24596 -248.0000000000
24632 -247.0000000000
24685 -246.0000000000
24700 -245.0000000000
24740 -244.0000000000
24756 -243.0000000000
24791 -242.0000000000
24797 -241.0000000000
24812 -240.0000000000
24822 -238.0000000000
24921 -237.0000000000
24971 -236.0000000000
24982 -235.0000000000
25017 -234.0000000000
25045 -232.0000000000
25095 -231.0000000000
25122 -230.0000000000
25152 -228.0000000000
25241 -226.0000000000
25329 -225.0000000000
25381 -224.0000000000
25424 -223.0000000000
25483 -222.0000000000
25505 -221.0000000000
25546 -220.0000000000
25573 -219.0000000000
25598 -217.0000000000
25645 -216.0000000000
25698 -215.0000000000
25718 -214.0000000000
25728 -213.0000000000
25796 -212.0000000000
25809 -211.0000000000
25859 -210.0000000000
25898 -209.0000000000
25933 -208.0000000000
25949 -207.0000000000
26023 -206.0000000000
26076 -205.0000000000
26102 -204.0000000000
26164 -203.0000000000
26227 -201.0000000000
26290 -200.0000000000
26329 -199.0000000000
26349 -197.0000000000
26416 -196.0000000000
26446 -195.0000000000
26562 -194.0000000000
26585 -193.0000000000
26603 -192.0000000000
26647 -191.0000000000
26683 -190.0000000000
26771 -189.0000000000
26790 -188.0000000000
26806 -187.0000000000
26826 -186.0000000000
26838 -185.0000000000
26843 -184.0000000000
26905 -182.0000000000
26922 -181.0000000000
26955 -180.0000000000
27025 -179.0000000000
27056 -178.0000000000
27115 -177.0000000000
27139 -176.0000000000
27142 -175.0000000000
27205 -174.0000000000
27248 -173.0000000000
27307 -172.0000000000
27360 -171.0000000000
27379 -170.0000000000
27445 -169.0000000000
27512 -168.0000000000
27551 -167.0000000000
27590 -166.0000000000
27641 -165.0000000000
27746 -164.0000000000
27801 -163.0000000000
27855 -162.0000000000
27873 -161.0000000000
27941 -160.0000000000
27986 -159.0000000000
28067 -158.0000000000
28081 -157.0000000000
28109 -156.0000000000
28157 -155.0000000000
28231 -154.0000000000
28293 -153.0000000000
28306 -152.0000000000
28315 -151.0000000000
28334 -149.0000000000
28396 -148.0000000000
28442 -147.0000000000
28492 -146.0000000000
28597 -145.0000000000
28680 -144.0000000000
28714 -143.0000000000
28734 -142.0000000000
28778 -141.0000000000
28803 -140.0000000000
28889 -139.0000000000
29108 -138.0000000000
29165 -137.0000000000
29271 -136.0000000000
29311 -135.0000000000
29321 -134.0000000000
29344 -133.0000000000
29364 -132.0000000000
29416 -131.0000000000
29446 -130.0000000000
29495 -129.0000000000
29527 -128.0000000000
29594 -127.0000000000
29648 -126.0000000000
29712 -125.0000000000
29783 -123.0000000000
29824 -122.0000000000
29882 -121.0000000000
29915 -120.0000000000
29973 -119.0000000000
30044 -118.0000000000
30091 -117.0000000000
30144 -116.0000000000
30205 -115.0000000000
30228 -113.0000000000
30286 -112.0000000000
30322 -111.0000000000
30389 -110.0000000000
30445 -109.0000000000
30537 -108.0000000000
30611 -107.0000000000
30665 -106.0000000000
30741 -105.0000000000
30795 -104.0000000000
30900 -103.0000000000
30998 -102.0000000000
31073 -101.0000000000
31147 -100.0000000000
31161 -99.0000000000
31213 -98.0000000000
31242 -97.0000000000
31264 -96.0000000000
31314 -94.0000000000
31593 -93.0000000000
31700 -92.0000000000
31762 -91.0000000000
31803 -90.0000000000
31841 -89.0000000000
31881 -88.0000000000
31922 -87.0000000000
31927 -86.0000000000
31976 -85.0000000000
31996 -84.0000000000
32063 -83.0000000000
32105 -82.0000000000
32133 -81.0000000000
32180 -80.0000000000
32203 -79.0000000000
32293 -78.0000000000
32332 -77.0000000000
32341 -76.0000000000
32503 -75.0000000000
32570 -74.0000000000
32613 -73.0000000000
32614 -72.0000000000
32684 -71.0000000000
32721 -70.0000000000
32782 -69.0000000000
32825 -68.0000000000
32886 -67.0000000000
32972 -66.0000000000
33043 -65.0000000000
33132 -64.0000000000
33175 -63.0000000000
33205 -62.0000000000
33278 -60.0000000000
33324 -59.0000000000
33341 -58.0000000000
33381 -57.0000000000
33430 -56.0000000000
33487 -55.0000000000
33528 -54.0000000000
33562 -53.0000000000
33563 -52.0000000000
33596 -51.0000000000
33689 -50.0000000000
33814 -49.0000000000
33876 -48.0000000000
33886 -47.0000000000
33962 -46.0000000000
34021 -45.0000000000
34095 -44.0000000000
34126 -43.0000000000
34137 -41.0000000000
34195 -40.0000000000
34244 -39.0000000000
34302 -37.0000000000
34382 -36.0000000000
34451 -35.0000000000
34509 -34.0000000000
34569 -32.0000000000
34641 -31.0000000000
34732 -30.0000000000
34826 -29.0000000000
34828 -28.0000000000
34877 -27.0000000000
34964 -26.0000000000
35065 -25.0000000000
35098 -24.0000000000
35197 -23.0000000000
35210 -22.0000000000
35232 -21.0000000000
35340 -20.0000000000
35365 -19.0000000000
35508 -18.0000000000
35592 -17.0000000000
35618 -16.0000000000
35678 -15.0000000000
35696 -14.0000000000
35722 -13.0000000000
35920 -12.0000000000
35972 -11.0000000000
36187 -10.0000000000
36266 -9.0000000000
36362 -8.0000000000
36381 -7.0000000000
36704 -6.0000000000
36756 -5.0000000000
37186 -4.0000000000
37277 -3.0000000000
37381 -2.0000000000
37758 -1.0000000000
37856 594.6500000000
37863 602.3700000000
37874 604.3600000000
37880 618.3800000000
37884 621.4400000000
37912 641.1900000000
37924 642.7200000000
39448 646.6900000000
39719 650.1000000000
39764 651.5000000000
50913 652.7800000000
56602 655.0400000000
61221 663.1000000000
88362 714.2700000000
88485 714.5700000000
88502 726.9400000000
88732 729.9200000000
89198 732.3400000000
89829 732.5300000000
91732 738.6600000000
100000 -1.0000000000
