evaluations raw_y
1 21.5100000000
4 27.5300000000
5 137.2600000000
6 150.6600000000
7 162.0300000000
8 165.1300000000
9 171.3800000000
10 185.1700000000
11 186.0000000000
12 187.1900000000
3125 187.9300000000
3126 196.3700000000
6956 196.7600000000
6957 210.7900000000
10000 -1.0000000000
evaluations raw_y
1 4.6600000000
2 20.7400000000
3 28.2300000000
4 31.2600000000
5 41.7600000000
6 46.5700000000
7 61.6500000000
8 65.6900000000
9 84.6000000000
10 103.9600000000
3166 106.7000000000
3167 110.5600000000
10000 -1.0000000000
evaluations raw_y
1 16.5700000000
2 16.8200000000
3 36.9500000000
9 42.6400000000
12 61.2300000000
13 62.3300000000
14 75.6400000000
15 80.4500000000
16 81.5100000000
17 91.9400000000
1208 92.5600000000
1211 97.6500000000
1841 105.1500000000
1844 106.2400000000
10000 -1.0000000000
evaluations raw_y
1 3.4700000000
2 18.7400000000
5 28.8800000000
6 40.7900000000
7 44.6500000000
8 64.4400000000
9 84.1200000000
16 97.3600000000
17 97.8500000000
18 100.5400000000
2024 105.0300000000
2028 114.9900000000
2808 124.0100000000
2810 125.8600000000
10000 -1.0000000000
evaluations raw_y
1 20.7800000000
2 30.4100000000
3 44.2900000000
5 46.2000000000
6 65.4300000000
7 74.0100000000
11 82.3200000000
13 89.5800000000
21 91.5900000000
22 97.3100000000
10000 -1.0000000000
evaluations raw_y
1 7.2500000000
3 19.6400000000
4 28.1800000000
5 30.8400000000
6 50.6100000000
7 53.0300000000
8 56.7100000000
9 57.9300000000
10 79.2400000000
11 85.4300000000
708 90.7200000000
710 97.4100000000
6153 102.5700000000
6155 116.5600000000
10000 -1.0000000000
evaluations raw_y
1 7.2600000000
3 13.0500000000
4 19.5000000000
5 33.5500000000
6 39.6200000000
7 51.4200000000
10 55.7200000000
11 65.6100000000
12 66.0300000000
13 76.3200000000
10000 -1.0000000000
evaluations raw_y
1 1.7800000000
2 14.2100000000
3 20.8400000000
4 33.1500000000
5 37.2400000000
6 40.9600000000
8 42.4200000000
9 49.0500000000
11 68.2100000000
12 77.6700000000
10000 -1.0000000000
evaluations raw_y
1 3.8300000000
2 7.8600000000
3 8.7400000000
4 12.9700000000
5 25.9400000000
6 32.4500000000
8 33.6200000000
9 49.4100000000
10 51.5700000000
11 59.9700000000
2012 62.4200000000
2013 74.5700000000
2842 77.1800000000
2845 79.5700000000
10000 -1.0000000000
evaluations raw_y
1 17.0200000000
2 19.8200000000
3 27.9100000000
4 38.3300000000
6 45.0400000000
7 46.2800000000
8 55.7900000000
11 63.4800000000
12 74.7700000000
13 88.8000000000
10000 -1.0000000000
evaluations raw_y
1 10.2000000000
2 19.4600000000
3 25.9100000000
4 26.7800000000
5 46.6800000000
6 67.7300000000
8 69.2200000000
10 72.6400000000
12 80.6800000000
17 83.0000000000
290 89.1700000000
292 102.9900000000
10000 -1.0000000000
evaluations raw_y
1 15.6800000000
2 33.3100000000
3 45.4500000000
4 48.4400000000
5 55.1000000000
7 67.3300000000
9 86.3100000000
11 91.3900000000
13 102.5700000000
14 110.9700000000
1100 111.0100000000
1101 122.8900000000
10000 -1.0000000000
evaluations raw_y
1 13.2600000000
2 20.2600000000
3 25.1100000000
4 28.6000000000
5 33.5300000000
6 62.2300000000
7 64.1900000000
8 73.4900000000
10 80.3300000000
11 87.1800000000
1477 90.6300000000
1481 97.8400000000
2431 106.3200000000
2432 107.3500000000
9192 108.0200000000
9193 115.4700000000
10000 -1.0000000000
evaluations raw_y
1 1.2600000000
2 13.7300000000
3 26.4100000000
5 40.9000000000
6 43.5700000000
9 52.7700000000
10 69.3600000000
11 79.6300000000
13 84.6100000000
14 94.6200000000
3062 98.5500000000
3064 102.8500000000
10000 -1.0000000000
evaluations raw_y
1 2.6800000000
2 11.3000000000
3 34.0800000000
4 37.2900000000
5 42.9700000000
6 58.2200000000
8 59.5400000000
10 65.1100000000
11 78.1400000000
12 86.0200000000
1580 93.2200000000
1588 98.2700000000
2210 108.1400000000
2211 118.7200000000
6095 130.7300000000
6097 133.2900000000
10000 -1.0000000000
evaluations raw_y
1 17.3200000000
2 30.7000000000
3 51.6000000000
4 54.2500000000
5 69.1200000000
9 75.6900000000
10 77.0200000000
11 85.6200000000
12 103.4800000000
13 117.3500000000
10000 -1.0000000000
evaluations raw_y
1 5.8800000000
2 24.0300000000
3 30.8800000000
5 59.5200000000
21 60.8800000000
22 75.3300000000
25 77.1100000000
29 91.0400000000
30 102.0000000000
31 111.1700000000
3827 116.6500000000
3829 117.3100000000
10000 -1.0000000000
evaluations raw_y
1 4.4900000000
2 10.5200000000
3 25.1200000000
4 31.6000000000
5 39.8800000000
7 55.1400000000
9 57.8200000000
10 67.1500000000
12 71.2900000000
13 83.0200000000
10000 -1.0000000000
evaluations raw_y
1 10.6200000000
2 14.6200000000
3 21.1400000000
4 26.1100000000
5 30.5300000000
6 37.6700000000
7 51.8500000000
9 57.3100000000
10 61.9200000000
11 81.2000000000
10000 -1.0000000000
evaluations raw_y
1 3.4500000000
2 12.4500000000
3 28.9500000000
4 32.3500000000
5 44.7900000000
6 52.2300000000
9 54.2600000000
10 169.5500000000
12 181.5700000000
13 185.6000000000
886 193.8900000000
888 195.7000000000
2399 195.7900000000
2400 196.0600000000
4883 211.3400000000
4896 212.6300000000
10000 -1.0000000000
evaluations raw_y
1 10.5800000000
2 22.4100000000
3 43.4700000000
5 46.6100000000
6 47.3200000000
7 56.3100000000
8 62.0100000000
9 66.6600000000
10 81.2500000000
11 86.7900000000
10000 -1.0000000000
evaluations raw_y
1 12.4000000000
2 15.6900000000
3 22.9400000000
4 29.3200000000
6 37.9000000000
7 51.9400000000
8 64.2500000000
9 72.0200000000
10 83.8100000000
12 94.3800000000
4451 96.6100000000
4452 97.1200000000
10000 -1.0000000000
evaluations raw_y
1 2.5400000000
2 5.9200000000
3 18.6500000000
4 24.5300000000
5 34.2300000000
6 48.5500000000
7 74.6700000000
8 88.2500000000
9 99.5200000000
15 100.5400000000
2566 106.2300000000
2568 107.0500000000
10000 -1.0000000000
evaluations raw_y
1 1.2100000000
2 12.1700000000
4 17.3200000000
5 31.6000000000
6 38.2600000000
7 50.4300000000
8 59.7500000000
9 70.5300000000
10 82.6700000000
12 84.9700000000
1377 87.3800000000
1378 90.2400000000
10000 -1.0000000000
evaluations raw_y
1 13.6000000000
2 15.1700000000
3 29.4900000000
4 44.1400000000
6 49.9600000000
7 53.0700000000
8 69.2400000000
11 74.6800000000
12 79.8100000000
13 81.9500000000
2433 88.4900000000
2436 90.4100000000
2680 95.5000000000
2681 111.1500000000
10000 -1.0000000000
evaluations raw_y
1 8.2200000000
2 16.3400000000
3 22.6200000000
5 29.8000000000
6 46.3400000000
7 59.1100000000
8 74.9600000000
9 77.0800000000
11 131.1100000000
12 135.1300000000
266 138.1000000000
267 139.9600000000
2154 140.3000000000
2159 163.0300000000
10000 -1.0000000000
evaluations raw_y
1 2.4700000000
2 20.9700000000
3 30.5900000000
4 40.8500000000
5 48.3500000000
6 58.7900000000
7 68.6400000000
8 83.8100000000
9 96.0200000000
10 120.3400000000
10000 -1.0000000000
evaluations raw_y
1 1.0000000000
2 22.1400000000
3 22.9100000000
4 37.0200000000
9 48.5000000000
10 70.0300000000
14 74.1500000000
15 84.7700000000
17 92.4200000000
18 107.1600000000
10000 -1.0000000000
evaluations raw_y
1 14.2200000000
2 39.2600000000
3 54.8800000000
4 75.3300000000
5 75.6100000000
9 82.6700000000
11 87.3500000000
14 104.5800000000
15 110.6500000000
16 119.9400000000
3907 125.1400000000
3908 141.0800000000
10000 -1.0000000000
evaluations raw_y
1 5.8000000000
2 6.8700000000
3 24.4800000000
4 28.1100000000
5 37.7600000000
8 40.7300000000
9 56.6500000000
10 63.2600000000
11 80.5200000000
12 88.7500000000
5743 93.5000000000
5745 93.5300000000
10000 -1.0000000000
