evaluations raw_y
1 -1976.0000000000
2 -1961.0000000000
11 -1951.0000000000
23 -1927.0000000000
52 -1925.0000000000
60 -1902.0000000000
68 -1899.0000000000
76 -1898.0000000000
79 -1882.0000000000
83 -1880.0000000000
89 -1868.0000000000
112 -1867.0000000000
121 -1849.0000000000
154 -1838.0000000000
156 -1837.0000000000
164 -1828.0000000000
184 -1826.0000000000
214 -1821.0000000000
234 -1819.0000000000
241 -1818.0000000000
243 -1809.0000000000
253 -1799.0000000000
266 -1797.0000000000
287 -1794.0000000000
292 -1790.0000000000
306 -1786.0000000000
323 -1784.0000000000
331 -1779.0000000000
345 -1777.0000000000
362 -1776.0000000000
365 -1760.0000000000
401 -1755.0000000000
427 -1752.0000000000
436 -1750.0000000000
463 -1749.0000000000
479 -1747.0000000000
481 -1742.0000000000
524 -1741.0000000000
542 -1737.0000000000
561 -1736.0000000000
568 -1734.0000000000
582 -1733.0000000000
583 -1732.0000000000
611 -1730.0000000000
628 -1729.0000000000
649 -1727.0000000000
656 -1726.0000000000
663 -1725.0000000000
677 -1724.0000000000
682 -1721.0000000000
701 -1719.0000000000
725 -1718.0000000000
726 -1717.0000000000
739 -1716.0000000000
749 -1713.0000000000
767 -1712.0000000000
782 -1711.0000000000
793 -1710.0000000000
802 -1707.0000000000
822 -1706.0000000000
843 -1705.0000000000
853 -1704.0000000000
859 -1703.0000000000
864 -1702.0000000000
869 -1701.0000000000
889 -1699.0000000000
904 -1697.0000000000
943 -1695.0000000000
946 -1694.0000000000
992 -1691.0000000000
1005 -1690.0000000000
1037 -1689.0000000000
1050 -1688.0000000000
1070 -1685.0000000000
1081 -1683.0000000000
1083 -1682.0000000000
1103 -1681.0000000000
1104 -1678.0000000000
1129 -1677.0000000000
1148 -1676.0000000000
1152 -1675.0000000000
1161 -1673.0000000000
1168 -1671.0000000000
1185 -1670.0000000000
1196 -1669.0000000000
1211 -1666.0000000000
1260 -1665.0000000000
1261 -1663.0000000000
1275 -1661.0000000000
1303 -1660.0000000000
1321 -1658.0000000000
1340 -1656.0000000000
1365 -1655.0000000000
1366 -1654.0000000000
1369 -1652.0000000000
1383 -1651.0000000000
1387 -1650.0000000000
1401 -1648.0000000000
1434 -1647.0000000000
1446 -1645.0000000000
1448 -1644.0000000000
1470 -1641.0000000000
1488 -1636.0000000000
1561 -1635.0000000000
1571 -1632.0000000000
1592 -1631.0000000000
1601 -1630.0000000000
1602 -1628.0000000000
1606 -1626.0000000000
1635 -1624.0000000000
1642 -1622.0000000000
1670 -1621.0000000000
1699 -1620.0000000000
1704 -1619.0000000000
1723 -1618.0000000000
1743 -1614.0000000000
1783 -1613.0000000000
1799 -1612.0000000000
1801 -1611.0000000000
1823 -1610.0000000000
1847 -1609.0000000000
1852 -1607.0000000000
1875 -1606.0000000000
1886 -1605.0000000000
1900 -1604.0000000000
1911 -1603.0000000000
1925 -1602.0000000000
1926 -1601.0000000000
1952 -1599.0000000000
1965 -1597.0000000000
1988 -1596.0000000000
2002 -1595.0000000000
2021 -1594.0000000000
2041 -1593.0000000000
2063 -1592.0000000000
2069 -1590.0000000000
2082 -1588.0000000000
2123 -1587.0000000000
2142 -1586.0000000000
2143 -1585.0000000000
2147 -1582.0000000000
2173 -1581.0000000000
2210 -1580.0000000000
2229 -1579.0000000000
2239 -1578.0000000000
2257 -1577.0000000000
2262 -1574.0000000000
2307 -1573.0000000000
2308 -1572.0000000000
2336 -1571.0000000000
2347 -1570.0000000000
2352 -1568.0000000000
2361 -1567.0000000000
2383 -1566.0000000000
2405 -1565.0000000000
2407 -1564.0000000000
2443 -1563.0000000000
2449 -1559.0000000000
2495 -1558.0000000000
2501 -1557.0000000000
2506 -1556.0000000000
2522 -1555.0000000000
2530 -1554.0000000000
2544 -1553.0000000000
2562 -1552.0000000000
2576 -1550.0000000000
2600 -1548.0000000000
2624 -1546.0000000000
2634 -1545.0000000000
2645 -1543.0000000000
2671 -1542.0000000000
2674 -1541.0000000000
2675 -1539.0000000000
2692 -1538.0000000000
2707 -1537.0000000000
2713 -1536.0000000000
2724 -1535.0000000000
2753 -1534.0000000000
2758 -1533.0000000000
2788 -1532.0000000000
2804 -1531.0000000000
2824 -1528.0000000000
2841 -1527.0000000000
2871 -1524.0000000000
2887 -1523.0000000000
2892 -1521.0000000000
2935 -1520.0000000000
2948 -1517.0000000000
2966 -1516.0000000000
2998 -1515.0000000000
3002 -1514.0000000000
3032 -1511.0000000000
3051 -1510.0000000000
3068 -1509.0000000000
3083 -1508.0000000000
3109 -1507.0000000000
3124 -1505.0000000000
3146 -1504.0000000000
3157 -1503.0000000000
3184 -1502.0000000000
3205 -1501.0000000000
3206 -1500.0000000000
3207 -1498.0000000000
3223 -1497.0000000000
3265 -1495.0000000000
3290 -1494.0000000000
3294 -1493.0000000000
3321 -1492.0000000000
3336 -1491.0000000000
3343 -1490.0000000000
3352 -1488.0000000000
3381 -1487.0000000000
3383 -1485.0000000000
3402 -1484.0000000000
3416 -1483.0000000000
3424 -1482.0000000000
3442 -1481.0000000000
3465 -1480.0000000000
3476 -1479.0000000000
3507 -1478.0000000000
3519 -1476.0000000000
3523 -1475.0000000000
3556 -1474.0000000000
3566 -1472.0000000000
3581 -1469.0000000000
3604 -1465.0000000000
3638 -1463.0000000000
3646 -1462.0000000000
3656 -1461.0000000000
3664 -1460.0000000000
3679 -1459.0000000000
3706 -1458.0000000000
3719 -1457.0000000000
3739 -1455.0000000000
3763 -1454.0000000000
3773 -1453.0000000000
3791 -1452.0000000000
3803 -1451.0000000000
3822 -1450.0000000000
3823 -1449.0000000000
3863 -1448.0000000000
3866 -1446.0000000000
3873 -1445.0000000000
3897 -1444.0000000000
3902 -1441.0000000000
3964 -1440.0000000000
3969 -1439.0000000000
3984 -1436.0000000000
4004 -1434.0000000000
4039 -1433.0000000000
4041 -1428.0000000000
4088 -1427.0000000000
4092 -1426.0000000000
4111 -1424.0000000000
4126 -1423.0000000000
4133 -1422.0000000000
4161 -1419.0000000000
4192 -1417.0000000000
4223 -1416.0000000000
4242 -1414.0000000000
4253 -1413.0000000000
4281 -1412.0000000000
4292 -1410.0000000000
4307 -1409.0000000000
4338 -1407.0000000000
4352 -1406.0000000000
4361 -1403.0000000000
4403 -1398.0000000000
4457 -1397.0000000000
4459 -1396.0000000000
4470 -1395.0000000000
4483 -1394.0000000000
4486 -1392.0000000000
4508 -1391.0000000000
4514 -1390.0000000000
4542 -1389.0000000000
4552 -1386.0000000000
4601 -1385.0000000000
4607 -1383.0000000000
4622 -1381.0000000000
4687 -1379.0000000000
4713 -1378.0000000000
4721 -1377.0000000000
4742 -1376.0000000000
4747 -1375.0000000000
4768 -1371.0000000000
4786 -1369.0000000000
4810 -1367.0000000000
4821 -1366.0000000000
4860 -1364.0000000000
4864 -1363.0000000000
4893 -1362.0000000000
4922 -1361.0000000000
4929 -1360.0000000000
4951 -1359.0000000000
4966 -1358.0000000000
4982 -1357.0000000000
4993 -1356.0000000000
5007 -1355.0000000000
5019 -1353.0000000000
5021 -1350.0000000000
5061 -1347.0000000000
5084 -1344.0000000000
5124 -1343.0000000000
5126 -1342.0000000000
5142 -1341.0000000000
5186 -1339.0000000000
5210 -1338.0000000000
5227 -1337.0000000000
5242 -1336.0000000000
5254 -1335.0000000000
5263 -1333.0000000000
5296 -1332.0000000000
5303 -1331.0000000000
5334 -1329.0000000000
5342 -1328.0000000000
5362 -1327.0000000000
5383 -1326.0000000000
5407 -1324.0000000000
5422 -1323.0000000000
5448 -1322.0000000000
5471 -1321.0000000000
5483 -1320.0000000000
5505 -1319.0000000000
5527 -1318.0000000000
5546 -1317.0000000000
5548 -1316.0000000000
5563 -1315.0000000000
5588 -1313.0000000000
5611 -1312.0000000000
5622 -1311.0000000000
5653 -1310.0000000000
5661 -1308.0000000000
5684 -1306.0000000000
5702 -1304.0000000000
5731 -1303.0000000000
5754 -1302.0000000000
5764 -1301.0000000000
5795 -1300.0000000000
5802 -1299.0000000000
5821 -1296.0000000000
5865 -1295.0000000000
5884 -1293.0000000000
5904 -1292.0000000000
5918 -1291.0000000000
5945 -1290.0000000000
5962 -1288.0000000000
5983 -1287.0000000000
6003 -1286.0000000000
6019 -1285.0000000000
6034 -1284.0000000000
6053 -1283.0000000000
6074 -1282.0000000000
6092 -1279.0000000000
6126 -1277.0000000000
6135 -1276.0000000000
6145 -1274.0000000000
6186 -1272.0000000000
6221 -1267.0000000000
6293 -1265.0000000000
6300 -1264.0000000000
6325 -1262.0000000000
6341 -1261.0000000000
6383 -1260.0000000000
6400 -1259.0000000000
6401 -1258.0000000000
6441 -1256.0000000000
6463 -1255.0000000000
6489 -1253.0000000000
6501 -1251.0000000000
6532 -1249.0000000000
6543 -1248.0000000000
6564 -1246.0000000000
6583 -1245.0000000000
6584 -1242.0000000000
6610 -1241.0000000000
6621 -1240.0000000000
6628 -1237.0000000000
6667 -1236.0000000000
6703 -1234.0000000000
6706 -1233.0000000000
6722 -1231.0000000000
6753 -1230.0000000000
6762 -1229.0000000000
6797 -1228.0000000000
6798 -1227.0000000000
6813 -1226.0000000000
6842 -1224.0000000000
6855 -1223.0000000000
6868 -1222.0000000000
6894 -1221.0000000000
6912 -1220.0000000000
6921 -1219.0000000000
6949 -1215.0000000000
6993 -1214.0000000000
7005 -1213.0000000000
7028 -1211.0000000000
7041 -1210.0000000000
7069 -1208.0000000000
7090 -1207.0000000000
7119 -1206.0000000000
7127 -1205.0000000000
7141 -1203.0000000000
7162 -1202.0000000000
7186 -1201.0000000000
7224 -1200.0000000000
7225 -1199.0000000000
7244 -1198.0000000000
7261 -1196.0000000000
7287 -1195.0000000000
7305 -1194.0000000000
7332 -1193.0000000000
7342 -1192.0000000000
7359 -1190.0000000000
7394 -1189.0000000000
7403 -1188.0000000000
7430 -1187.0000000000
7444 -1186.0000000000
7451 -1185.0000000000
7469 -1181.0000000000
7491 -1180.0000000000
7525 -1177.0000000000
7564 -1174.0000000000
7584 -1173.0000000000
7607 -1172.0000000000
7626 -1171.0000000000
7649 -1170.0000000000
7662 -1169.0000000000
7666 -1168.0000000000
7692 -1166.0000000000
7708 -1164.0000000000
7763 -1163.0000000000
7780 -1162.0000000000
7786 -1159.0000000000
7812 -1158.0000000000
7826 -1156.0000000000
7881 -1155.0000000000
7903 -1154.0000000000
7904 -1153.0000000000
7944 -1152.0000000000
7971 -1150.0000000000
8000 -1149.0000000000
8008 -1148.0000000000
8033 -1147.0000000000
8044 -1146.0000000000
8046 -1145.0000000000
8071 -1143.0000000000
8082 -1141.0000000000
8108 -1140.0000000000
8143 -1138.0000000000
8169 -1137.0000000000
8200 -1136.0000000000
8203 -1135.0000000000
8208 -1134.0000000000
8230 -1132.0000000000
8265 -1131.0000000000
8315 -1130.0000000000
8317 -1129.0000000000
8325 -1128.0000000000
8359 -1127.0000000000
8368 -1126.0000000000
8401 -1125.0000000000
8410 -1124.0000000000
8412 -1123.0000000000
8422 -1122.0000000000
8436 -1121.0000000000
8462 -1120.0000000000
8497 -1119.0000000000
8543 -1116.0000000000
8591 -1115.0000000000
8608 -1112.0000000000
8635 -1111.0000000000
8659 -1110.0000000000
8675 -1109.0000000000
8700 -1107.0000000000
8723 -1103.0000000000
8763 -1102.0000000000
8789 -1101.0000000000
8804 -1100.0000000000
8811 -1099.0000000000
8842 -1098.0000000000
8846 -1097.0000000000
8863 -1096.0000000000
8868 -1094.0000000000
8906 -1093.0000000000
8909 -1090.0000000000
8951 -1087.0000000000
8972 -1086.0000000000
8997 -1085.0000000000
9008 -1084.0000000000
9035 -1083.0000000000
9045 -1081.0000000000
9064 -1079.0000000000
9110 -1077.0000000000
9124 -1076.0000000000
9143 -1075.0000000000
9165 -1074.0000000000
9181 -1073.0000000000
9196 -1072.0000000000
9221 -1070.0000000000
9277 -1066.0000000000
9309 -1063.0000000000
9323 -1062.0000000000
9344 -1060.0000000000
9396 -1059.0000000000
9403 -1058.0000000000
9416 -1056.0000000000
9438 -1055.0000000000
9475 -1054.0000000000
9479 -1053.0000000000
9505 -1052.0000000000
9521 -1051.0000000000
9552 -1049.0000000000
9565 -1048.0000000000
9600 -1047.0000000000
9611 -1046.0000000000
9647 -1045.0000000000
9656 -1044.0000000000
9693 -1043.0000000000
9711 -1041.0000000000
9721 -1039.0000000000
9752 -1038.0000000000
9769 -1037.0000000000
9786 -1036.0000000000
9825 -1035.0000000000
9828 -1033.0000000000
9858 -1032.0000000000
9871 -1029.0000000000
9914 -1027.0000000000
9943 -1026.0000000000
9945 -1025.0000000000
9973 -1024.0000000000
10004 -1023.0000000000
10006 -1021.0000000000
10025 -1020.0000000000
10041 -1019.0000000000
10072 -1018.0000000000
10089 -1017.0000000000
10104 -1016.0000000000
10109 -1015.0000000000
10137 -1013.0000000000
10188 -1012.0000000000
10210 -1011.0000000000
10220 -1010.0000000000
10221 -1009.0000000000
10242 -1007.0000000000
10282 -1006.0000000000
10340 -1005.0000000000
10361 -1003.0000000000
10366 -1002.0000000000
10401 -1001.0000000000
10411 -1000.0000000000
10428 -999.0000000000
10450 -996.0000000000
10463 -994.0000000000
10534 -993.0000000000
10546 -992.0000000000
10562 -991.0000000000
10581 -990.0000000000
10599 -989.0000000000
10605 -986.0000000000
10663 -983.0000000000
10688 -981.0000000000
10723 -979.0000000000
10744 -978.0000000000
10764 -977.0000000000
10793 -976.0000000000
10815 -975.0000000000
10831 -973.0000000000
10876 -972.0000000000
10893 -971.0000000000
10905 -967.0000000000
10961 -966.0000000000
10977 -965.0000000000
11003 -964.0000000000
11019 -961.0000000000
11046 -960.0000000000
11056 -959.0000000000
11065 -958.0000000000
11078 -957.0000000000
11084 -956.0000000000
11101 -955.0000000000
11127 -954.0000000000
11146 -953.0000000000
11192 -952.0000000000
11196 -951.0000000000
11227 -950.0000000000
11231 -949.0000000000
11243 -946.0000000000
11293 -942.0000000000
11333 -940.0000000000
11355 -936.0000000000
11361 -935.0000000000
11401 -934.0000000000
11421 -933.0000000000
11434 -931.0000000000
11487 -930.0000000000
11496 -928.0000000000
11507 -924.0000000000
11542 -923.0000000000
11546 -922.0000000000
11583 -920.0000000000
11615 -919.0000000000
11622 -918.0000000000
11647 -916.0000000000
11698 -914.0000000000
11704 -912.0000000000
11746 -911.0000000000
11807 -910.0000000000
11822 -909.0000000000
11839 -908.0000000000
11856 -907.0000000000
11863 -906.0000000000
11891 -905.0000000000
11903 -904.0000000000
11905 -903.0000000000
11940 -901.0000000000
11951 -900.0000000000
11967 -899.0000000000
11984 -898.0000000000
11996 -896.0000000000
12049 -895.0000000000
12053 -894.0000000000
12057 -893.0000000000
12082 -892.0000000000
12097 -891.0000000000
12107 -890.0000000000
12126 -887.0000000000
12160 -886.0000000000
12204 -883.0000000000
12262 -882.0000000000
12275 -880.0000000000
12300 -879.0000000000
12322 -878.0000000000
12345 -877.0000000000
12358 -876.0000000000
12361 -875.0000000000
12403 -874.0000000000
12427 -871.0000000000
12456 -870.0000000000
12466 -869.0000000000
12497 -867.0000000000
12522 -866.0000000000
12530 -865.0000000000
12564 -863.0000000000
12590 -862.0000000000
12646 -861.0000000000
12651 -860.0000000000
12679 -859.0000000000
12712 -858.0000000000
12726 -856.0000000000
12755 -855.0000000000
12763 -854.0000000000
12782 -853.0000000000
12790 -852.0000000000
12799 -851.0000000000
12817 -850.0000000000
12834 -849.0000000000
12851 -848.0000000000
12894 -847.0000000000
12917 -846.0000000000
12933 -844.0000000000
12963 -841.0000000000
12985 -840.0000000000
13023 -839.0000000000
13048 -838.0000000000
13068 -836.0000000000
13086 -835.0000000000
13102 -834.0000000000
13115 -833.0000000000
13119 -832.0000000000
13121 -831.0000000000
13128 -830.0000000000
13145 -829.0000000000
13176 -828.0000000000
13225 -825.0000000000
13256 -824.0000000000
13266 -822.0000000000
13295 -821.0000000000
13321 -819.0000000000
13341 -818.0000000000
13366 -814.0000000000
13415 -813.0000000000
13438 -812.0000000000
13458 -810.0000000000
13464 -809.0000000000
13478 -808.0000000000
13484 -806.0000000000
13537 -805.0000000000
13555 -803.0000000000
13582 -802.0000000000
13617 -801.0000000000
13654 -800.0000000000
13667 -799.0000000000
13682 -798.0000000000
13713 -797.0000000000
13728 -796.0000000000
13752 -794.0000000000
13791 -793.0000000000
13841 -792.0000000000
13845 -791.0000000000
13868 -790.0000000000
13903 -789.0000000000
13933 -788.0000000000
13948 -787.0000000000
13969 -786.0000000000
14003 -784.0000000000
14013 -782.0000000000
14055 -780.0000000000
14110 -779.0000000000
14147 -778.0000000000
14159 -777.0000000000
14166 -775.0000000000
14183 -774.0000000000
14206 -773.0000000000
14225 -772.0000000000
14249 -770.0000000000
14299 -767.0000000000
14342 -765.0000000000
14359 -764.0000000000
14383 -763.0000000000
14392 -762.0000000000
14416 -761.0000000000
14432 -760.0000000000
14435 -758.0000000000
14480 -757.0000000000
14494 -755.0000000000
14532 -754.0000000000
14546 -753.0000000000
14579 -752.0000000000
14593 -751.0000000000
14598 -750.0000000000
14630 -749.0000000000
14643 -748.0000000000
14669 -747.0000000000
14692 -746.0000000000
14715 -744.0000000000
14757 -743.0000000000
14782 -742.0000000000
14786 -741.0000000000
14800 -739.0000000000
14821 -738.0000000000
14874 -737.0000000000
14895 -736.0000000000
14906 -735.0000000000
14910 -734.0000000000
14962 -733.0000000000
14993 -732.0000000000
15010 -731.0000000000
15032 -730.0000000000
15050 -729.0000000000
15100 -728.0000000000
15102 -727.0000000000
15138 -726.0000000000
15145 -725.0000000000
15169 -723.0000000000
15209 -722.0000000000
15247 -721.0000000000
15253 -719.0000000000
15286 -718.0000000000
15292 -717.0000000000
15308 -716.0000000000
15319 -715.0000000000
15326 -714.0000000000
15377 -712.0000000000
15426 -711.0000000000
15442 -709.0000000000
15498 -708.0000000000
15504 -707.0000000000
15525 -706.0000000000
15549 -704.0000000000
15588 -703.0000000000
15633 -701.0000000000
15642 -700.0000000000
15681 -699.0000000000
15701 -697.0000000000
15733 -696.0000000000
15762 -695.0000000000
15771 -693.0000000000
15812 -690.0000000000
15861 -688.0000000000
15922 -687.0000000000
15956 -684.0000000000
15977 -683.0000000000
16001 -682.0000000000
16049 -679.0000000000
16098 -678.0000000000
16121 -677.0000000000
16126 -676.0000000000
16162 -675.0000000000
16206 -674.0000000000
16225 -673.0000000000
16278 -672.0000000000
16280 -671.0000000000
16301 -670.0000000000
16328 -668.0000000000
16349 -666.0000000000
16378 -665.0000000000
16400 -664.0000000000
16444 -663.0000000000
16453 -662.0000000000
16484 -661.0000000000
16505 -660.0000000000
16522 -659.0000000000
16565 -658.0000000000
16622 -657.0000000000
16641 -655.0000000000
16674 -654.0000000000
16688 -652.0000000000
16726 -650.0000000000
16770 -647.0000000000
16830 -646.0000000000
16842 -645.0000000000
16865 -644.0000000000
16936 -643.0000000000
16947 -641.0000000000
16982 -640.0000000000
17013 -639.0000000000
17027 -638.0000000000
17052 -637.0000000000
17099 -636.0000000000
17105 -634.0000000000
17170 -633.0000000000
17189 -632.0000000000
17210 -631.0000000000
17219 -630.0000000000
17264 -629.0000000000
17320 -628.0000000000
17327 -627.0000000000
17368 -625.0000000000
17420 -624.0000000000
17421 -622.0000000000
17477 -621.0000000000
17484 -620.0000000000
17501 -619.0000000000
17528 -618.0000000000
17563 -617.0000000000
17585 -616.0000000000
17588 -615.0000000000
17625 -613.0000000000
17662 -612.0000000000
17704 -611.0000000000
17741 -610.0000000000
17761 -608.0000000000
17808 -606.0000000000
17851 -605.0000000000
17862 -604.0000000000
17907 -603.0000000000
17930 -602.0000000000
17943 -601.0000000000
17988 -600.0000000000
17992 -599.0000000000
18044 -598.0000000000
18067 -597.0000000000
18110 -596.0000000000
18122 -595.0000000000
18143 -594.0000000000
18207 -593.0000000000
18245 -592.0000000000
18255 -590.0000000000
18305 -589.0000000000
18331 -588.0000000000
18332 -587.0000000000
18361 -586.0000000000
18408 -585.0000000000
18411 -584.0000000000
18453 -582.0000000000
18473 -581.0000000000
18491 -580.0000000000
18499 -579.0000000000
18523 -578.0000000000
18531 -577.0000000000
18577 -575.0000000000
18602 -574.0000000000
18649 -573.0000000000
18664 -572.0000000000
18718 -569.0000000000
18723 -568.0000000000
18728 -567.0000000000
18776 -566.0000000000
18796 -563.0000000000
18823 -562.0000000000
18840 -561.0000000000
18883 -560.0000000000
18890 -558.0000000000
18910 -556.0000000000
18971 -554.0000000000
18981 -553.0000000000
19003 -552.0000000000
19023 -550.0000000000
19061 -549.0000000000
19077 -546.0000000000
19110 -545.0000000000
19128 -544.0000000000
19171 -543.0000000000
19197 -541.0000000000
19237 -540.0000000000
19243 -539.0000000000
19267 -538.0000000000
19293 -537.0000000000
19334 -535.0000000000
19362 -533.0000000000
19412 -532.0000000000
19445 -531.0000000000
19465 -529.0000000000
19510 -528.0000000000
19524 -526.0000000000
19562 -525.0000000000
19577 -524.0000000000
19587 -521.0000000000
19656 -519.0000000000
19709 -517.0000000000
19743 -516.0000000000
19779 -514.0000000000
19814 -513.0000000000
19857 -512.0000000000
19891 -511.0000000000
19910 -509.0000000000
19966 -508.0000000000
19969 -507.0000000000
20008 -506.0000000000
20019 -505.0000000000
20047 -504.0000000000
20085 -501.0000000000
20150 -499.0000000000
20188 -498.0000000000
20222 -497.0000000000
20252 -496.0000000000
20300 -495.0000000000
20321 -493.0000000000
20381 -492.0000000000
20401 -490.0000000000
20434 -489.0000000000
20452 -488.0000000000
20490 -487.0000000000
20493 -486.0000000000
20532 -484.0000000000
20608 -483.0000000000
20632 -482.0000000000
20657 -481.0000000000
20686 -480.0000000000
20732 -479.0000000000
20746 -478.0000000000
20780 -477.0000000000
20799 -476.0000000000
20806 -475.0000000000
20850 -474.0000000000
20875 -473.0000000000
20886 -471.0000000000
20926 -470.0000000000
20942 -469.0000000000
20985 -467.0000000000
21012 -466.0000000000
21026 -463.0000000000
21041 -462.0000000000
21084 -460.0000000000
21119 -459.0000000000
21132 -458.0000000000
21140 -457.0000000000
21168 -456.0000000000
21206 -455.0000000000
21226 -454.0000000000
21252 -453.0000000000
21299 -451.0000000000
21349 -450.0000000000
21374 -448.0000000000
21410 -447.0000000000
21427 -446.0000000000
21468 -445.0000000000
21470 -444.0000000000
21511 -442.0000000000
21564 -441.0000000000
21568 -440.0000000000
21602 -439.0000000000
21607 -438.0000000000
21639 -437.0000000000
21676 -436.0000000000
21682 -434.0000000000
21754 -433.0000000000
21758 -432.0000000000
21802 -431.0000000000
21813 -430.0000000000
21848 -429.0000000000
21855 -428.0000000000
21888 -426.0000000000
21907 -424.0000000000
21931 -423.0000000000
21982 -422.0000000000
22022 -421.0000000000
22029 -420.0000000000
22047 -419.0000000000
22081 -418.0000000000
22106 -417.0000000000
22132 -416.0000000000
22146 -414.0000000000
22218 -413.0000000000
22222 -412.0000000000
22316 -411.0000000000
22325 -410.0000000000
22347 -409.0000000000
22371 -408.0000000000
22390 -406.0000000000
22425 -404.0000000000
22465 -403.0000000000
22494 -402.0000000000
22521 -401.0000000000
22557 -400.0000000000
22568 -399.0000000000
22594 -397.0000000000
22670 -396.0000000000
22775 -395.0000000000
22808 -394.0000000000
22815 -393.0000000000
22821 -392.0000000000
22854 -391.0000000000
22857 -389.0000000000
22883 -388.0000000000
22904 -387.0000000000
22963 -386.0000000000
22969 -385.0000000000
22981 -384.0000000000
23010 -383.0000000000
23011 -381.0000000000
23066 -380.0000000000
23133 -379.0000000000
23159 -378.0000000000
23170 -377.0000000000
23239 -376.0000000000
23289 -375.0000000000
23301 -374.0000000000
23355 -373.0000000000
23421 -371.0000000000
23476 -370.0000000000
23504 -368.0000000000
23547 -367.0000000000
23568 -366.0000000000
23628 -365.0000000000
23650 -364.0000000000
23686 -363.0000000000
23731 -362.0000000000
23774 -361.0000000000
23840 -360.0000000000
23869 -359.0000000000
23890 -358.0000000000
23901 -357.0000000000
23941 -356.0000000000
23957 -354.0000000000
23992 -353.0000000000
24069 -352.0000000000
24105 -351.0000000000
24138 -350.0000000000
24158 -348.0000000000
24217 -347.0000000000
24262 -346.0000000000
24266 -345.0000000000
24309 -344.0000000000
24327 -343.0000000000
24397 -342.0000000000
24404 -341.0000000000
24452 -339.0000000000
24506 -338.0000000000
24531 -337.0000000000
24577 -335.0000000000
24633 -334.0000000000
24698 -333.0000000000
24701 -332.0000000000
24726 -330.0000000000
24758 -329.0000000000
24821 -328.0000000000
24888 -327.0000000000
24931 -326.0000000000
25004 -325.0000000000
25085 -324.0000000000
25145 -323.0000000000
25169 -322.0000000000
25209 -321.0000000000
25255 -320.0000000000
25288 -319.0000000000
25333 -318.0000000000
25349 -317.0000000000
25387 -316.0000000000
25442 -315.0000000000
25483 -314.0000000000
25514 -313.0000000000
25565 -312.0000000000
25608 -310.0000000000
25672 -309.0000000000
25757 -308.0000000000
25803 -307.0000000000
25836 -306.0000000000
25843 -304.0000000000
25925 -303.0000000000
25971 -302.0000000000
25975 -301.0000000000
26010 -300.0000000000
26060 -299.0000000000
26104 -298.0000000000
26121 -297.0000000000
26158 -296.0000000000
26222 -295.0000000000
26273 -294.0000000000
26340 -293.0000000000
26345 -292.0000000000
26348 -291.0000000000
26398 -289.0000000000
26476 -288.0000000000
26492 -286.0000000000
26505 -285.0000000000
26603 -283.0000000000
26711 -282.0000000000
26737 -281.0000000000
26784 -280.0000000000
26802 -279.0000000000
26808 -278.0000000000
26828 -277.0000000000
26895 -276.0000000000
26983 -275.0000000000
27030 -274.0000000000
27086 -273.0000000000
27159 -272.0000000000
27194 -271.0000000000
27248 -270.0000000000
27285 -269.0000000000
27357 -268.0000000000
27383 -267.0000000000
27409 -266.0000000000
27431 -265.0000000000
27463 -264.0000000000
27489 -263.0000000000
27561 -262.0000000000
27573 -261.0000000000
27630 -259.0000000000
27690 -258.0000000000
27732 -257.0000000000
27831 -256.0000000000
27864 -255.0000000000
27890 -254.0000000000
27944 -253.0000000000
27957 -252.0000000000
28000 -250.0000000000
28008 -249.0000000000
28066 -248.0000000000
28107 -247.0000000000
28141 -246.0000000000
28283 -245.0000000000
28367 -244.0000000000
28384 -243.0000000000
28436 -242.0000000000
28539 -241.0000000000
28598 -240.0000000000
28634 -239.0000000000
28679 -238.0000000000
28725 -237.0000000000
28761 -236.0000000000
28792 -235.0000000000
28824 -234.0000000000
28868 -233.0000000000
28890 -232.0000000000
28912 -231.0000000000
28968 -230.0000000000
29001 -229.0000000000
29029 -228.0000000000
29076 -227.0000000000
29136 -226.0000000000
29175 -224.0000000000
29185 -223.0000000000
29236 -222.0000000000
29278 -221.0000000000
29380 -220.0000000000
29408 -219.0000000000
29442 -218.0000000000
29463 -216.0000000000
29484 -215.0000000000
29507 -213.0000000000
29565 -212.0000000000
29583 -211.0000000000
29634 -210.0000000000
29647 -209.0000000000
29688 -208.0000000000
29722 -207.0000000000
29742 -206.0000000000
29771 -205.0000000000
29818 -204.0000000000
29889 -203.0000000000
29966 -202.0000000000
30029 -201.0000000000
30076 -199.0000000000
30117 -198.0000000000
30118 -197.0000000000
30153 -196.0000000000
30202 -195.0000000000
30233 -193.0000000000
30263 -192.0000000000
30282 -190.0000000000
30426 -189.0000000000
30528 -188.0000000000
30579 -187.0000000000
30616 -186.0000000000
30667 -185.0000000000
30695 -184.0000000000
30701 -183.0000000000
30760 -182.0000000000
30813 -181.0000000000
30848 -180.0000000000
30902 -179.0000000000
30952 -178.0000000000
31048 -177.0000000000
31061 -176.0000000000
31125 -175.0000000000
31142 -174.0000000000
31221 -173.0000000000
31286 -172.0000000000
31303 -171.0000000000
31350 -170.0000000000
31415 -169.0000000000
31450 -168.0000000000
31497 -167.0000000000
31520 -166.0000000000
31596 -165.0000000000
31618 -164.0000000000
31660 -163.0000000000
31719 -162.0000000000
31845 -161.0000000000
31900 -160.0000000000
31931 -159.0000000000
32085 -158.0000000000
32170 -157.0000000000
32275 -156.0000000000
32365 -155.0000000000
32447 -154.0000000000
32487 -153.0000000000
32504 -152.0000000000
32547 -151.0000000000
32629 -150.0000000000
32676 -149.0000000000
32771 -148.0000000000
32846 -147.0000000000
32940 -146.0000000000
32975 -145.0000000000
33115 -144.0000000000
33272 -143.0000000000
33402 -142.0000000000
33500 -140.0000000000
33538 -139.0000000000
33573 -138.0000000000
33697 -137.0000000000
33751 -136.0000000000
33806 -135.0000000000
33865 -134.0000000000
33902 -133.0000000000
33929 -132.0000000000
33976 -131.0000000000
34046 -130.0000000000
34056 -129.0000000000
34081 -128.0000000000
34154 -127.0000000000
34186 -126.0000000000
34225 -125.0000000000
34264 -124.0000000000
34347 -123.0000000000
34471 -122.0000000000
34551 -121.0000000000
34709 -120.0000000000
34749 -119.0000000000
34825 -118.0000000000
34882 -117.0000000000
34961 -116.0000000000
35164 -115.0000000000
35182 -114.0000000000
35234 -113.0000000000
35267 -112.0000000000
35308 -111.0000000000
35345 -110.0000000000
35372 -109.0000000000
35384 -108.0000000000
35422 -107.0000000000
35477 -106.0000000000
35509 -105.0000000000
35626 -104.0000000000
35646 -103.0000000000
35787 -102.0000000000
35847 -101.0000000000
35930 -100.0000000000
35951 -99.0000000000
36128 -98.0000000000
36240 -97.0000000000
36299 -96.0000000000
36326 -95.0000000000
36442 -94.0000000000
36574 -93.0000000000
36721 -92.0000000000
36868 -91.0000000000
36962 -90.0000000000
37011 -89.0000000000
37137 -88.0000000000
37217 -87.0000000000
37302 -86.0000000000
37379 -85.0000000000
37430 -84.0000000000
37607 -83.0000000000
37697 -82.0000000000
37753 -81.0000000000
37776 -80.0000000000
37866 -79.0000000000
38192 -78.0000000000
38350 -77.0000000000
38410 -76.0000000000
38455 -75.0000000000
38588 -74.0000000000
38639 -73.0000000000
38748 -72.0000000000
38873 -71.0000000000
38935 -70.0000000000
39074 -69.0000000000
39198 -68.0000000000
39241 -67.0000000000
39326 -66.0000000000
39436 -65.0000000000
39471 -64.0000000000
39539 -63.0000000000
39608 -62.0000000000
39861 -61.0000000000
39956 -60.0000000000
39988 -59.0000000000
40071 -58.0000000000
40086 -57.0000000000
40135 -56.0000000000
40398 -55.0000000000
40933 -54.0000000000
41271 -53.0000000000
41406 -52.0000000000
41558 -51.0000000000
41606 -50.0000000000
41669 -49.0000000000
41765 -48.0000000000
41852 -47.0000000000
41900 -46.0000000000
41950 -45.0000000000
42937 -44.0000000000
43095 -43.0000000000
43522 -42.0000000000
43604 -41.0000000000
43806 -40.0000000000
43884 -39.0000000000
43967 -38.0000000000
44019 -37.0000000000
44262 -36.0000000000
44415 -35.0000000000
44459 -34.0000000000
44482 -33.0000000000
44534 -32.0000000000
44576 -31.0000000000
44673 -30.0000000000
44772 -29.0000000000
44794 -28.0000000000
45080 -27.0000000000
45631 -26.0000000000
45851 -25.0000000000
46178 -24.0000000000
46226 -23.0000000000
46281 -22.0000000000
46469 -21.0000000000
46568 -20.0000000000
46649 -19.0000000000
46864 -18.0000000000
46908 -17.0000000000
46994 -16.0000000000
47045 -15.0000000000
47075 -14.0000000000
47268 -13.0000000000
47794 -12.0000000000
48183 -11.0000000000
48671 -10.0000000000
49073 -9.0000000000
49688 -8.0000000000
49988 -7.0000000000
50087 -6.0000000000
50677 -5.0000000000
50753 -4.0000000000
50871 -3.0000000000
51177 -2.0000000000
51627 -1.0000000000
51666 173.0200000000
51694 178.4000000000
51711 184.3700000000
51714 185.0800000000
51745 186.3500000000
51750 188.5500000000
51763 191.4600000000
51797 194.8000000000
51826 204.0600000000
52978 205.6700000000
53083 211.1500000000
53363 212.1800000000
53666 219.4800000000
53853 229.1300000000
54054 229.4200000000
56285 233.5900000000
60278 235.0300000000
78113 241.2100000000
100000 -2.0000000000
