evaluations raw_y
1 -1938.0000000000
3 -1917.0000000000
4 -1915.0000000000
8 -1899.0000000000
17 -1880.0000000000
21 -1877.0000000000
33 -1867.0000000000
41 -1835.0000000000
65 -1826.0000000000
70 -1823.0000000000
82 -1814.0000000000
86 -1792.0000000000
95 -1780.0000000000
101 -1758.0000000000
133 -1755.0000000000
181 -1738.0000000000
212 -1725.0000000000
226 -1724.0000000000
228 -1723.0000000000
251 -1718.0000000000
259 -1717.0000000000
267 -1711.0000000000
276 -1707.0000000000
294 -1704.0000000000
300 -1703.0000000000
307 -1701.0000000000
322 -1696.0000000000
346 -1693.0000000000
367 -1690.0000000000
373 -1686.0000000000
389 -1685.0000000000
390 -1684.0000000000
399 -1683.0000000000
412 -1681.0000000000
415 -1679.0000000000
431 -1677.0000000000
442 -1676.0000000000
450 -1673.0000000000
455 -1669.0000000000
467 -1668.0000000000
491 -1667.0000000000
504 -1665.0000000000
537 -1664.0000000000
549 -1663.0000000000
563 -1662.0000000000
573 -1661.0000000000
582 -1657.0000000000
622 -1655.0000000000
642 -1653.0000000000
670 -1652.0000000000
688 -1651.0000000000
705 -1649.0000000000
713 -1648.0000000000
751 -1647.0000000000
758 -1646.0000000000
762 -1643.0000000000
790 -1642.0000000000
801 -1641.0000000000
818 -1640.0000000000
841 -1639.0000000000
845 -1637.0000000000
863 -1635.0000000000
875 -1634.0000000000
901 -1633.0000000000
909 -1632.0000000000
911 -1630.0000000000
916 -1629.0000000000
920 -1627.0000000000
943 -1626.0000000000
949 -1624.0000000000
983 -1623.0000000000
989 -1622.0000000000
995 -1621.0000000000
1014 -1617.0000000000
1021 -1614.0000000000
1065 -1613.0000000000
1079 -1612.0000000000
1108 -1611.0000000000
1144 -1608.0000000000
1168 -1606.0000000000
1189 -1605.0000000000
1202 -1601.0000000000
1229 -1600.0000000000
1233 -1599.0000000000
1246 -1597.0000000000
1262 -1595.0000000000
1284 -1592.0000000000
1316 -1591.0000000000
1321 -1590.0000000000
1330 -1589.0000000000
1366 -1588.0000000000
1384 -1587.0000000000
1402 -1585.0000000000
1429 -1584.0000000000
1439 -1582.0000000000
1462 -1581.0000000000
1465 -1580.0000000000
1473 -1579.0000000000
1487 -1578.0000000000
1501 -1576.0000000000
1545 -1573.0000000000
1564 -1572.0000000000
1588 -1571.0000000000
1592 -1570.0000000000
1594 -1569.0000000000
1611 -1568.0000000000
1621 -1567.0000000000
1639 -1565.0000000000
1657 -1563.0000000000
1676 -1562.0000000000
1694 -1559.0000000000
1704 -1558.0000000000
1711 -1557.0000000000
1742 -1556.0000000000
1761 -1553.0000000000
1806 -1552.0000000000
1813 -1551.0000000000
1828 -1550.0000000000
1841 -1549.0000000000
1856 -1548.0000000000
1868 -1547.0000000000
1871 -1546.0000000000
1903 -1545.0000000000
1910 -1544.0000000000
1925 -1542.0000000000
1950 -1541.0000000000
1967 -1538.0000000000
1988 -1537.0000000000
2005 -1535.0000000000
2043 -1533.0000000000
2066 -1530.0000000000
2081 -1529.0000000000
2125 -1528.0000000000
2130 -1527.0000000000
2150 -1525.0000000000
2156 -1524.0000000000
2169 -1523.0000000000
2182 -1522.0000000000
2186 -1521.0000000000
2204 -1519.0000000000
2231 -1517.0000000000
2244 -1515.0000000000
2279 -1514.0000000000
2301 -1510.0000000000
2341 -1509.0000000000
2345 -1507.0000000000
2374 -1506.0000000000
2383 -1502.0000000000
2405 -1500.0000000000
2432 -1499.0000000000
2445 -1494.0000000000
2489 -1493.0000000000
2508 -1490.0000000000
2540 -1489.0000000000
2543 -1487.0000000000
2574 -1485.0000000000
2603 -1482.0000000000
2633 -1481.0000000000
2641 -1479.0000000000
2661 -1478.0000000000
2687 -1477.0000000000
2696 -1474.0000000000
2717 -1473.0000000000
2737 -1472.0000000000
2762 -1471.0000000000
2774 -1469.0000000000
2788 -1467.0000000000
2802 -1465.0000000000
2803 -1464.0000000000
2843 -1463.0000000000
2867 -1462.0000000000
2883 -1459.0000000000
2907 -1458.0000000000
2927 -1457.0000000000
2942 -1455.0000000000
2961 -1454.0000000000
2978 -1452.0000000000
3000 -1450.0000000000
3024 -1449.0000000000
3026 -1446.0000000000
3048 -1444.0000000000
3056 -1441.0000000000
3076 -1440.0000000000
3087 -1438.0000000000
3103 -1437.0000000000
3133 -1435.0000000000
3147 -1433.0000000000
3164 -1431.0000000000
3217 -1430.0000000000
3221 -1429.0000000000
3224 -1428.0000000000
3258 -1427.0000000000
3263 -1426.0000000000
3269 -1422.0000000000
3285 -1421.0000000000
3320 -1420.0000000000
3337 -1419.0000000000
3350 -1415.0000000000
3386 -1414.0000000000
3399 -1413.0000000000
3419 -1410.0000000000
3447 -1409.0000000000
3462 -1408.0000000000
3489 -1407.0000000000
3500 -1405.0000000000
3511 -1404.0000000000
3540 -1403.0000000000
3561 -1402.0000000000
3563 -1401.0000000000
3596 -1398.0000000000
3625 -1397.0000000000
3639 -1396.0000000000
3644 -1395.0000000000
3684 -1394.0000000000
3689 -1391.0000000000
3707 -1390.0000000000
3714 -1389.0000000000
3726 -1387.0000000000
3741 -1385.0000000000
3753 -1384.0000000000
3766 -1383.0000000000
3777 -1381.0000000000
3800 -1380.0000000000
3807 -1379.0000000000
3840 -1377.0000000000
3843 -1376.0000000000
3863 -1375.0000000000
3876 -1374.0000000000
3881 -1373.0000000000
3886 -1371.0000000000
3908 -1370.0000000000
3928 -1367.0000000000
3961 -1366.0000000000
3969 -1365.0000000000
3984 -1360.0000000000
4005 -1359.0000000000
4027 -1355.0000000000
4075 -1354.0000000000
4082 -1351.0000000000
4101 -1350.0000000000
4106 -1349.0000000000
4127 -1348.0000000000
4132 -1347.0000000000
4151 -1346.0000000000
4155 -1342.0000000000
4189 -1340.0000000000
4204 -1339.0000000000
4222 -1338.0000000000
4224 -1337.0000000000
4245 -1336.0000000000
4247 -1335.0000000000
4267 -1334.0000000000
4274 -1333.0000000000
4283 -1332.0000000000
4308 -1331.0000000000
4311 -1330.0000000000
4335 -1327.0000000000
4378 -1326.0000000000
4397 -1325.0000000000
4402 -1324.0000000000
4422 -1321.0000000000
4460 -1319.0000000000
4484 -1318.0000000000
4506 -1317.0000000000
4527 -1316.0000000000
4529 -1315.0000000000
4543 -1313.0000000000
4568 -1312.0000000000
4578 -1311.0000000000
4587 -1309.0000000000
4636 -1308.0000000000
4653 -1307.0000000000
4668 -1304.0000000000
4683 -1302.0000000000
4686 -1301.0000000000
4711 -1299.0000000000
4726 -1297.0000000000
4762 -1296.0000000000
4775 -1291.0000000000
4781 -1288.0000000000
4807 -1287.0000000000
4821 -1285.0000000000
4825 -1283.0000000000
4841 -1282.0000000000
4861 -1279.0000000000
4876 -1278.0000000000
4885 -1276.0000000000
4904 -1274.0000000000
4940 -1272.0000000000
4957 -1271.0000000000
4960 -1270.0000000000
4966 -1269.0000000000
4978 -1268.0000000000
4994 -1265.0000000000
5002 -1263.0000000000
5023 -1260.0000000000
5062 -1259.0000000000
5071 -1258.0000000000
5087 -1255.0000000000
5112 -1254.0000000000
5142 -1252.0000000000
5174 -1251.0000000000
5192 -1250.0000000000
5218 -1249.0000000000
5226 -1247.0000000000
5260 -1246.0000000000
5289 -1245.0000000000
5300 -1242.0000000000
5321 -1241.0000000000
5350 -1240.0000000000
5358 -1238.0000000000
5372 -1237.0000000000
5375 -1235.0000000000
5425 -1233.0000000000
5463 -1231.0000000000
5484 -1230.0000000000
5502 -1228.0000000000
5547 -1227.0000000000
5568 -1226.0000000000
5576 -1224.0000000000
5603 -1223.0000000000
5631 -1220.0000000000
5645 -1218.0000000000
5662 -1217.0000000000
5674 -1216.0000000000
5682 -1215.0000000000
5689 -1214.0000000000
5702 -1213.0000000000
5722 -1210.0000000000
5758 -1208.0000000000
5769 -1204.0000000000
5815 -1203.0000000000
5821 -1201.0000000000
5843 -1200.0000000000
5851 -1199.0000000000
5869 -1198.0000000000
5883 -1197.0000000000
5916 -1196.0000000000
5922 -1193.0000000000
5973 -1192.0000000000
5987 -1191.0000000000
5993 -1189.0000000000
6002 -1187.0000000000
6022 -1186.0000000000
6030 -1185.0000000000
6053 -1184.0000000000
6057 -1183.0000000000
6076 -1182.0000000000
6099 -1181.0000000000
6107 -1179.0000000000
6134 -1178.0000000000
6174 -1177.0000000000
6187 -1176.0000000000
6201 -1175.0000000000
6215 -1174.0000000000
6228 -1173.0000000000
6266 -1172.0000000000
6285 -1171.0000000000
6297 -1170.0000000000
6313 -1169.0000000000
6322 -1168.0000000000
6347 -1167.0000000000
6348 -1165.0000000000
6386 -1164.0000000000
6418 -1163.0000000000
6430 -1162.0000000000
6434 -1161.0000000000
6453 -1160.0000000000
6480 -1159.0000000000
6488 -1158.0000000000
6497 -1157.0000000000
6505 -1156.0000000000
6536 -1155.0000000000
6546 -1153.0000000000
6565 -1152.0000000000
6589 -1150.0000000000
6606 -1149.0000000000
6610 -1148.0000000000
6633 -1147.0000000000
6646 -1146.0000000000
6658 -1144.0000000000
6665 -1143.0000000000
6687 -1142.0000000000
6688 -1141.0000000000
6720 -1139.0000000000
6724 -1137.0000000000
6762 -1136.0000000000
6782 -1135.0000000000
6789 -1133.0000000000
6824 -1132.0000000000
6833 -1131.0000000000
6851 -1130.0000000000
6863 -1126.0000000000
6901 -1125.0000000000
6929 -1121.0000000000
6965 -1120.0000000000
6992 -1119.0000000000
7013 -1116.0000000000
7042 -1111.0000000000
7086 -1110.0000000000
7093 -1109.0000000000
7105 -1107.0000000000
7124 -1106.0000000000
7154 -1105.0000000000
7175 -1104.0000000000
7182 -1103.0000000000
7210 -1102.0000000000
7218 -1100.0000000000
7270 -1099.0000000000
7273 -1098.0000000000
7294 -1097.0000000000
7295 -1096.0000000000
7322 -1095.0000000000
7341 -1093.0000000000
7351 -1092.0000000000
7374 -1091.0000000000
7393 -1090.0000000000
7413 -1087.0000000000
7428 -1086.0000000000
7464 -1085.0000000000
7493 -1083.0000000000
7524 -1082.0000000000
7554 -1080.0000000000
7572 -1079.0000000000
7583 -1078.0000000000
7585 -1077.0000000000
7611 -1076.0000000000
7650 -1075.0000000000
7657 -1074.0000000000
7664 -1073.0000000000
7676 -1072.0000000000
7706 -1071.0000000000
7717 -1070.0000000000
7741 -1069.0000000000
7762 -1067.0000000000
7783 -1066.0000000000
7829 -1065.0000000000
7836 -1064.0000000000
7868 -1063.0000000000
7885 -1061.0000000000
7901 -1060.0000000000
7926 -1059.0000000000
7950 -1057.0000000000
7985 -1055.0000000000
8006 -1054.0000000000
8035 -1053.0000000000
8043 -1052.0000000000
8062 -1050.0000000000
8100 -1048.0000000000
8121 -1046.0000000000
8123 -1045.0000000000
8157 -1043.0000000000
8182 -1042.0000000000
8203 -1041.0000000000
8215 -1040.0000000000
8253 -1039.0000000000
8270 -1037.0000000000
8281 -1035.0000000000
8303 -1034.0000000000
8313 -1033.0000000000
8326 -1032.0000000000
8328 -1031.0000000000
8347 -1030.0000000000
8368 -1029.0000000000
8388 -1028.0000000000
8409 -1026.0000000000
8426 -1024.0000000000
8450 -1022.0000000000
8452 -1021.0000000000
8491 -1018.0000000000
8505 -1017.0000000000
8521 -1015.0000000000
8548 -1014.0000000000
8589 -1013.0000000000
8633 -1012.0000000000
8653 -1011.0000000000
8675 -1010.0000000000
8681 -1008.0000000000
8716 -1006.0000000000
8737 -1005.0000000000
8753 -1003.0000000000
8763 -1002.0000000000
8800 -1001.0000000000
8840 -1000.0000000000
8841 -998.0000000000
8884 -997.0000000000
8887 -996.0000000000
8900 -995.0000000000
8925 -994.0000000000
8969 -993.0000000000
8981 -991.0000000000
9012 -990.0000000000
9023 -989.0000000000
9030 -988.0000000000
9039 -987.0000000000
9065 -986.0000000000
9091 -984.0000000000
9119 -982.0000000000
9143 -980.0000000000
9160 -979.0000000000
9163 -978.0000000000
9201 -977.0000000000
9214 -975.0000000000
9223 -974.0000000000
9244 -973.0000000000
9265 -972.0000000000
9292 -970.0000000000
9297 -969.0000000000
9310 -967.0000000000
9342 -966.0000000000
9348 -965.0000000000
9372 -962.0000000000
9402 -961.0000000000
9407 -960.0000000000
9427 -958.0000000000
9466 -957.0000000000
9489 -955.0000000000
9505 -954.0000000000
9521 -953.0000000000
9554 -952.0000000000
9556 -951.0000000000
9561 -950.0000000000
9587 -948.0000000000
9628 -946.0000000000
9671 -945.0000000000
9703 -943.0000000000
9721 -941.0000000000
9744 -940.0000000000
9777 -939.0000000000
9801 -938.0000000000
9855 -937.0000000000
9861 -936.0000000000
9916 -935.0000000000
9924 -933.0000000000
9975 -931.0000000000
10002 -929.0000000000
10054 -927.0000000000
10067 -926.0000000000
10081 -924.0000000000
10122 -923.0000000000
10125 -922.0000000000
10160 -920.0000000000
10162 -918.0000000000
10222 -916.0000000000
10227 -915.0000000000
10246 -914.0000000000
10281 -913.0000000000
10294 -912.0000000000
10306 -910.0000000000
10336 -909.0000000000
10347 -907.0000000000
10367 -906.0000000000
10381 -905.0000000000
10402 -903.0000000000
10425 -901.0000000000
10443 -899.0000000000
10463 -898.0000000000
10489 -897.0000000000
10511 -896.0000000000
10523 -895.0000000000
10541 -894.0000000000
10543 -893.0000000000
10567 -892.0000000000
10588 -890.0000000000
10615 -889.0000000000
10648 -888.0000000000
10654 -886.0000000000
10662 -884.0000000000
10703 -881.0000000000
10760 -880.0000000000
10776 -879.0000000000
10795 -877.0000000000
10801 -876.0000000000
10851 -875.0000000000
10882 -873.0000000000
10906 -872.0000000000
10922 -871.0000000000
10924 -869.0000000000
10970 -868.0000000000
10984 -867.0000000000
10996 -866.0000000000
11016 -865.0000000000
11053 -863.0000000000
11066 -861.0000000000
11086 -860.0000000000
11111 -859.0000000000
11115 -858.0000000000
11129 -856.0000000000
11167 -854.0000000000
11181 -853.0000000000
11215 -852.0000000000
11242 -851.0000000000
11267 -850.0000000000
11281 -849.0000000000
11309 -848.0000000000
11317 -846.0000000000
11345 -845.0000000000
11347 -844.0000000000
11385 -842.0000000000
11401 -841.0000000000
11433 -838.0000000000
11475 -836.0000000000
11481 -835.0000000000
11533 -834.0000000000
11567 -831.0000000000
11620 -829.0000000000
11633 -828.0000000000
11673 -827.0000000000
11682 -826.0000000000
11711 -825.0000000000
11724 -823.0000000000
11770 -822.0000000000
11773 -820.0000000000
11794 -818.0000000000
11804 -817.0000000000
11823 -816.0000000000
11890 -814.0000000000
11948 -813.0000000000
11960 -812.0000000000
11964 -810.0000000000
12008 -809.0000000000
12041 -806.0000000000
12044 -805.0000000000
12082 -802.0000000000
12125 -801.0000000000
12172 -800.0000000000
12192 -798.0000000000
12201 -797.0000000000
12234 -796.0000000000
12245 -794.0000000000
12260 -792.0000000000
12283 -791.0000000000
12323 -788.0000000000
12349 -787.0000000000
12374 -786.0000000000
12381 -785.0000000000
12407 -784.0000000000
12415 -783.0000000000
12441 -781.0000000000
12468 -780.0000000000
12484 -779.0000000000
12489 -778.0000000000
12501 -774.0000000000
12583 -773.0000000000
12604 -772.0000000000
12634 -771.0000000000
12670 -769.0000000000
12713 -767.0000000000
12721 -766.0000000000
12783 -765.0000000000
12807 -764.0000000000
12821 -763.0000000000
12828 -762.0000000000
12846 -761.0000000000
12867 -760.0000000000
12887 -758.0000000000
12911 -757.0000000000
12912 -755.0000000000
12941 -754.0000000000
12965 -753.0000000000
13003 -751.0000000000
13045 -749.0000000000
13104 -748.0000000000
13109 -747.0000000000
13125 -746.0000000000
13153 -745.0000000000
13172 -744.0000000000
13187 -743.0000000000
13232 -740.0000000000
13257 -739.0000000000
13264 -738.0000000000
13304 -737.0000000000
13347 -736.0000000000
13393 -735.0000000000
13419 -734.0000000000
13423 -733.0000000000
13452 -732.0000000000
13473 -731.0000000000
13482 -730.0000000000
13529 -729.0000000000
13572 -728.0000000000
13580 -727.0000000000
13586 -726.0000000000
13591 -725.0000000000
13641 -724.0000000000
13661 -722.0000000000
13706 -721.0000000000
13728 -720.0000000000
13743 -719.0000000000
13770 -718.0000000000
13792 -717.0000000000
13795 -716.0000000000
13807 -715.0000000000
13837 -714.0000000000
13852 -713.0000000000
13896 -710.0000000000
13907 -709.0000000000
13921 -708.0000000000
13957 -707.0000000000
13981 -706.0000000000
14007 -705.0000000000
14022 -703.0000000000
14043 -700.0000000000
14061 -698.0000000000
14097 -697.0000000000
14122 -696.0000000000
14126 -694.0000000000
14183 -693.0000000000
14202 -692.0000000000
14231 -690.0000000000
14268 -689.0000000000
14285 -687.0000000000
14308 -686.0000000000
14341 -685.0000000000
14374 -684.0000000000
14378 -683.0000000000
14412 -682.0000000000
14430 -680.0000000000
14471 -679.0000000000
14486 -678.0000000000
14506 -677.0000000000
14513 -676.0000000000
14527 -675.0000000000
14561 -674.0000000000
14567 -673.0000000000
14585 -671.0000000000
14607 -670.0000000000
14634 -669.0000000000
14642 -668.0000000000
14677 -665.0000000000
14704 -664.0000000000
14716 -663.0000000000
14726 -662.0000000000
14762 -660.0000000000
14776 -659.0000000000
14805 -658.0000000000
14821 -657.0000000000
14824 -656.0000000000
14872 -654.0000000000
14895 -653.0000000000
14920 -652.0000000000
14944 -650.0000000000
15000 -648.0000000000
15064 -647.0000000000
15081 -646.0000000000
15110 -645.0000000000
15123 -644.0000000000
15148 -643.0000000000
15162 -642.0000000000
15201 -640.0000000000
15222 -639.0000000000
15238 -636.0000000000
15274 -634.0000000000
15281 -633.0000000000
15313 -632.0000000000
15326 -629.0000000000
15371 -628.0000000000
15391 -627.0000000000
15441 -626.0000000000
15471 -624.0000000000
15508 -623.0000000000
15530 -622.0000000000
15572 -621.0000000000
15575 -620.0000000000
15604 -619.0000000000
15606 -617.0000000000
15683 -616.0000000000
15751 -615.0000000000
15806 -614.0000000000
15849 -613.0000000000
15863 -612.0000000000
15928 -611.0000000000
15937 -610.0000000000
15951 -609.0000000000
16006 -608.0000000000
16020 -607.0000000000
16032 -605.0000000000
16088 -604.0000000000
16104 -603.0000000000
16132 -602.0000000000
16161 -601.0000000000
16190 -600.0000000000
16206 -599.0000000000
16235 -597.0000000000
16243 -596.0000000000
16266 -595.0000000000
16277 -594.0000000000
16321 -593.0000000000
16341 -592.0000000000
16368 -589.0000000000
16450 -588.0000000000
16479 -586.0000000000
16523 -585.0000000000
16555 -584.0000000000
16566 -582.0000000000
16582 -581.0000000000
16628 -580.0000000000
16714 -579.0000000000
16721 -578.0000000000
16786 -577.0000000000
16807 -576.0000000000
16813 -575.0000000000
16823 -574.0000000000
16847 -573.0000000000
16867 -572.0000000000
16889 -570.0000000000
16911 -569.0000000000
16945 -568.0000000000
16971 -567.0000000000
17001 -566.0000000000
17032 -565.0000000000
17063 -564.0000000000
17068 -563.0000000000
17088 -562.0000000000
17091 -561.0000000000
17128 -559.0000000000
17170 -557.0000000000
17236 -556.0000000000
17247 -555.0000000000
17271 -554.0000000000
17286 -552.0000000000
17336 -550.0000000000
17387 -549.0000000000
17410 -548.0000000000
17480 -547.0000000000
17524 -546.0000000000
17550 -545.0000000000
17582 -543.0000000000
17621 -542.0000000000
17623 -541.0000000000
17661 -539.0000000000
17687 -537.0000000000
17748 -536.0000000000
17752 -535.0000000000
17762 -534.0000000000
17801 -533.0000000000
17806 -532.0000000000
17856 -531.0000000000
17876 -530.0000000000
17901 -529.0000000000
17939 -527.0000000000
17981 -526.0000000000
17984 -525.0000000000
18032 -524.0000000000
18075 -523.0000000000
18095 -522.0000000000
18117 -521.0000000000
18137 -520.0000000000
18168 -519.0000000000
18186 -518.0000000000
18198 -516.0000000000
18218 -515.0000000000
18230 -514.0000000000
18261 -513.0000000000
18267 -512.0000000000
18282 -511.0000000000
18308 -510.0000000000
18324 -509.0000000000
18371 -508.0000000000
18412 -507.0000000000
18472 -506.0000000000
18473 -505.0000000000
18497 -504.0000000000
18534 -503.0000000000
18540 -502.0000000000
18607 -500.0000000000
18623 -499.0000000000
18645 -498.0000000000
18654 -496.0000000000
18712 -495.0000000000
18752 -494.0000000000
18759 -493.0000000000
18799 -492.0000000000
18828 -491.0000000000
18833 -489.0000000000
18863 -488.0000000000
18865 -487.0000000000
18888 -483.0000000000
18954 -481.0000000000
19006 -480.0000000000
19026 -479.0000000000
19057 -477.0000000000
19127 -475.0000000000
19150 -474.0000000000
19192 -472.0000000000
19206 -471.0000000000
19239 -470.0000000000
19259 -469.0000000000
19276 -468.0000000000
19284 -467.0000000000
19343 -464.0000000000
19401 -463.0000000000
19424 -462.0000000000
19455 -461.0000000000
19463 -460.0000000000
19494 -459.0000000000
19518 -458.0000000000
19550 -457.0000000000
19554 -456.0000000000
19593 -455.0000000000
19625 -454.0000000000
19664 -453.0000000000
19696 -452.0000000000
19708 -451.0000000000
19764 -449.0000000000
19826 -448.0000000000
19870 -446.0000000000
19939 -445.0000000000
19961 -444.0000000000
19988 -443.0000000000
20051 -441.0000000000
20103 -440.0000000000
20116 -439.0000000000
20178 -438.0000000000
20201 -437.0000000000
20211 -436.0000000000
20245 -434.0000000000
20297 -433.0000000000
20310 -432.0000000000
20322 -431.0000000000
20361 -430.0000000000
20414 -429.0000000000
20427 -428.0000000000
20447 -427.0000000000
20462 -425.0000000000
20504 -424.0000000000
20535 -423.0000000000
20573 -422.0000000000
20615 -421.0000000000
20644 -420.0000000000
20683 -419.0000000000
20692 -418.0000000000
20739 -417.0000000000
20769 -416.0000000000
20802 -415.0000000000
20804 -414.0000000000
20862 -413.0000000000
20871 -412.0000000000
20911 -410.0000000000
20947 -409.0000000000
20973 -408.0000000000
20992 -407.0000000000
21027 -406.0000000000
21072 -404.0000000000
21095 -403.0000000000
21103 -402.0000000000
21152 -400.0000000000
21184 -398.0000000000
21222 -397.0000000000
21232 -396.0000000000
21269 -395.0000000000
21274 -393.0000000000
21324 -392.0000000000
21342 -391.0000000000
21363 -390.0000000000
21375 -389.0000000000
21388 -388.0000000000
21428 -386.0000000000
21478 -384.0000000000
21523 -383.0000000000
21524 -382.0000000000
21560 -381.0000000000
21598 -380.0000000000
21643 -379.0000000000
21695 -376.0000000000
21722 -375.0000000000
21748 -374.0000000000
21763 -373.0000000000
21771 -372.0000000000
21818 -371.0000000000
21822 -370.0000000000
21843 -369.0000000000
21862 -368.0000000000
21897 -367.0000000000
21942 -366.0000000000
21971 -365.0000000000
22005 -364.0000000000
22040 -363.0000000000
22065 -361.0000000000
22101 -360.0000000000
22141 -359.0000000000
22164 -357.0000000000
22175 -356.0000000000
22189 -355.0000000000
22235 -354.0000000000
22268 -353.0000000000
22281 -352.0000000000
22317 -351.0000000000
22323 -350.0000000000
22370 -349.0000000000
22406 -348.0000000000
22449 -347.0000000000
22496 -346.0000000000
22538 -345.0000000000
22553 -344.0000000000
22561 -343.0000000000
22583 -342.0000000000
22617 -341.0000000000
22626 -340.0000000000
22648 -338.0000000000
22674 -337.0000000000
22717 -336.0000000000
22739 -334.0000000000
22777 -333.0000000000
22802 -332.0000000000
22843 -331.0000000000
22845 -330.0000000000
22863 -329.0000000000
22888 -328.0000000000
22941 -327.0000000000
22992 -325.0000000000
23044 -324.0000000000
23104 -323.0000000000
23148 -322.0000000000
23203 -321.0000000000
23240 -320.0000000000
23269 -318.0000000000
23316 -317.0000000000
23381 -314.0000000000
23421 -313.0000000000
23448 -312.0000000000
23504 -311.0000000000
23510 -310.0000000000
23557 -308.0000000000
23601 -307.0000000000
23635 -306.0000000000
23686 -304.0000000000
23748 -303.0000000000
23762 -302.0000000000
23791 -301.0000000000
23801 -300.0000000000
23813 -298.0000000000
23842 -297.0000000000
23886 -295.0000000000
23925 -294.0000000000
23953 -293.0000000000
23969 -292.0000000000
23971 -291.0000000000
23997 -290.0000000000
24037 -289.0000000000
24046 -288.0000000000
24083 -287.0000000000
24094 -286.0000000000
24127 -285.0000000000
24153 -284.0000000000
24172 -283.0000000000
24221 -282.0000000000
24269 -281.0000000000
24310 -279.0000000000
24355 -278.0000000000
24386 -277.0000000000
24411 -276.0000000000
24466 -274.0000000000
24511 -273.0000000000
24566 -272.0000000000
24619 -271.0000000000
24623 -270.0000000000
24662 -268.0000000000
24715 -267.0000000000
24721 -266.0000000000
24766 -265.0000000000
24787 -264.0000000000
24816 -263.0000000000
24849 -260.0000000000
24879 -259.0000000000
24908 -258.0000000000
24928 -256.0000000000
24975 -255.0000000000
25002 -254.0000000000
25021 -253.0000000000
25043 -252.0000000000
25076 -251.0000000000
25099 -250.0000000000
25127 -249.0000000000
25142 -247.0000000000
25156 -246.0000000000
25221 -245.0000000000
25249 -244.0000000000
25261 -243.0000000000
25315 -242.0000000000
25348 -241.0000000000
25379 -240.0000000000
25423 -239.0000000000
25445 -237.0000000000
25491 -236.0000000000
25536 -235.0000000000
25568 -234.0000000000
25601 -233.0000000000
25622 -232.0000000000
25659 -231.0000000000
25681 -230.0000000000
25717 -229.0000000000
25734 -228.0000000000
25743 -227.0000000000
25783 -226.0000000000
25808 -225.0000000000
25836 -224.0000000000
25867 -223.0000000000
25892 -222.0000000000
25922 -221.0000000000
25924 -220.0000000000
25968 -219.0000000000
26045 -218.0000000000
26134 -216.0000000000
26176 -215.0000000000
26218 -214.0000000000
26264 -213.0000000000
26295 -212.0000000000
26327 -211.0000000000
26421 -210.0000000000
26463 -209.0000000000
26506 -207.0000000000
26565 -206.0000000000
26610 -205.0000000000
26629 -203.0000000000
26683 -202.0000000000
26702 -201.0000000000
26752 -200.0000000000
26771 -199.0000000000
26822 -198.0000000000
26877 -197.0000000000
26910 -196.0000000000
26940 -195.0000000000
26964 -194.0000000000
27004 -193.0000000000
27048 -192.0000000000
27088 -191.0000000000
27110 -190.0000000000
27164 -189.0000000000
27208 -186.0000000000
27254 -184.0000000000
27282 -183.0000000000
27328 -182.0000000000
27339 -181.0000000000
27419 -180.0000000000
27504 -179.0000000000
27551 -178.0000000000
27601 -177.0000000000
27668 -176.0000000000
27711 -175.0000000000
27750 -173.0000000000
27783 -172.0000000000
27790 -171.0000000000
27826 -170.0000000000
27852 -168.0000000000
27884 -167.0000000000
27897 -166.0000000000
27949 -165.0000000000
27995 -164.0000000000
28039 -163.0000000000
28066 -162.0000000000
28084 -161.0000000000
28087 -160.0000000000
28112 -159.0000000000
28174 -158.0000000000
28241 -157.0000000000
28276 -156.0000000000
28304 -155.0000000000
28350 -154.0000000000
28422 -152.0000000000
28476 -151.0000000000
28505 -150.0000000000
28528 -149.0000000000
28629 -148.0000000000
28659 -147.0000000000
28728 -146.0000000000
28800 -145.0000000000
28861 -144.0000000000
29006 -143.0000000000
29050 -142.0000000000
29112 -141.0000000000
29153 -140.0000000000
29200 -139.0000000000
29215 -138.0000000000
29281 -137.0000000000
29305 -136.0000000000
29368 -135.0000000000
29392 -134.0000000000
29426 -133.0000000000
29462 -131.0000000000
29484 -130.0000000000
29510 -129.0000000000
29549 -128.0000000000
29571 -127.0000000000
29603 -126.0000000000
29621 -125.0000000000
29675 -124.0000000000
29718 -123.0000000000
29767 -122.0000000000
29772 -120.0000000000
29844 -119.0000000000
29870 -118.0000000000
29914 -117.0000000000
29932 -116.0000000000
29975 -115.0000000000
30037 -114.0000000000
30107 -113.0000000000
30123 -112.0000000000
30256 -111.0000000000
30293 -110.0000000000
30352 -109.0000000000
30390 -108.0000000000
30424 -107.0000000000
30483 -106.0000000000
30606 -105.0000000000
30645 -104.0000000000
30690 -103.0000000000
30754 -102.0000000000
30809 -101.0000000000
30872 -100.0000000000
30944 -99.0000000000
30982 -98.0000000000
31005 -97.0000000000
31139 -96.0000000000
31197 -95.0000000000
31203 -94.0000000000
31235 -93.0000000000
31316 -92.0000000000
31405 -91.0000000000
31464 -90.0000000000
31530 -89.0000000000
31593 -88.0000000000
31609 -87.0000000000
31661 -86.0000000000
31684 -85.0000000000
31707 -84.0000000000
31739 -83.0000000000
31790 -82.0000000000
31816 -81.0000000000
31886 -80.0000000000
31927 -79.0000000000
31965 -78.0000000000
32008 -77.0000000000
32062 -76.0000000000
32148 -75.0000000000
32199 -74.0000000000
32205 -73.0000000000
32253 -72.0000000000
32362 -71.0000000000
32432 -70.0000000000
32492 -69.0000000000
32526 -68.0000000000
32579 -67.0000000000
32646 -66.0000000000
32685 -65.0000000000
32722 -64.0000000000
32790 -63.0000000000
32846 -62.0000000000
32875 -61.0000000000
32929 -60.0000000000
33024 -59.0000000000
33096 -58.0000000000
33183 -57.0000000000
33221 -56.0000000000
33244 -55.0000000000
33325 -54.0000000000
33330 -53.0000000000
33405 -52.0000000000
33440 -51.0000000000
33471 -50.0000000000
33484 -49.0000000000
33575 -48.0000000000
33624 -47.0000000000
33669 -46.0000000000
33754 -45.0000000000
33807 -44.0000000000
33822 -43.0000000000
33911 -42.0000000000
33924 -41.0000000000
34012 -40.0000000000
34127 -39.0000000000
34184 -38.0000000000
34270 -37.0000000000
34323 -36.0000000000
34349 -35.0000000000
34385 -34.0000000000
34427 -33.0000000000
34484 -32.0000000000
34530 -31.0000000000
34614 -30.0000000000
34641 -29.0000000000
34687 -28.0000000000
34775 -27.0000000000
34817 -26.0000000000
34905 -25.0000000000
34923 -24.0000000000
35008 -23.0000000000
35049 -22.0000000000
35072 -21.0000000000
35213 -20.0000000000
35283 -19.0000000000
35424 -18.0000000000
35479 -17.0000000000
35573 -16.0000000000
35809 -15.0000000000
35926 -14.0000000000
35968 -13.0000000000
36113 -12.0000000000
36143 -11.0000000000
36232 -10.0000000000
36393 -9.0000000000
36481 -8.0000000000
36554 -7.0000000000
36620 -6.0000000000
36626 -5.0000000000
36711 -4.0000000000
36751 -3.0000000000
36808 -2.0000000000
36904 -1.0000000000
37165 647.3100000000
37222 650.2700000000
37311 652.0600000000
37347 652.8600000000
37348 653.6400000000
37467 654.1500000000
37636 658.4700000000
37755 667.9500000000
37874 720.8200000000
37885 737.8100000000
37923 750.1700000000
37942 750.6300000000
38103 759.5900000000
38277 765.9300000000
39887 767.0400000000
40155 778.1800000000
57574 781.2900000000
57679 789.0300000000
58313 789.4100000000
58390 800.5000000000
58597 801.0000000000
59113 802.2300000000
59124 803.8400000000
59505 805.6300000000
59829 805.9800000000
60437 807.0400000000
61000 807.1400000000
61977 812.6900000000
64524 817.2800000000
68813 818.8700000000
95518 820.6700000000
100000 -3.0000000000
