evaluations raw_y
1 -374.0000000000
2 -373.0000000000
5 -372.0000000000
7 -371.0000000000
10 -370.0000000000
13 -369.0000000000
15 -367.0000000000
16 -366.0000000000
18 -365.0000000000
22 -364.0000000000
28 -362.0000000000
41 -361.0000000000
59 -360.0000000000
61 -358.0000000000
67 -356.0000000000
71 -355.0000000000
77 -353.0000000000
80 -352.0000000000
81 -351.0000000000
83 -350.0000000000
87 -349.0000000000
89 -348.0000000000
97 -347.0000000000
100 -345.0000000000
102 -344.0000000000
108 -342.0000000000
110 -341.0000000000
111 -340.0000000000
112 -339.0000000000
122 -337.0000000000
123 -335.0000000000
126 -333.0000000000
134 -332.0000000000
135 -330.0000000000
141 -329.0000000000
152 -328.0000000000
153 -326.0000000000
156 -325.0000000000
158 -324.0000000000
162 -323.0000000000
163 -322.0000000000
168 -321.0000000000
171 -320.0000000000
174 -319.0000000000
175 -317.0000000000
179 -316.0000000000
180 -314.0000000000
188 -312.0000000000
191 -311.0000000000
196 -310.0000000000
199 -309.0000000000
202 -308.0000000000
205 -306.0000000000
206 -305.0000000000
208 -304.0000000000
214 -303.0000000000
222 -301.0000000000
223 -299.0000000000
227 -298.0000000000
230 -297.0000000000
231 -295.0000000000
232 -294.0000000000
239 -293.0000000000
240 -291.0000000000
261 -289.0000000000
270 -287.0000000000
271 -286.0000000000
272 -285.0000000000
273 -284.0000000000
278 -283.0000000000
280 -281.0000000000
289 -280.0000000000
317 -277.0000000000
321 -275.0000000000
326 -274.0000000000
329 -273.0000000000
340 -272.0000000000
341 -271.0000000000
342 -270.0000000000
355 -269.0000000000
356 -268.0000000000
360 -267.0000000000
368 -266.0000000000
371 -265.0000000000
372 -264.0000000000
381 -263.0000000000
383 -262.0000000000
386 -261.0000000000
389 -260.0000000000
405 -258.0000000000
407 -257.0000000000
408 -256.0000000000
410 -255.0000000000
412 -254.0000000000
415 -253.0000000000
418 -252.0000000000
426 -251.0000000000
428 -250.0000000000
453 -249.0000000000
461 -246.0000000000
462 -245.0000000000
470 -244.0000000000
495 -243.0000000000
497 -242.0000000000
500 -239.0000000000
501 -238.0000000000
506 -237.0000000000
510 -236.0000000000
515 -234.0000000000
520 -233.0000000000
521 -232.0000000000
540 -231.0000000000
559 -230.0000000000
560 -229.0000000000
571 -227.0000000000
587 -226.0000000000
590 -224.0000000000
609 -222.0000000000
625 -221.0000000000
642 -219.0000000000
647 -218.0000000000
652 -217.0000000000
656 -216.0000000000
668 -214.0000000000
692 -213.0000000000
696 -212.0000000000
699 -211.0000000000
705 -210.0000000000
713 -209.0000000000
719 -208.0000000000
732 -207.0000000000
735 -206.0000000000
737 -205.0000000000
741 -204.0000000000
742 -203.0000000000
750 -202.0000000000
752 -200.0000000000
771 -199.0000000000
786 -198.0000000000
794 -197.0000000000
796 -196.0000000000
799 -195.0000000000
827 -194.0000000000
829 -193.0000000000
832 -192.0000000000
849 -190.0000000000
852 -189.0000000000
855 -187.0000000000
856 -186.0000000000
869 -185.0000000000
873 -183.0000000000
879 -182.0000000000
888 -181.0000000000
908 -180.0000000000
914 -179.0000000000
918 -178.0000000000
965 -177.0000000000
979 -176.0000000000
980 -175.0000000000
983 -174.0000000000
991 -173.0000000000
998 -172.0000000000
1016 -170.0000000000
1024 -169.0000000000
1027 -168.0000000000
1043 -167.0000000000
1045 -166.0000000000
1060 -165.0000000000
1074 -164.0000000000
1085 -163.0000000000
1092 -162.0000000000
1093 -161.0000000000
1095 -159.0000000000
1124 -158.0000000000
1126 -157.0000000000
1138 -156.0000000000
1143 -155.0000000000
1168 -154.0000000000
1173 -153.0000000000
1184 -152.0000000000
1189 -151.0000000000
1215 -150.0000000000
1216 -148.0000000000
1226 -147.0000000000
1265 -146.0000000000
1270 -145.0000000000
1280 -143.0000000000
1282 -142.0000000000
1300 -140.0000000000
1325 -139.0000000000
1330 -138.0000000000
1337 -137.0000000000
1351 -136.0000000000
1364 -135.0000000000
1376 -134.0000000000
1379 -133.0000000000
1381 -132.0000000000
1383 -131.0000000000
1409 -130.0000000000
1411 -129.0000000000
1435 -128.0000000000
1441 -127.0000000000
1448 -126.0000000000
1451 -125.0000000000
1531 -124.0000000000
1534 -123.0000000000
1540 -122.0000000000
1556 -120.0000000000
1582 -119.0000000000
1591 -118.0000000000
1617 -117.0000000000
1619 -116.0000000000
1670 -115.0000000000
1671 -114.0000000000
1680 -113.0000000000
1688 -112.0000000000
1707 -111.0000000000
1726 -110.0000000000
1728 -109.0000000000
1730 -108.0000000000
1774 -107.0000000000
1792 -106.0000000000
1795 -105.0000000000
1806 -104.0000000000
1808 -103.0000000000
1835 -102.0000000000
1846 -100.0000000000
1857 -99.0000000000
1861 -98.0000000000
1879 -97.0000000000
1887 -96.0000000000
1889 -95.0000000000
1956 -94.0000000000
1965 -93.0000000000
1987 -92.0000000000
2014 -90.0000000000
2018 -89.0000000000
2034 -88.0000000000
2049 -87.0000000000
2053 -86.0000000000
2061 -85.0000000000
2066 -84.0000000000
2070 -83.0000000000
2098 -82.0000000000
2121 -81.0000000000
2128 -80.0000000000
2149 -79.0000000000
2172 -78.0000000000
2180 -77.0000000000
2188 -76.0000000000
2193 -75.0000000000
2203 -74.0000000000
2226 -72.0000000000
2229 -71.0000000000
2244 -69.0000000000
2246 -68.0000000000
2304 -67.0000000000
2305 -66.0000000000
2321 -65.0000000000
2373 -64.0000000000
2418 -63.0000000000
2564 -62.0000000000
2584 -61.0000000000
2600 -60.0000000000
2626 -59.0000000000
2636 -58.0000000000
2646 -57.0000000000
2761 -56.0000000000
2763 -55.0000000000
2768 -54.0000000000
2775 -53.0000000000
2796 -52.0000000000
2807 -51.0000000000
2872 -50.0000000000
2883 -49.0000000000
2952 -48.0000000000
2993 -47.0000000000
3089 -46.0000000000
3169 -45.0000000000
3177 -44.0000000000
3183 -42.0000000000
3189 -40.0000000000
3249 -38.0000000000
3334 -37.0000000000
3411 -36.0000000000
3445 -35.0000000000
3522 -34.0000000000
3542 -32.0000000000
3544 -31.0000000000
3581 -30.0000000000
3594 -29.0000000000
3651 -28.0000000000
3662 -27.0000000000
3693 -26.0000000000
3709 -25.0000000000
3730 -24.0000000000
3736 -23.0000000000
3757 -22.0000000000
3767 -21.0000000000
3782 -20.0000000000
3853 -19.0000000000
3893 -18.0000000000
3932 -17.0000000000
3967 -16.0000000000
4010 -15.0000000000
4276 -14.0000000000
4336 -13.0000000000
4369 -12.0000000000
4502 -11.0000000000
4577 -10.0000000000
4727 -9.0000000000
4760 -8.0000000000
5079 -7.0000000000
5110 -6.0000000000
5125 -5.0000000000
5171 -4.0000000000
5597 -3.0000000000
5667 -2.0000000000
5742 -1.0000000000
6021 551.0000000000
6105 552.0000000000
6123 566.0000000000
6124 574.0000000000
6157 576.0000000000
6190 579.0000000000
6194 584.0000000000
6217 602.0000000000
6849 610.0000000000
6893 611.0000000000
6933 612.0000000000
6962 620.0000000000
6967 621.0000000000
7042 622.0000000000
7076 626.0000000000
7085 627.0000000000
8310 636.0000000000
8468 637.0000000000
8602 641.0000000000
8715 644.0000000000
8762 650.0000000000
10000 615.0000000000
