evaluations raw_y
1 -2010.0000000000
9 -2009.0000000000
12 -2007.0000000000
13 -2006.0000000000
15 -2005.0000000000
19 -2004.0000000000
21 -2003.0000000000
24 -2001.0000000000
25 -2000.0000000000
27 -1999.0000000000
34 -1998.0000000000
37 -1997.0000000000
49 -1995.0000000000
50 -1994.0000000000
53 -1993.0000000000
57 -1992.0000000000
58 -1991.0000000000
59 -1988.0000000000
63 -1987.0000000000
66 -1986.0000000000
72 -1985.0000000000
73 -1984.0000000000
76 -1983.0000000000
80 -1982.0000000000
81 -1981.0000000000
85 -1980.0000000000
88 -1979.0000000000
90 -1978.0000000000
91 -1975.0000000000
92 -1974.0000000000
93 -1973.0000000000
94 -1972.0000000000
96 -1971.0000000000
97 -1970.0000000000
101 -1968.0000000000
106 -1967.0000000000
108 -1966.0000000000
110 -1965.0000000000
112 -1963.0000000000
122 -1962.0000000000
125 -1959.0000000000
127 -1958.0000000000
128 -1957.0000000000
130 -1955.0000000000
133 -1954.0000000000
136 -1953.0000000000
137 -1952.0000000000
141 -1951.0000000000
142 -1950.0000000000
146 -1949.0000000000
147 -1948.0000000000
150 -1947.0000000000
151 -1946.0000000000
156 -1945.0000000000
159 -1943.0000000000
165 -1942.0000000000
166 -1940.0000000000
170 -1939.0000000000
180 -1938.0000000000
184 -1936.0000000000
188 -1934.0000000000
192 -1933.0000000000
193 -1932.0000000000
196 -1931.0000000000
204 -1930.0000000000
206 -1929.0000000000
210 -1928.0000000000
212 -1927.0000000000
213 -1925.0000000000
214 -1924.0000000000
216 -1923.0000000000
219 -1921.0000000000
229 -1920.0000000000
231 -1919.0000000000
232 -1918.0000000000
247 -1917.0000000000
249 -1916.0000000000
255 -1915.0000000000
265 -1914.0000000000
284 -1912.0000000000
286 -1911.0000000000
289 -1910.0000000000
293 -1907.0000000000
297 -1906.0000000000
309 -1905.0000000000
310 -1904.0000000000
318 -1903.0000000000
320 -1902.0000000000
330 -1901.0000000000
336 -1900.0000000000
346 -1898.0000000000
351 -1897.0000000000
352 -1896.0000000000
360 -1895.0000000000
369 -1894.0000000000
374 -1893.0000000000
376 -1890.0000000000
378 -1889.0000000000
379 -1888.0000000000
381 -1887.0000000000
382 -1886.0000000000
383 -1884.0000000000
385 -1883.0000000000
386 -1882.0000000000
387 -1881.0000000000
389 -1880.0000000000
391 -1879.0000000000
392 -1878.0000000000
400 -1877.0000000000
419 -1874.0000000000
420 -1873.0000000000
428 -1871.0000000000
429 -1870.0000000000
432 -1869.0000000000
433 -1867.0000000000
437 -1866.0000000000
440 -1865.0000000000
444 -1864.0000000000
452 -1863.0000000000
454 -1861.0000000000
456 -1860.0000000000
468 -1859.0000000000
470 -1858.0000000000
476 -1856.0000000000
480 -1854.0000000000
485 -1853.0000000000
499 -1851.0000000000
501 -1850.0000000000
503 -1849.0000000000
505 -1848.0000000000
507 -1847.0000000000
511 -1846.0000000000
513 -1843.0000000000
516 -1842.0000000000
521 -1840.0000000000
525 -1839.0000000000
530 -1838.0000000000
538 -1837.0000000000
542 -1836.0000000000
545 -1835.0000000000
547 -1833.0000000000
548 -1832.0000000000
550 -1831.0000000000
553 -1830.0000000000
557 -1829.0000000000
558 -1827.0000000000
559 -1826.0000000000
565 -1825.0000000000
571 -1824.0000000000
584 -1822.0000000000
585 -1820.0000000000
587 -1819.0000000000
592 -1818.0000000000
598 -1817.0000000000
599 -1816.0000000000
605 -1815.0000000000
607 -1814.0000000000
610 -1811.0000000000
612 -1810.0000000000
616 -1809.0000000000
617 -1808.0000000000
619 -1806.0000000000
620 -1805.0000000000
621 -1804.0000000000
626 -1802.0000000000
631 -1801.0000000000
644 -1800.0000000000
648 -1797.0000000000
651 -1795.0000000000
652 -1794.0000000000
656 -1793.0000000000
657 -1792.0000000000
659 -1791.0000000000
661 -1790.0000000000
665 -1789.0000000000
666 -1788.0000000000
667 -1787.0000000000
669 -1786.0000000000
675 -1785.0000000000
684 -1784.0000000000
687 -1782.0000000000
688 -1780.0000000000
693 -1779.0000000000
695 -1778.0000000000
711 -1777.0000000000
725 -1774.0000000000
727 -1773.0000000000
742 -1770.0000000000
743 -1768.0000000000
745 -1766.0000000000
746 -1765.0000000000
747 -1764.0000000000
750 -1763.0000000000
754 -1762.0000000000
756 -1760.0000000000
761 -1758.0000000000
767 -1757.0000000000
774 -1756.0000000000
780 -1755.0000000000
785 -1754.0000000000
791 -1753.0000000000
792 -1752.0000000000
802 -1751.0000000000
804 -1750.0000000000
807 -1749.0000000000
809 -1748.0000000000
811 -1747.0000000000
812 -1746.0000000000
814 -1745.0000000000
823 -1744.0000000000
825 -1743.0000000000
827 -1742.0000000000
829 -1741.0000000000
830 -1740.0000000000
832 -1739.0000000000
834 -1738.0000000000
835 -1737.0000000000
836 -1735.0000000000
837 -1734.0000000000
845 -1732.0000000000
864 -1730.0000000000
865 -1729.0000000000
870 -1728.0000000000
871 -1727.0000000000
873 -1726.0000000000
877 -1725.0000000000
878 -1724.0000000000
883 -1722.0000000000
885 -1721.0000000000
886 -1720.0000000000
887 -1719.0000000000
889 -1718.0000000000
891 -1717.0000000000
894 -1716.0000000000
895 -1715.0000000000
896 -1714.0000000000
897 -1713.0000000000
903 -1711.0000000000
904 -1710.0000000000
906 -1708.0000000000
923 -1707.0000000000
931 -1705.0000000000
934 -1704.0000000000
940 -1703.0000000000
945 -1702.0000000000
952 -1701.0000000000
958 -1700.0000000000
959 -1699.0000000000
966 -1698.0000000000
970 -1697.0000000000
971 -1695.0000000000
974 -1694.0000000000
976 -1693.0000000000
978 -1691.0000000000
982 -1690.0000000000
985 -1688.0000000000
987 -1687.0000000000
995 -1686.0000000000
1004 -1685.0000000000
1007 -1684.0000000000
1013 -1683.0000000000
1035 -1680.0000000000
1036 -1679.0000000000
1042 -1678.0000000000
1045 -1677.0000000000
1059 -1675.0000000000
1073 -1674.0000000000
1078 -1673.0000000000
1080 -1671.0000000000
1087 -1670.0000000000
1088 -1668.0000000000
1092 -1667.0000000000
1093 -1666.0000000000
1098 -1665.0000000000
1102 -1664.0000000000
1103 -1662.0000000000
1104 -1661.0000000000
1114 -1660.0000000000
1116 -1659.0000000000
1119 -1658.0000000000
1125 -1657.0000000000
1127 -1656.0000000000
1132 -1655.0000000000
1139 -1654.0000000000
1149 -1653.0000000000
1150 -1652.0000000000
1152 -1650.0000000000
1154 -1648.0000000000
1155 -1647.0000000000
1162 -1646.0000000000
1164 -1644.0000000000
1165 -1643.0000000000
1166 -1642.0000000000
1176 -1641.0000000000
1184 -1640.0000000000
1186 -1638.0000000000
1187 -1637.0000000000
1189 -1636.0000000000
1191 -1634.0000000000
1193 -1633.0000000000
1196 -1632.0000000000
1198 -1630.0000000000
1201 -1629.0000000000
1204 -1628.0000000000
1208 -1627.0000000000
1209 -1626.0000000000
1211 -1625.0000000000
1218 -1624.0000000000
1222 -1623.0000000000
1224 -1622.0000000000
1226 -1621.0000000000
1232 -1619.0000000000
1234 -1618.0000000000
1241 -1617.0000000000
1247 -1616.0000000000
1249 -1615.0000000000
1251 -1614.0000000000
1252 -1612.0000000000
1262 -1611.0000000000
1263 -1610.0000000000
1289 -1608.0000000000
1291 -1606.0000000000
1300 -1603.0000000000
1308 -1602.0000000000
1313 -1601.0000000000
1314 -1600.0000000000
1320 -1599.0000000000
1323 -1598.0000000000
1330 -1597.0000000000
1334 -1596.0000000000
1336 -1595.0000000000
1355 -1594.0000000000
1357 -1593.0000000000
1358 -1592.0000000000
1369 -1591.0000000000
1374 -1590.0000000000
1381 -1589.0000000000
1397 -1588.0000000000
1407 -1587.0000000000
1412 -1586.0000000000
1413 -1584.0000000000
1414 -1583.0000000000
1415 -1582.0000000000
1426 -1581.0000000000
1428 -1580.0000000000
1430 -1579.0000000000
1431 -1578.0000000000
1432 -1577.0000000000
1438 -1576.0000000000
1446 -1575.0000000000
1449 -1574.0000000000
1450 -1573.0000000000
1453 -1571.0000000000
1456 -1570.0000000000
1463 -1569.0000000000
1464 -1568.0000000000
1465 -1567.0000000000
1485 -1566.0000000000
1493 -1565.0000000000
1499 -1564.0000000000
1500 -1563.0000000000
1504 -1562.0000000000
1506 -1561.0000000000
1508 -1560.0000000000
1527 -1558.0000000000
1529 -1557.0000000000
1534 -1556.0000000000
1545 -1555.0000000000
1558 -1554.0000000000
1566 -1553.0000000000
1568 -1552.0000000000
1571 -1551.0000000000
1573 -1549.0000000000
1584 -1548.0000000000
1589 -1547.0000000000
1592 -1545.0000000000
1596 -1544.0000000000
1598 -1543.0000000000
1599 -1540.0000000000
1604 -1539.0000000000
1614 -1538.0000000000
1617 -1537.0000000000
1626 -1536.0000000000
1627 -1535.0000000000
1637 -1534.0000000000
1638 -1533.0000000000
1642 -1532.0000000000
1643 -1529.0000000000
1646 -1528.0000000000
1648 -1527.0000000000
1651 -1526.0000000000
1655 -1524.0000000000
1660 -1523.0000000000
1670 -1522.0000000000
1672 -1521.0000000000
1673 -1519.0000000000
1679 -1518.0000000000
1682 -1517.0000000000
1697 -1516.0000000000
1703 -1514.0000000000
1706 -1513.0000000000
1711 -1512.0000000000
1715 -1511.0000000000
1717 -1510.0000000000
1724 -1508.0000000000
1732 -1507.0000000000
1739 -1506.0000000000
1756 -1505.0000000000
1758 -1504.0000000000
1765 -1503.0000000000
1769 -1502.0000000000
1778 -1501.0000000000
1785 -1500.0000000000
1789 -1498.0000000000
1793 -1497.0000000000
1799 -1496.0000000000
1818 -1493.0000000000
1819 -1492.0000000000
1827 -1491.0000000000
1833 -1490.0000000000
1844 -1489.0000000000
1845 -1488.0000000000
1849 -1487.0000000000
1851 -1486.0000000000
1852 -1485.0000000000
1855 -1484.0000000000
1877 -1483.0000000000
1879 -1482.0000000000
1880 -1481.0000000000
1881 -1480.0000000000
1886 -1479.0000000000
1888 -1478.0000000000
1889 -1477.0000000000
1891 -1476.0000000000
1892 -1475.0000000000
1902 -1474.0000000000
1903 -1473.0000000000
1906 -1472.0000000000
1907 -1471.0000000000
1912 -1470.0000000000
1931 -1468.0000000000
1934 -1467.0000000000
1937 -1466.0000000000
1938 -1465.0000000000
1940 -1464.0000000000
1943 -1463.0000000000
1946 -1462.0000000000
1950 -1461.0000000000
1957 -1460.0000000000
1960 -1459.0000000000
1973 -1458.0000000000
1975 -1457.0000000000
1979 -1456.0000000000
1991 -1453.0000000000
1993 -1452.0000000000
1995 -1451.0000000000
1998 -1450.0000000000
2004 -1448.0000000000
2005 -1447.0000000000
2012 -1445.0000000000
2014 -1443.0000000000
2017 -1442.0000000000
2018 -1441.0000000000
2025 -1440.0000000000
2036 -1439.0000000000
2037 -1438.0000000000
2041 -1437.0000000000
2042 -1436.0000000000
2047 -1435.0000000000
2060 -1434.0000000000
2068 -1433.0000000000
2071 -1431.0000000000
2072 -1429.0000000000
2077 -1428.0000000000
2085 -1427.0000000000
2088 -1426.0000000000
2091 -1425.0000000000
2093 -1424.0000000000
2097 -1423.0000000000
2098 -1422.0000000000
2102 -1419.0000000000
2109 -1418.0000000000
2110 -1417.0000000000
2113 -1414.0000000000
2129 -1413.0000000000
2139 -1412.0000000000
2140 -1411.0000000000
2142 -1409.0000000000
2144 -1408.0000000000
2145 -1407.0000000000
2146 -1405.0000000000
2149 -1404.0000000000
2152 -1403.0000000000
2156 -1401.0000000000
2159 -1400.0000000000
2175 -1399.0000000000
2177 -1398.0000000000
2182 -1396.0000000000
2187 -1395.0000000000
2191 -1394.0000000000
2192 -1393.0000000000
2199 -1392.0000000000
2208 -1390.0000000000
2219 -1389.0000000000
2220 -1388.0000000000
2222 -1386.0000000000
2224 -1385.0000000000
2225 -1381.0000000000
2237 -1380.0000000000
2255 -1379.0000000000
2261 -1378.0000000000
2266 -1377.0000000000
2268 -1375.0000000000
2269 -1373.0000000000
2289 -1372.0000000000
2291 -1371.0000000000
2299 -1370.0000000000
2313 -1369.0000000000
2325 -1368.0000000000
2327 -1367.0000000000
2334 -1366.0000000000
2340 -1365.0000000000
2345 -1364.0000000000
2346 -1363.0000000000
2368 -1362.0000000000
2370 -1361.0000000000
2372 -1360.0000000000
2378 -1358.0000000000
2409 -1357.0000000000
2413 -1356.0000000000
2422 -1355.0000000000
2423 -1354.0000000000
2429 -1353.0000000000
2431 -1352.0000000000
2436 -1350.0000000000
2445 -1349.0000000000
2449 -1348.0000000000
2457 -1347.0000000000
2467 -1346.0000000000
2476 -1345.0000000000
2479 -1344.0000000000
2480 -1341.0000000000
2490 -1339.0000000000
2503 -1338.0000000000
2504 -1337.0000000000
2508 -1336.0000000000
2511 -1334.0000000000
2517 -1333.0000000000
2518 -1332.0000000000
2523 -1331.0000000000
2532 -1330.0000000000
2539 -1329.0000000000
2541 -1328.0000000000
2543 -1326.0000000000
2563 -1325.0000000000
2564 -1324.0000000000
2565 -1323.0000000000
2569 -1322.0000000000
2570 -1321.0000000000
2577 -1320.0000000000
2583 -1319.0000000000
2584 -1318.0000000000
2592 -1317.0000000000
2594 -1315.0000000000
2598 -1312.0000000000
2604 -1311.0000000000
2607 -1309.0000000000
2611 -1308.0000000000
2622 -1307.0000000000
2624 -1306.0000000000
2627 -1305.0000000000
2635 -1304.0000000000
2643 -1302.0000000000
2657 -1301.0000000000
2663 -1300.0000000000
2668 -1299.0000000000
2670 -1298.0000000000
2680 -1297.0000000000
2693 -1296.0000000000
2697 -1295.0000000000
2703 -1294.0000000000
2705 -1293.0000000000
2714 -1292.0000000000
2717 -1290.0000000000
2720 -1289.0000000000
2722 -1287.0000000000
2724 -1286.0000000000
2725 -1285.0000000000
2727 -1284.0000000000
2741 -1283.0000000000
2743 -1282.0000000000
2752 -1281.0000000000
2753 -1280.0000000000
2754 -1279.0000000000
2757 -1276.0000000000
2759 -1275.0000000000
2782 -1274.0000000000
2791 -1272.0000000000
2796 -1271.0000000000
2800 -1270.0000000000
2804 -1269.0000000000
2810 -1268.0000000000
2813 -1267.0000000000
2816 -1265.0000000000
2819 -1263.0000000000
2829 -1262.0000000000
2831 -1261.0000000000
2836 -1260.0000000000
2841 -1259.0000000000
2843 -1258.0000000000
2848 -1256.0000000000
2849 -1255.0000000000
2853 -1254.0000000000
2856 -1253.0000000000
2857 -1252.0000000000
2865 -1251.0000000000
2868 -1250.0000000000
2890 -1249.0000000000
2903 -1247.0000000000
2904 -1246.0000000000
2905 -1245.0000000000
2907 -1244.0000000000
2914 -1243.0000000000
2917 -1242.0000000000
2925 -1241.0000000000
2937 -1240.0000000000
2945 -1239.0000000000
2946 -1238.0000000000
2953 -1237.0000000000
2959 -1236.0000000000
2964 -1235.0000000000
2966 -1234.0000000000
2981 -1233.0000000000
2989 -1232.0000000000
2991 -1231.0000000000
2993 -1230.0000000000
2997 -1229.0000000000
3005 -1228.0000000000
3007 -1227.0000000000
3008 -1226.0000000000
3012 -1225.0000000000
3014 -1224.0000000000
3016 -1223.0000000000
3022 -1222.0000000000
3023 -1221.0000000000
3028 -1220.0000000000
3038 -1219.0000000000
3042 -1218.0000000000
3052 -1216.0000000000
3053 -1215.0000000000
3072 -1214.0000000000
3073 -1212.0000000000
3077 -1211.0000000000
3079 -1210.0000000000
3089 -1209.0000000000
3093 -1208.0000000000
3094 -1207.0000000000
3103 -1206.0000000000
3108 -1205.0000000000
3110 -1204.0000000000
3116 -1202.0000000000
3117 -1201.0000000000
3120 -1200.0000000000
3126 -1199.0000000000
3136 -1197.0000000000
3140 -1196.0000000000
3142 -1195.0000000000
3144 -1194.0000000000
3151 -1193.0000000000
3157 -1192.0000000000
3164 -1191.0000000000
3167 -1190.0000000000
3170 -1189.0000000000
3172 -1188.0000000000
3179 -1187.0000000000
3183 -1186.0000000000
3213 -1185.0000000000
3233 -1184.0000000000
3244 -1183.0000000000
3251 -1182.0000000000
3266 -1181.0000000000
3268 -1180.0000000000
3275 -1178.0000000000
3276 -1177.0000000000
3297 -1175.0000000000
3328 -1174.0000000000
3344 -1173.0000000000
3347 -1172.0000000000
3356 -1171.0000000000
3378 -1170.0000000000
3379 -1168.0000000000
3394 -1166.0000000000
3399 -1165.0000000000
3406 -1164.0000000000
3427 -1163.0000000000
3429 -1162.0000000000
3433 -1161.0000000000
3452 -1160.0000000000
3464 -1159.0000000000
3466 -1158.0000000000
3469 -1156.0000000000
3473 -1155.0000000000
3476 -1154.0000000000
3488 -1153.0000000000
3491 -1152.0000000000
3497 -1151.0000000000
3498 -1150.0000000000
3500 -1148.0000000000
3512 -1147.0000000000
3520 -1146.0000000000
3532 -1145.0000000000
3534 -1144.0000000000
3552 -1143.0000000000
3555 -1141.0000000000
3556 -1140.0000000000
3560 -1139.0000000000
3577 -1138.0000000000
3578 -1137.0000000000
3581 -1136.0000000000
3584 -1135.0000000000
3585 -1134.0000000000
3587 -1132.0000000000
3591 -1131.0000000000
3598 -1130.0000000000
3599 -1129.0000000000
3609 -1128.0000000000
3616 -1127.0000000000
3625 -1126.0000000000
3626 -1124.0000000000
3638 -1123.0000000000
3643 -1122.0000000000
3652 -1121.0000000000
3661 -1120.0000000000
3666 -1119.0000000000
3669 -1118.0000000000
3685 -1117.0000000000
3690 -1116.0000000000
3701 -1115.0000000000
3706 -1114.0000000000
3713 -1113.0000000000
3715 -1112.0000000000
3722 -1111.0000000000
3733 -1110.0000000000
3748 -1109.0000000000
3761 -1106.0000000000
3762 -1104.0000000000
3782 -1103.0000000000
3783 -1101.0000000000
3787 -1100.0000000000
3796 -1099.0000000000
3799 -1098.0000000000
3804 -1097.0000000000
3818 -1096.0000000000
3825 -1095.0000000000
3834 -1094.0000000000
3837 -1093.0000000000
3840 -1092.0000000000
3850 -1091.0000000000
3853 -1090.0000000000
3856 -1089.0000000000
3867 -1088.0000000000
3872 -1087.0000000000
3886 -1086.0000000000
3896 -1085.0000000000
3897 -1083.0000000000
3899 -1082.0000000000
3901 -1080.0000000000
3911 -1079.0000000000
3915 -1078.0000000000
3916 -1077.0000000000
3935 -1076.0000000000
3937 -1075.0000000000
3948 -1074.0000000000
3960 -1073.0000000000
3978 -1072.0000000000
3987 -1071.0000000000
3995 -1070.0000000000
3999 -1069.0000000000
4012 -1067.0000000000
4014 -1066.0000000000
4017 -1065.0000000000
4020 -1064.0000000000
4029 -1061.0000000000
4031 -1060.0000000000
4038 -1058.0000000000
4039 -1057.0000000000
4040 -1056.0000000000
4044 -1055.0000000000
4048 -1054.0000000000
4053 -1053.0000000000
4064 -1052.0000000000
4084 -1051.0000000000
4093 -1050.0000000000
4101 -1049.0000000000
4114 -1048.0000000000
4125 -1047.0000000000
4126 -1045.0000000000
4130 -1044.0000000000
4132 -1043.0000000000
4140 -1042.0000000000
4161 -1041.0000000000
4167 -1040.0000000000
4176 -1039.0000000000
4183 -1038.0000000000
4184 -1037.0000000000
4185 -1036.0000000000
4196 -1034.0000000000
4198 -1033.0000000000
4254 -1032.0000000000
4269 -1031.0000000000
4275 -1030.0000000000
4286 -1029.0000000000
4295 -1028.0000000000
4304 -1027.0000000000
4309 -1026.0000000000
4323 -1025.0000000000
4329 -1024.0000000000
4333 -1023.0000000000
4355 -1022.0000000000
4366 -1021.0000000000
4367 -1020.0000000000
4371 -1019.0000000000
4387 -1018.0000000000
4392 -1017.0000000000
4393 -1016.0000000000
4395 -1015.0000000000
4397 -1014.0000000000
4411 -1013.0000000000
4412 -1012.0000000000
4417 -1011.0000000000
4419 -1010.0000000000
4425 -1009.0000000000
4428 -1008.0000000000
4432 -1007.0000000000
4446 -1006.0000000000
4455 -1005.0000000000
4475 -1003.0000000000
4479 -1002.0000000000
4485 -1001.0000000000
4499 -1000.0000000000
4519 -999.0000000000
4524 -998.0000000000
4525 -997.0000000000
4534 -996.0000000000
4536 -995.0000000000
4538 -993.0000000000
4559 -992.0000000000
4562 -991.0000000000
4565 -990.0000000000
4572 -989.0000000000
4575 -988.0000000000
4598 -986.0000000000
4599 -985.0000000000
4604 -983.0000000000
4616 -982.0000000000
4621 -981.0000000000
4630 -979.0000000000
4632 -978.0000000000
4638 -977.0000000000
4644 -976.0000000000
4645 -975.0000000000
4646 -974.0000000000
4658 -972.0000000000
4668 -971.0000000000
4671 -970.0000000000
4698 -969.0000000000
4730 -968.0000000000
4749 -967.0000000000
4760 -966.0000000000
4769 -965.0000000000
4787 -964.0000000000
4808 -963.0000000000
4836 -962.0000000000
4840 -961.0000000000
4848 -960.0000000000
4872 -959.0000000000
4883 -958.0000000000
4900 -957.0000000000
4918 -956.0000000000
4923 -954.0000000000
4960 -953.0000000000
4975 -952.0000000000
4979 -951.0000000000
4989 -948.0000000000
4992 -947.0000000000
4995 -946.0000000000
4997 -945.0000000000
5013 -944.0000000000
5016 -942.0000000000
5042 -941.0000000000
5054 -940.0000000000
5060 -939.0000000000
5089 -938.0000000000
5092 -937.0000000000
5098 -936.0000000000
5099 -935.0000000000
5108 -934.0000000000
5110 -933.0000000000
5113 -932.0000000000
5134 -931.0000000000
5139 -930.0000000000
5141 -929.0000000000
5144 -928.0000000000
5147 -925.0000000000
5151 -924.0000000000
5178 -923.0000000000
5185 -922.0000000000
5186 -921.0000000000
5187 -920.0000000000
5202 -919.0000000000
5206 -918.0000000000
5207 -917.0000000000
5225 -916.0000000000
5251 -915.0000000000
5254 -913.0000000000
5257 -912.0000000000
5263 -911.0000000000
5268 -909.0000000000
5276 -908.0000000000
5293 -907.0000000000
5294 -905.0000000000
5297 -904.0000000000
5304 -903.0000000000
5322 -902.0000000000
5340 -900.0000000000
5344 -899.0000000000
5352 -898.0000000000
5353 -897.0000000000
5384 -896.0000000000
5386 -895.0000000000
5396 -893.0000000000
5406 -892.0000000000
5408 -891.0000000000
5426 -889.0000000000
5432 -888.0000000000
5435 -886.0000000000
5441 -885.0000000000
5453 -884.0000000000
5464 -883.0000000000
5468 -882.0000000000
5470 -881.0000000000
5475 -879.0000000000
5483 -878.0000000000
5500 -877.0000000000
5501 -876.0000000000
5512 -874.0000000000
5523 -873.0000000000
5531 -871.0000000000
5543 -869.0000000000
5550 -868.0000000000
5568 -867.0000000000
5580 -866.0000000000
5584 -864.0000000000
5612 -863.0000000000
5613 -862.0000000000
5620 -861.0000000000
5641 -860.0000000000
5648 -859.0000000000
5656 -858.0000000000
5657 -857.0000000000
5667 -856.0000000000
5676 -855.0000000000
5712 -854.0000000000
5744 -853.0000000000
5755 -852.0000000000
5782 -851.0000000000
5785 -850.0000000000
5787 -849.0000000000
5803 -848.0000000000
5807 -847.0000000000
5812 -846.0000000000
5814 -845.0000000000
5818 -844.0000000000
5821 -843.0000000000
5832 -842.0000000000
5846 -840.0000000000
5854 -839.0000000000
5861 -838.0000000000
5862 -837.0000000000
5867 -836.0000000000
5868 -835.0000000000
5889 -834.0000000000
5911 -833.0000000000
5917 -832.0000000000
5922 -831.0000000000
5924 -830.0000000000
5926 -828.0000000000
5927 -827.0000000000
5963 -826.0000000000
5973 -825.0000000000
6004 -824.0000000000
6012 -823.0000000000
6025 -822.0000000000
6028 -821.0000000000
6044 -820.0000000000
6057 -819.0000000000
6072 -818.0000000000
6073 -817.0000000000
6078 -816.0000000000
6081 -815.0000000000
6086 -814.0000000000
6088 -813.0000000000
6109 -812.0000000000
6115 -811.0000000000
6116 -810.0000000000
6121 -809.0000000000
6128 -808.0000000000
6150 -807.0000000000
6154 -806.0000000000
6163 -804.0000000000
6195 -803.0000000000
6233 -802.0000000000
6240 -801.0000000000
6255 -800.0000000000
6263 -799.0000000000
6266 -798.0000000000
6271 -797.0000000000
6276 -796.0000000000
6278 -795.0000000000
6296 -793.0000000000
6297 -792.0000000000
6316 -791.0000000000
6318 -790.0000000000
6349 -789.0000000000
6351 -788.0000000000
6387 -787.0000000000
6412 -786.0000000000
6433 -785.0000000000
6445 -784.0000000000
6447 -783.0000000000
6481 -781.0000000000
6500 -780.0000000000
6505 -778.0000000000
6507 -777.0000000000
6526 -776.0000000000
6527 -775.0000000000
6530 -774.0000000000
6543 -773.0000000000
6551 -771.0000000000
6576 -770.0000000000
6579 -769.0000000000
6597 -767.0000000000
6624 -766.0000000000
6626 -765.0000000000
6654 -764.0000000000
6656 -763.0000000000
6662 -762.0000000000
6682 -761.0000000000
6685 -760.0000000000
6690 -759.0000000000
6705 -758.0000000000
6721 -757.0000000000
6742 -756.0000000000
6757 -754.0000000000
6760 -753.0000000000
6765 -752.0000000000
6782 -751.0000000000
6804 -750.0000000000
6830 -749.0000000000
6848 -748.0000000000
6861 -746.0000000000
6869 -745.0000000000
6874 -744.0000000000
6894 -743.0000000000
6896 -742.0000000000
6901 -741.0000000000
6904 -740.0000000000
6908 -739.0000000000
6995 -738.0000000000
7025 -737.0000000000
7042 -736.0000000000
7062 -735.0000000000
7080 -733.0000000000
7092 -732.0000000000
7094 -731.0000000000
7119 -730.0000000000
7122 -729.0000000000
7131 -728.0000000000
7133 -727.0000000000
7138 -726.0000000000
7152 -725.0000000000
7159 -724.0000000000
7178 -723.0000000000
7202 -722.0000000000
7231 -721.0000000000
7237 -720.0000000000
7250 -719.0000000000
7282 -718.0000000000
7296 -717.0000000000
7309 -716.0000000000
7310 -715.0000000000
7324 -714.0000000000
7329 -713.0000000000
7337 -711.0000000000
7338 -710.0000000000
7342 -707.0000000000
7378 -706.0000000000
7379 -705.0000000000
7383 -704.0000000000
7423 -703.0000000000
7424 -701.0000000000
7447 -700.0000000000
7448 -699.0000000000
7452 -698.0000000000
7460 -697.0000000000
7463 -696.0000000000
7465 -695.0000000000
7471 -694.0000000000
7486 -692.0000000000
7487 -691.0000000000
7497 -690.0000000000
7512 -689.0000000000
7518 -688.0000000000
7525 -687.0000000000
7535 -686.0000000000
7555 -685.0000000000
7556 -684.0000000000
7592 -683.0000000000
7626 -682.0000000000
7637 -681.0000000000
7645 -680.0000000000
7657 -679.0000000000
7672 -678.0000000000
7730 -677.0000000000
7757 -676.0000000000
7765 -675.0000000000
7789 -674.0000000000
7825 -672.0000000000
7829 -671.0000000000
7855 -670.0000000000
7875 -669.0000000000
7890 -668.0000000000
7915 -666.0000000000
7940 -665.0000000000
7944 -663.0000000000
7957 -662.0000000000
7965 -661.0000000000
7978 -660.0000000000
7983 -659.0000000000
7995 -658.0000000000
8003 -657.0000000000
8013 -656.0000000000
8024 -655.0000000000
8049 -654.0000000000
8059 -653.0000000000
8060 -652.0000000000
8074 -651.0000000000
8091 -650.0000000000
8110 -649.0000000000
8145 -648.0000000000
8150 -647.0000000000
8188 -646.0000000000
8201 -645.0000000000
8207 -644.0000000000
8229 -643.0000000000
8244 -640.0000000000
8250 -639.0000000000
8256 -638.0000000000
8275 -637.0000000000
8286 -636.0000000000
8291 -635.0000000000
8314 -634.0000000000
8328 -633.0000000000
8341 -632.0000000000
8360 -631.0000000000
8362 -630.0000000000
8408 -629.0000000000
8422 -628.0000000000
8437 -627.0000000000
8442 -626.0000000000
8443 -625.0000000000
8456 -624.0000000000
8469 -623.0000000000
8482 -622.0000000000
8484 -621.0000000000
8492 -620.0000000000
8512 -619.0000000000
8524 -618.0000000000
8538 -617.0000000000
8618 -616.0000000000
8619 -615.0000000000
8636 -614.0000000000
8661 -613.0000000000
8677 -611.0000000000
8680 -610.0000000000
8682 -609.0000000000
8687 -608.0000000000
8693 -607.0000000000
8704 -605.0000000000
8711 -604.0000000000
8722 -602.0000000000
8727 -601.0000000000
8729 -600.0000000000
8733 -599.0000000000
8744 -598.0000000000
8778 -597.0000000000
8784 -596.0000000000
8793 -595.0000000000
8805 -594.0000000000
8814 -593.0000000000
8824 -592.0000000000
8836 -591.0000000000
8843 -590.0000000000
8860 -588.0000000000
8882 -587.0000000000
8898 -586.0000000000
8990 -585.0000000000
9001 -584.0000000000
9002 -583.0000000000
9003 -582.0000000000
9023 -581.0000000000
9024 -580.0000000000
9044 -579.0000000000
9048 -578.0000000000
9113 -577.0000000000
9134 -576.0000000000
9165 -575.0000000000
9173 -574.0000000000
9222 -573.0000000000
9241 -572.0000000000
9248 -571.0000000000
9293 -570.0000000000
9358 -569.0000000000
9363 -568.0000000000
9367 -567.0000000000
9370 -566.0000000000
9390 -564.0000000000
9394 -563.0000000000
9448 -562.0000000000
9452 -561.0000000000
9484 -560.0000000000
9490 -559.0000000000
9504 -558.0000000000
9562 -557.0000000000
9589 -556.0000000000
9605 -555.0000000000
9609 -554.0000000000
9613 -553.0000000000
9658 -552.0000000000
9663 -550.0000000000
9731 -549.0000000000
9735 -548.0000000000
9747 -547.0000000000
9755 -546.0000000000
9763 -545.0000000000
9766 -543.0000000000
9790 -542.0000000000
9791 -541.0000000000
9794 -540.0000000000
9795 -539.0000000000
9799 -538.0000000000
9814 -537.0000000000
9838 -536.0000000000
9852 -535.0000000000
9879 -534.0000000000
9910 -533.0000000000
9915 -532.0000000000
9918 -531.0000000000
9926 -530.0000000000
9942 -529.0000000000
9944 -528.0000000000
9946 -527.0000000000
9968 -526.0000000000
9985 -525.0000000000
9992 -523.0000000000
10000 -523.0000000000
