evaluations raw_y
1 687262.2880781464
2 703941.5014883430
5 723889.2213912951
28 726970.2870002778
29 727433.4272834484
42 735491.5586487104
51 736366.0565361476
61 745997.6049419586
65 746081.7859082170
88 747389.5504692693
96 753688.8520691090
112 756297.1422163909
124 763034.5749087282
141 763763.6035582471
143 773901.7050812289
146 777157.0566564773
161 783095.1439895107
191 785308.7289227973
209 791898.8007106860
222 793579.4674239036
243 798457.8250162809
253 800749.6046196996
262 801893.8176878761
265 803265.2968603472
274 804366.9230508307
281 805163.7672322593
286 805658.4256926182
297 805875.1185388165
303 806467.0132582189
306 808704.0832618088
321 810718.4444006138
327 811159.0516089057
343 811349.1827597321
348 814759.3954469785
353 815154.6553856861
374 817612.6782862170
383 819261.0106307301
402 820941.4953688574
439 822614.1992613900
471 823331.1967162472
474 823715.8107472208
477 825901.1965207307
491 827250.5079755090
494 827609.7833453059
510 827776.3973920012
521 828368.9962733869
522 828884.3543721763
532 829285.2299198080
545 830210.3703704551
559 830663.5154100938
564 830672.0726334824
567 830732.7087309289
576 830803.2941930804
583 831240.1627248185
591 831792.4921522515
593 833581.8742852953
612 834404.9614612983
624 834570.8407276766
637 836556.3537838993
671 836650.1080175034
685 836749.1504753933
699 837079.2090592722
715 837292.8868138150
717 837353.5424117559
718 837604.7412134918
727 838198.8317062787
732 838280.7302441843
741 838451.2178683929
749 839246.3936656201
763 839885.6224881022
772 840106.4148689215
775 840270.0922246755
781 840597.3906706501
791 840797.3435116763
801 841724.5020776817
803 841871.9838246207
821 842489.8492383783
835 842656.5285301303
841 842854.3600997423
851 844034.4888786330
865 844668.4244474133
871 846733.5736890270
908 847016.3670948383
922 847361.8973650294
927 848672.9225852034
941 848704.4195580054
943 849656.2589744970
952 850103.3937324965
966 850325.3228036058
980 851236.8537083843
998 851405.2503288183
1018 853981.0539469764
1044 855221.5503236620
1070 856471.5915564344
1087 857654.2432791417
1102 858600.4401223978
1124 860548.3654975700
1148 861456.2887136760
1182 862287.9912438293
1201 863096.8853377537
1233 863151.3381981985
1241 863234.1830461503
1248 863885.7582004931
1249 864504.4386227126
1262 864781.1973203237
1264 866160.6058712039
1269 866169.8992341789
1272 866179.7611212826
1281 867005.3799036846
1283 867480.3001938896
1294 868040.0836498132
1305 868155.0471339116
1312 869116.0245009286
1321 869888.7678046606
1342 871001.9468061833
1380 871122.9548278061
1382 871669.7499938291
1409 872481.6259082165
1424 873084.9697202897
1428 873419.0000043297
1442 873904.6420347275
1444 874385.8676163564
1462 874585.4979704507
1463 875480.1295878135
1479 876091.0676392709
1505 877036.8457368074
1507 877575.9662676813
1521 878419.9366172986
1540 879056.6063124582
1561 879545.8957566980
1565 881630.0788284648
1581 881633.9001627115
1601 881733.2475589538
1618 881957.5624898026
1621 882636.1993639220
1641 882805.1107815116
1647 883290.6209094855
1664 883932.5942932598
1676 885221.5926641743
1698 885651.2918053751
1705 885889.9039972693
1710 885902.5817125470
1721 886153.2349073413
1727 886487.6535552779
1731 887752.4364444098
1747 888351.8511886511
1764 889163.2851461500
1781 889221.8168327176
1783 891032.3840616279
1807 891223.8029507414
1822 891544.7887360146
1837 891938.2845210312
1849 892625.4746583351
1872 893578.5972938496
1880 894082.2940001264
1884 894304.4130143324
1894 894690.6401490208
1909 894799.5084367674
1924 894837.8933094371
1926 895137.2779229737
1927 895451.3306544857
1945 895711.2438708137
1950 896028.8654529291
1959 896792.9350636448
1964 898204.1980125991
1988 898776.2615430802
2001 898810.9528194269
2007 899321.5323160673
2022 899659.4425542603
2040 899700.2886578018
2045 900150.8910620194
2049 900648.1682457495
2069 902119.3262225844
2112 902840.7269083214
2121 903511.1508400227
2128 903745.4148366054
2141 904334.6534740451
2164 904470.5620020548
2169 904660.3744913432
2192 905339.0157520197
2199 906739.7936509600
2205 907131.4422165714
2213 908623.2840481841
2224 909107.4939275599
2228 910085.1637568710
2261 910302.1657682346
2274 910585.7268499681
2281 911614.4766448388
2292 912664.5019031586
2316 913357.5058704143
2363 913711.3541743146
2364 914415.4318709749
2368 915657.8750978437
2388 917198.4758250092
2436 917801.0630830963
2458 918375.3325817724
2461 919710.4587490398
2482 920972.0448259973
2508 920985.2977905703
2527 921143.7774825849
2528 921658.7943913271
2534 922898.0829667118
2543 923173.1119163184
2544 923455.8186948799
2566 923558.9657106937
2576 924036.3403806338
2587 924462.2240755176
2597 924976.1736743053
2602 924997.1851559585
2605 925005.9348445961
2615 925200.6476331271
2623 925935.0062865103
2634 926192.3133410293
2655 926703.8252251318
2668 927871.2883351248
2716 927895.4534709653
2723 927913.7053303417
2728 928586.5170438800
2736 928851.2966472304
2780 929459.0602250360
2785 929589.4722245958
2796 929791.2812565849
2797 930024.7977785418
2817 930044.7882308192
2821 930145.9242532768
2826 931080.2798844660
2828 932269.2892097648
2858 932405.9999562503
2864 932741.5827094032
2874 933392.9106313477
2878 933547.7003141434
2883 933956.4685068268
2893 934023.8959819692
2894 934105.2049525656
2908 934194.2440338006
2909 934595.7049715138
2912 935180.5153232985
2918 935674.7043609560
2922 935965.2803292131
2951 936086.7098337266
2953 936474.0911044687
2959 936640.0916450423
2968 936755.9786199534
2975 937393.1835329361
2976 937403.5123849654
2992 938312.9224913992
3012 938674.2822967768
3016 938677.5815937023
3027 940048.3336854335
3059 940066.1896930226
3070 940388.8588077482
3072 941022.4408431305
3073 941102.3105121478
3086 941429.9791428227
3090 942979.9609385300
3110 944098.5712469973
3130 944434.3620102593
3141 944517.0669266551
3142 944552.7637241574
3146 945416.5657731483
3184 945742.6292786192
3201 946646.7919758380
3222 947971.9506272392
3258 948149.0582551816
3262 948738.7407084029
3282 948990.3399397163
3288 949713.8134306446
3301 950015.9562646524
3318 950080.0843629842
3323 950350.8140331868
3325 950415.3428826742
3326 951051.0660512489
3339 951780.8787275143
3355 951856.6967517722
3363 953140.8090089813
3383 953149.5787700721
3384 953907.7000011143
3396 953949.2305587644
3401 955053.6496744156
3414 955641.0625328965
3429 956938.0381369840
3458 957346.5108740530
3459 957424.9121595434
3463 957558.1429351808
3469 957905.6638360595
3473 958844.7850667352
3494 959376.0843645813
3502 960169.0728694859
3521 960329.3633314386
3522 961442.6908723558
3550 961496.3446155454
3554 961726.0416461151
3556 962094.4307314750
3562 962228.2944429142
3563 962609.3348146025
3567 963331.8994712683
3570 963619.9185656826
3592 963943.9402152934
3601 965302.3301209096
3641 966241.2154742759
3647 966512.6240650864
3668 966885.1039233183
3678 967343.0489890339
3688 968064.6486450945
3689 968435.3734878579
3702 969469.7331193862
3725 970576.1116708968
3735 970789.8966898293
3741 971742.0469652007
3762 971830.5110828452
3768 971886.3076746903
3775 972181.7000797675
3785 972317.6134628393
3791 972771.5982912463
3807 973404.4645648239
3814 974694.3728270059
3855 974986.3215205622
3861 975624.9224352306
3863 976062.6041602495
3867 976487.0135313007
3884 976510.6654966814
3906 977435.4906034921
3926 978002.8670065628
3927 978496.0049790621
3948 978672.5441086577
3966 980137.2432744707
3982 980225.9990838168
3995 980630.0581098484
4004 981005.7916525981
4010 981079.8302130434
4013 981616.3877214240
4023 981727.0000483738
4036 981996.6737891815
4041 982977.2589520060
4054 983159.5623248084
4063 983194.6755878471
4076 983376.8157884140
4091 984506.3428255243
4096 985323.8872713310
4104 985340.0529386555
4109 985498.5975392548
4128 986200.1461919531
4135 987029.3247457750
4147 988046.8006263786
4161 988108.3125980438
4165 988128.6671557325
4167 988447.6689284333
4176 989369.7844215559
4182 989378.8901998040
4192 991693.2452719108
4198 991767.3195089452
4203 992449.1957227105
4224 993001.9727839472
4229 995037.8564085034
4274 995174.2645595903
4291 997795.6958272854
4305 998110.5200214772
4325 998476.2710448682
4345 998581.0943704759
4351 999095.4942363992
4371 999126.5084689312
4378 999975.3875492082
4385 1000298.4127070975
4392 1000380.1095707724
4411 1000397.4513218978
4415 1001294.4561976832
4417 1001995.3880741005
4426 1002005.7740000844
4438 1003086.8574774709
4457 1003656.1100224359
4477 1004528.7534209642
4481 1004818.7022370740
4501 1004849.8907360266
4508 1005103.4018104177
4509 1005310.6511015245
4523 1005537.2139645880
4527 1005784.6590764561
4538 1006378.0332131551
4554 1006883.4769765006
4557 1007635.8509636907
4565 1008070.2677379365
4574 1008290.5134676289
4575 1008339.7224282366
4583 1008620.5351403400
4586 1009209.9409016081
4593 1009266.9149074522
4599 1009570.1129645440
4623 1009717.9008012250
4641 1010093.8970455822
4644 1010528.3253712069
4674 1010643.9987011553
4677 1010749.7616793971
4684 1010911.6742278193
4689 1011118.0614894523
4693 1011224.0617200093
4702 1011591.6765666828
4704 1011684.9437167214
4715 1012035.3610525837
4720 1012140.8335343970
4722 1012362.2823000997
4724 1012914.9310386127
4725 1012994.5023166634
4741 1013311.9188805332
4759 1013638.6950351185
4762 1013895.6148745499
4764 1015161.5344477602
4805 1015861.7934943634
4811 1016103.4346905297
4822 1016359.6277543101
4845 1016642.0055281887
4862 1016869.6274134724
4863 1016892.4457718170
4872 1017277.1815287416
4873 1019215.7747336375
4922 1019711.0258678192
4930 1019892.5947137532
4941 1020762.5355540962
4961 1022115.6243977530
4984 1022135.0644453233
4994 1022580.8168241107
4995 1022850.6225784216
5003 1022956.2663909369
5019 1023767.6716544593
5042 1023866.7918281293
5045 1025686.6578161662
5068 1025702.7547434560
5081 1025982.1204553706
5093 1028401.7187069940
5130 1029384.6562087836
5134 1029413.8366729334
5157 1029923.6535880461
5185 1030416.9897337849
5189 1031558.9448182884
5214 1032113.2521512087
5231 1034784.3312000225
5250 1035092.4907205134
5278 1035614.6100457282
5280 1035767.2407679821
5281 1035932.3890956901
5288 1036566.6387382119
5298 1037153.8713120257
5305 1037257.9599111298
5308 1037401.3232772178
5323 1037566.4728641232
5341 1038160.9634273811
5358 1038576.9337839159
5361 1038734.7532119417
5367 1039216.9970923928
5382 1040611.7695698263
5415 1040700.7284197183
5418 1040884.0361446722
5437 1040987.8464164323
5438 1041584.1403500217
5439 1042167.4523621103
5441 1042731.2064360423
5485 1043147.0627052244
5499 1043414.1551999397
5504 1043813.0064089482
5508 1044012.7435951621
5516 1044384.0380800072
5523 1044628.5502734345
5551 1044638.1447915502
5554 1044681.8112139832
5561 1044929.7898403646
5563 1045318.8334666429
5575 1046414.3032802382
5597 1047311.1181254577
5608 1047560.5546417899
5621 1047610.7445679770
5636 1047732.2879866456
5649 1048362.6038960333
5663 1048956.9349572782
5687 1049556.9120799133
5698 1049694.1595399785
5715 1050951.8693311792
5741 1051705.0108882119
5764 1051720.4806550071
5794 1052486.9299229444
5796 1052699.6458184123
5822 1052890.7794691932
5827 1053135.5770988327
5832 1053739.8374682781
5846 1054175.7685303183
5862 1054532.9876784023
5889 1054696.9228715920
5895 1055722.8146842711
5908 1056374.3429766276
5929 1056649.2699675018
5941 1056698.3757330673
5949 1057317.4505162821
5952 1057336.0482698958
5958 1057502.6962151674
5964 1058106.3014193890
5971 1058447.5226576815
5990 1058607.1289938893
6001 1058789.2739221710
6005 1058808.1606202947
6016 1059139.5055997313
6020 1060071.3110096180
6038 1060098.9740958321
6048 1060800.4741166786
6055 1060973.6435722925
6058 1061269.3151927306
6092 1062271.4566085637
6096 1062940.2047368118
6123 1063930.6827208060
6150 1064699.8164152401
6177 1065197.6692463637
6197 1065380.9566122033
6202 1065606.6011963191
6208 1065667.3327001326
6211 1065808.7510490736
6221 1066340.0845647922
6230 1066706.2148125365
6253 1067036.5029824309
6259 1067584.6770977436
6265 1067764.1279012978
6276 1067985.2347541736
6281 1068207.5456031007
6285 1068505.4897001639
6289 1068817.2165851947
6305 1068891.5425883899
6306 1069064.3596082295
6313 1069332.4685674005
6319 1069460.9341022447
6321 1069678.0329844959
6350 1070530.1550161557
6364 1070600.8207329931
6372 1071130.0834291077
6406 1071216.8780345691
6414 1072047.2125264585
6445 1072047.5054024789
6456 1072654.3511208538
6483 1073028.5417331790
6491 1073758.0905138527
6512 1073763.0407232430
6524 1074355.1732845753
6530 1074377.7531588215
6533 1075036.7437016580
6558 1075948.1111406235
6568 1076061.0886597524
6589 1076273.1520226107
6592 1076780.2052275329
6603 1077212.7513423301
6617 1077356.8048996478
6626 1077688.1342670796
6632 1078160.0901737770
6639 1078289.5581318722
6649 1079215.8389427930
6667 1079499.2008593373
6695 1079963.8212645873
6698 1080382.8253297585
6706 1081283.2600852828
6728 1082220.3727148417
6749 1082250.1040298215
6763 1082357.9592650875
6765 1082729.0293247085
6781 1083145.8992331421
6810 1084119.8716211356
6822 1085140.6936462536
6844 1085497.1055505357
6861 1086122.9703182143
6870 1086136.1942414704
6892 1086279.3493474254
6902 1086308.3199462953
6908 1086397.6004923589
6910 1087357.0320265379
6925 1087584.7497918201
6945 1089078.3554196341
6972 1089831.5794305494
6984 1090164.8564772008
7005 1091093.7347854599
7040 1091102.2643182292
7042 1091490.2758484581
7044 1091802.0438871582
7054 1091808.6897391537
7064 1091852.1069721112
7065 1091922.7584401371
7066 1091997.3663452405
7070 1092461.0767312243
7078 1093318.6178391101
7097 1093424.1005595522
7102 1093897.0259947786
7103 1094253.9974763179
7140 1094790.5313859226
7145 1095208.3016734077
7152 1095794.3427581103
7185 1095903.1529690113
7215 1096008.1844575517
7228 1096022.8836084367
7229 1096029.2091575032
7231 1096410.8828864412
7260 1096609.5094158130
7263 1096959.1633103322
7266 1097564.6880320362
7269 1097604.7052601210
7284 1098294.3648188834
7308 1098455.2941395256
7309 1098594.9065029616
7311 1098631.7904646045
7340 1099563.2456807557
7348 1099606.9325105802
7352 1099815.4897434970
7354 1101451.6752261431
7387 1101844.7299612099
7398 1102328.6935274636
7413 1102822.9469381566
7419 1103322.0385309984
7439 1103343.5364266303
7447 1104108.2740477945
7450 1104316.1962546206
7465 1104685.8684399431
7485 1105272.0713890044
7493 1105288.8501752811
7523 1106015.7158586641
7556 1106275.3565628571
7563 1106857.7268556296
7590 1107343.0399804013
7601 1107988.7511608459
7602 1109154.1460023480
7633 1109236.3688633684
7643 1109359.5850415705
7664 1109998.1554202181
7669 1110239.1990800737
7684 1110482.6875817666
7702 1111046.0109050386
7727 1111075.4340875496
7731 1111209.0774079328
7744 1111960.6743687617
7785 1112513.4348239186
7805 1112876.3859963545
7815 1113132.6380482253
7817 1113337.0597420305
7828 1113866.3042194773
7850 1113920.2438640415
7851 1114120.9688956831
7855 1114186.7304891341
7866 1114559.6254628655
7889 1115111.7062042679
7892 1115297.2029933066
7905 1115944.8100444484
7931 1116033.3748965969
7951 1116287.7255127768
7967 1116523.0168696127
7989 1116831.5804799499
7991 1117639.9998331768
8012 1118169.1326699406
8040 1118318.1208647806
8052 1119429.7277654789
8061 1119931.2676011443
8090 1120771.4428349696
8124 1121856.7723215271
8142 1122827.7437174716
8162 1122912.3043841387
8186 1123444.5922149115
8197 1123919.8423350498
8210 1126177.6060519842
8241 1127121.3386757267
8287 1127198.8604198175
8289 1127319.3294714929
8294 1128234.1905439328
8337 1128939.4360227354
8339 1129166.2049801636
8340 1129870.8969474549
8361 1130797.1462668609
8388 1130924.0250448163
8406 1133164.3625589258
8454 1133330.1239104222
8473 1133763.7414617576
8504 1134206.2714034629
8521 1134555.8218063386
8528 1135060.3818887156
8544 1135142.8286938164
8547 1135237.4322630353
8555 1135569.7442976038
8558 1135598.9776636306
8575 1136204.6890114029
8582 1136566.9815888030
8602 1137205.1911839750
8626 1137834.3693821211
8632 1137836.4088390896
8650 1138571.7270545419
8666 1138654.4043516589
8669 1138660.3519985152
8694 1139197.3706137484
8704 1139702.7683729678
8735 1140056.9221975142
8744 1140255.7210226504
8766 1140457.5238598275
8777 1140582.2517770703
8784 1140811.6792756168
8798 1140840.6187929225
8815 1141313.9400733458
8818 1141549.3430796219
8825 1142493.4749547844
8842 1142765.4592435881
8865 1143133.0467259150
8888 1143268.2177425839
8894 1143569.3628563890
8900 1143723.2891061159
8904 1144404.9884228294
8922 1144476.9894890070
8927 1144865.2811673428
8932 1145332.4636478517
8972 1145799.2149623076
9003 1145875.0201932176
9004 1145932.6246668370
9020 1146371.4450892580
9032 1146618.1876938755
9037 1146746.7457373568
9041 1147792.7335858205
9072 1147867.5653421720
9082 1148020.0594428270
9091 1148143.8793874201
9095 1148175.1206140255
9102 1148208.4661588541
9110 1149339.2973030349
9123 1149911.9655751861
9162 1149931.1749732578
9164 1150090.8366830002
9165 1150414.6737401604
9179 1150587.6326481581
9196 1151032.3814566082
9209 1151092.4000536061
9224 1151356.9262081767
9231 1151911.4305562335
9238 1151959.9973058635
9253 1152902.1493920630
9261 1153819.7460399088
9286 1154381.0636651835
9335 1154839.5581875569
9362 1155484.0457790704
9370 1155974.7054376083
9383 1156408.3588007633
9424 1156824.5173365152
9425 1157326.0458638400
9463 1157334.8963855535
9477 1157774.1029177040
9499 1157777.8196341591
9507 1158364.2362063662
9536 1158760.1504875221
9554 1159256.6443510558
9563 1159975.4404040819
9585 1160648.5381181340
9621 1160816.7603876609
9628 1160821.4350109915
9643 1161236.0785357382
9644 1161351.0093925572
9660 1161426.7893694825
9671 1161789.7572695813
9678 1161797.2918522079
9681 1162065.5034733408
9687 1162223.5842265480
9691 1163775.9546956762
9720 1164350.7350464761
9742 1164510.0118260810
9756 1165539.8003859522
9778 1166149.4466932763
9780 1167048.5041473270
9788 1167424.3651898666
9813 1167751.4369128069
9834 1167877.2712714137
9848 1168459.8080974093
9863 1168531.0337219771
9894 1168800.5501573950
9921 1169053.6761731985
9945 1169145.1433546953
9958 1169547.2928937466
9965 1169830.5285203927
9995 1170290.5579645478
10021 1170411.1693763197
10027 1170748.9844292318
10054 1171210.6022239923
10067 1171407.6976643982
10081 1171654.1570055259
10102 1172273.0034974844
10128 1172292.5468313387
10131 1172704.8245752221
10160 1174174.5432533133
10201 1174708.9322001040
10224 1175413.5449677471
10235 1175893.5382803380
10265 1176162.6639933295
10266 1176270.7710969504
10276 1176296.7163035215
10282 1176925.3921871572
10306 1177801.5032527850
10347 1178960.6421236950
10404 1179155.3656013620
10435 1179317.5396630780
10454 1180083.7068162609
10469 1180162.3887342259
10470 1180681.3119629109
10483 1180850.5736252915
10496 1182431.8853265811
10505 1182523.4049177584
10543 1182641.8936397426
10545 1182989.1609288293
10554 1183232.8203970299
10570 1183235.0867728062
10578 1184480.2876090233
10584 1184531.8753850984
10595 1184723.6061075700
10601 1184986.1264929285
10625 1185241.2725049243
10646 1185247.5836136045
10669 1185532.0396402532
10684 1185559.7896405859
10693 1185700.6954018571
10704 1186015.7966218444
10707 1186031.1464886698
10709 1186650.9421648814
10728 1186873.7693177955
10731 1187122.3109264493
10753 1187330.7320327335
10764 1187458.4278566113
10785 1187673.9537050636
10795 1188139.5832994883
10818 1188168.4006718604
10821 1188267.2753201274
10822 1188680.1465666289
10848 1189342.7888308929
10865 1189577.2693279977
10878 1189766.4473457003
10894 1190136.5809542921
10903 1190828.3050899282
10925 1191062.7818449889
10941 1191457.8303491939
10971 1191516.8315718553
10977 1192164.8399675947
10982 1192389.3498380578
11000 1192690.7261925221
11014 1193027.6790271725
11062 1193389.3829079259
11112 1193734.1209311611
11119 1194180.1331401526
11133 1194583.9884145157
11153 1194647.1313412818
11162 1194906.8967780417
11165 1195828.4481689085
11194 1195953.7736981369
11209 1196656.4502729857
11232 1196786.6788344299
11235 1196967.3823669693
11241 1197158.0686890800
11267 1197251.0252358571
11273 1197553.2630252575
11281 1198101.8045089941
11307 1199136.0873470358
11333 1199270.5758497501
11334 1199761.0064502051
11342 1200283.0699945029
11345 1200622.3796271679
11386 1200903.2278326505
11389 1200952.7206708081
11407 1201293.1678661320
11433 1201423.8797850234
11436 1201433.5279813928
11439 1202047.2827376826
11444 1202338.3209436841
11466 1203274.2885395787
11511 1203323.4800500020
11518 1203895.6113725828
11526 1204085.5381981540
11550 1204499.6875659684
11563 1204972.6450656245
11568 1205161.2622218311
11592 1205536.3470824193
11617 1205734.3939079123
11620 1206238.2333646563
11624 1206274.8752198450
11631 1206665.2363719097
11651 1206698.4641465677
11659 1206838.4308876216
11667 1206876.0931418822
11692 1207116.9510490517
11711 1207439.6373767545
11728 1208169.5402374037
11774 1208703.2394021191
11785 1209054.5097645128
11842 1209084.8029101989
11857 1209396.2237322526
11863 1209436.0655861737
11871 1209522.7270492041
11890 1209525.0969495580
11898 1209634.1014457922
11904 1209720.7731831013
11910 1210347.6755874599
11938 1210379.0193455694
11974 1210771.0293358266
11984 1210888.4988195479
11985 1211016.3928040022
12022 1211167.0782461853
12028 1211359.7071978473
12035 1211476.7188904993
12068 1211664.4749538749
12091 1211802.4348023373
12104 1211828.4293748303
12105 1211931.1301613806
12115 1212048.5868080533
12118 1212599.9369771818
12161 1213381.0083399576
12195 1213521.7560262093
12202 1213910.8560311289
12219 1214345.7944130478
12238 1214796.9224139685
12260 1215514.5558496730
12276 1215587.9480272150
12303 1216004.5816049546
12317 1216463.7898035420
12323 1216660.8368450850
12331 1216888.7989740870
12352 1217416.8207124271
12366 1217647.8541074952
12386 1217654.2451417167
12394 1217987.5566253546
12433 1218631.6631666429
12461 1218909.7072233360
12463 1219592.8896379699
12489 1220509.8007671679
12514 1220542.4451631722
12524 1220563.4489474494
12553 1220583.1805205115
12557 1220740.8352314918
12560 1220751.9260811650
12561 1221343.1645289240
12576 1221499.2828610241
12582 1222040.9632297347
12601 1222648.8773129215
12620 1222785.6511336095
12630 1223137.6525845150
12653 1223563.7646476133
12665 1223730.5483539891
12675 1224590.7858308489
12702 1224649.9536120621
12704 1224747.4088247893
12733 1225216.7639943222
12765 1225340.2780510013
12785 1225809.6282686833
12793 1225811.3627513498
12828 1225845.6917697610
12831 1226102.9537559652
12839 1226355.2348351527
12840 1226404.2197476241
12846 1226548.6116472445
12850 1226811.0617142073
12859 1226839.0497098928
12860 1227073.1471975537
12863 1227516.4921429958
12889 1228440.8475621017
12921 1228701.4914828544
12947 1228874.3237682136
12968 1229016.4105837734
12969 1229731.7382840216
13003 1230017.2884057672
13025 1230102.8754870803
13042 1232045.6256208916
13062 1232789.8224423891
13095 1233076.9881894337
13108 1233155.8825579986
13126 1233257.4110342425
13145 1233434.4066972064
13147 1233554.4284605756
13157 1234112.3702880251
13162 1234145.4741962107
13163 1234538.8782748254
13202 1235330.6749429272
13223 1236613.3775064056
13241 1237039.8833797623
13281 1237682.8699140893
13306 1238248.9343269682
13317 1238405.7523760521
13322 1240248.6515737481
13365 1240328.9538742818
13379 1240352.1395415990
13393 1240554.3101665340
13413 1240601.8243042056
13424 1240666.1449095842
13459 1240709.8330173888
13462 1241240.3985875454
13484 1241273.5027038823
13488 1241311.5496735857
13495 1242332.5312569733
13521 1242345.2337426827
13543 1243832.3657052629
13569 1243859.8810605302
13584 1244137.9346120043
13612 1244256.0834851339
13616 1244457.0116053126
13632 1244483.9005236726
13650 1244837.2020771352
13677 1244873.6259670476
13687 1245291.8290555771
13701 1245549.9692176010
13736 1245993.5076732328
13758 1246003.6182833617
13765 1246028.6698064180
13785 1246215.1480692257
13802 1246236.4498984555
13803 1246369.4186530320
13811 1246433.0321869617
13823 1246694.4530259066
13839 1246965.0899368234
13842 1247250.3035615736
13864 1247826.8170955540
13882 1248072.8753846742
13885 1248266.3373343342
13896 1248524.8357717860
13902 1249329.5026750306
13945 1249708.4945225616
13966 1250099.2895304700
13986 1250447.9179448986
14007 1250664.0658651290
14025 1250697.1203533306
14051 1251136.1989569610
14068 1251546.9903736359
14104 1251576.5244843701
14127 1251775.9023551715
14131 1251867.8942897271
14146 1251978.3746889988
14164 1252502.5470029241
14188 1252683.6744961257
14201 1252743.2142016934
14230 1252795.2625160727
14237 1253413.7982675747
14273 1253626.6678495158
14287 1253844.3453589971
14301 1253988.9352044314
14323 1254462.5293576971
14338 1254608.9405697573
14365 1254801.5781519110
14388 1255272.4728742631
14395 1255499.6237430521
14402 1255975.5105695277
14431 1256008.4638403931
14450 1256133.7662338789
14453 1256474.0507880636
14468 1257245.7635912835
14481 1257358.6746855031
14525 1257609.5409344148
14540 1257617.3598631739
14541 1257743.1222318055
14542 1258353.8505942593
14564 1258529.0321881708
14571 1258640.3001746570
14585 1259122.3299103295
14617 1259386.3410166230
14650 1260139.0532579075
14678 1260560.1969533695
14681 1260732.8794303259
14701 1261292.9848628717
14757 1262153.7240155085
14795 1262326.3066240447
14796 1262354.0820697255
14806 1262424.3900604704
14837 1263083.0507481350
14849 1263129.7687835942
14871 1263254.2529710256
14872 1263412.1009773021
14881 1263422.8652907342
14882 1263637.8127942693
14890 1263708.7754382573
14906 1263709.4034924353
14914 1263983.0315876601
14921 1264194.1754681326
14932 1264272.2174517543
14949 1264367.4990960110
14965 1264607.1474245256
14986 1264898.5366737975
14994 1265313.7221287193
15007 1265336.3712098214
15033 1266093.6419940335
15082 1266459.6620103605
15104 1266576.8228916782
15113 1266776.8072525293
15141 1266801.5520569126
15149 1267600.3226654925
15205 1267666.6235729821
15208 1267692.8237157548
15211 1268131.5628824851
15240 1268344.3273240603
15260 1268485.2781595907
15278 1268591.0486308690
15279 1268644.9481766510
15289 1268832.4710494524
15326 1269456.6232671554
15367 1269509.3202741670
15411 1269732.6864031900
15441 1269927.3886691290
15455 1270060.2391801197
15466 1270326.2142820365
15493 1270653.7654733867
15496 1270693.2985007970
15498 1270850.0362131402
15526 1271020.8464912318
15536 1271177.5722149843
15572 1271838.7566168681
15585 1271967.1032799846
15592 1272138.1752764131
15606 1272459.5193562529
15642 1273139.7465749825
15671 1273370.1276513906
15711 1273607.2684642512
15746 1274175.2701954346
15761 1274312.8926913666
15771 1274326.5035568574
15780 1274500.8022122290
15786 1274866.4916919621
15816 1274967.8873972464
15839 1275507.6391095845
15861 1275748.0490843523
15871 1275803.7082412415
15882 1276130.8970899249
15896 1276339.9686493489
15901 1277597.3586869221
15996 1277642.5605487465
16014 1277731.7548931052
16021 1277838.9929846760
16030 1278054.4507055646
16035 1278108.4452089428
16058 1278250.8557934719
16066 1278951.0515052786
16111 1279269.8559518235
16125 1279377.0631582874
16177 1279470.1443927484
16187 1279579.6178333957
16188 1279602.7562781465
16196 1279637.9467894200
16209 1279679.6292226017
16225 1279700.0410931695
16227 1279967.5282287276
16231 1280033.0146968202
16243 1280520.5170174118
16261 1281119.2447528229
16284 1281134.6012307152
16305 1281253.3350779021
16324 1281386.3758330136
16329 1281533.1271170746
16338 1281615.8743276766
16354 1281696.8741280721
16390 1281986.2651451502
16402 1282111.3965220661
16404 1282113.9122217477
16433 1282139.1625785991
16438 1282488.6492899212
16457 1282613.7524685618
16469 1283243.8809149291
16477 1283476.3310232456
16534 1283503.8863078468
16542 1284000.3300176559
16563 1284037.1135524355
16564 1284305.6389028870
16592 1284434.1217266568
16593 1284464.5605659164
16594 1284704.3856894828
16610 1284818.0869164243
16623 1284869.6911786466
16624 1285485.2803524346
16648 1286338.3901435260
16731 1286383.7035037593
16737 1286548.3771064368
16777 1286650.1521901512
16778 1286651.5234492887
16794 1287078.5214813992
16825 1287323.9232141147
16837 1287345.6064092789
16868 1287512.6161072454
16869 1288104.6491993610
16952 1288449.4004951629
16980 1288502.8565287762
16985 1288645.7867054266
17004 1288696.6055829832
17040 1288756.9799387704
17080 1289080.5221278691
17109 1289083.9052775791
17112 1289477.7293544896
17196 1289478.3731862125
17207 1289655.3997616754
17225 1289835.1898557539
17287 1290099.5143754215
17331 1291398.6248645913
17383 1292330.1894425892
17413 1292496.3011800447
17443 1292506.5138395808
17453 1292546.9581189484
17454 1292963.2662736005
17461 1293258.2328197332
17483 1293398.2622815787
17505 1293638.7295891298
17521 1293734.6153390608
17556 1293807.6196263598
17564 1294179.6943686244
17573 1294357.1891981314
17583 1294430.1702102222
17603 1294704.5584687192
17648 1294717.8811161416
17660 1295305.9116633360
17726 1295344.3322128097
17737 1295548.4852385812
17764 1295818.4527360811
17770 1296108.5523057915
17802 1296544.6467048384
17849 1296606.6070735364
17867 1297449.4334996275
17910 1297677.6455698556
17947 1297810.0910317854
18010 1297856.0073409930
18028 1298171.4785037243
18044 1298303.9230446266
18052 1298936.7212772740
18114 1299612.4059607591
18183 1300213.2439274879
18191 1300331.1993119123
18224 1300426.9521061426
18239 1301026.3004123860
18244 1301122.0286330797
18257 1301134.5090703748
18265 1301389.5337548633
18289 1301636.6085882941
18300 1301680.0694616355
18314 1302304.6780994348
18367 1302388.4225428402
18389 1303510.4824309391
18469 1303568.0564917477
18486 1303903.0747197787
18488 1304299.0938515891
18520 1304420.6233114654
18528 1305122.1912664124
18541 1305209.2377687418
18588 1305551.1479468565
18614 1305760.0078289639
18641 1305802.5439517032
18672 1306230.0509670069
18705 1306571.9437629622
18714 1306813.4710913170
18726 1307399.6377498382
18753 1307456.9546670299
18770 1307961.7175329521
18797 1308050.4666245568
18851 1308125.7707756378
18886 1308244.6417927225
18899 1308358.3838661050
18916 1308432.5667418526
18929 1308644.5206122568
18937 1309186.0079513972
18958 1309917.5524036125
18989 1310024.4512503606
19005 1310302.5879291263
19053 1310378.0224250073
19056 1310511.7873336917
19068 1310679.8031621741
19102 1310836.7770575553
19113 1310853.3448737231
19121 1311017.5621184600
19129 1311065.2805319373
19132 1311074.0242298064
19135 1311081.1552543950
19150 1311171.2744668128
19162 1311206.2445360546
19163 1311322.3591981744
19170 1311603.0106924225
19182 1311653.5087257661
19189 1311954.5170405039
19210 1312588.8558443391
19245 1312841.8799407610
19265 1313003.3875061565
19297 1313273.9008252034
19309 1313370.6494693349
19322 1313371.5706579552
19349 1313718.4284051808
19361 1313791.2401590210
19365 1313869.4378105602
19396 1314299.8475304099
19447 1314938.5122279979
19472 1315063.9297567010
19501 1315314.3688322930
19518 1315573.2177112594
19545 1315710.5426286594
19557 1315823.6379877315
19563 1315855.2797758405
19613 1315957.3845016751
19657 1316220.6982279173
19712 1316313.8775612595
19722 1316460.7331557365
19730 1316476.4405601318
19777 1316879.2390550021
19784 1317027.5488816737
19793 1317050.5082687840
19804 1317198.8684527664
19816 1317244.0296961563
19822 1317392.3480023656
19835 1317438.7411664291
19851 1317722.0534955626
19865 1317911.7199594439
19924 1317990.0996858913
19932 1318175.2830647198
19971 1318775.2441982364
19995 1318893.8657920505
20000 1319035.3354336314
20016 1319083.4571427205
20032 1319452.8265908654
20064 1319517.9092997180
20066 1320311.7960150039
20069 1320525.2195596700
20085 1320533.7182367153
20101 1321333.6902466186
20151 1321426.8191380072
20161 1321865.8446536630
20179 1321867.5812518089
20219 1322144.6001170522
20224 1322197.2195761555
20227 1322521.7128445590
20247 1322523.5777648650
20289 1322892.8351902941
20384 1323035.2214893277
20385 1323640.7213771031
20425 1323783.0442519237
20466 1323852.9423537878
20532 1324231.0614926768
20549 1324300.8563898474
20588 1324421.5029378594
20636 1324491.2193035798
20696 1324533.1288661805
20702 1324591.2284652316
20745 1324611.2873970419
20753 1324629.6286507784
20754 1324633.1268836854
20787 1324958.3789707441
20817 1325000.2314399194
20849 1325090.3055756486
20909 1325139.9374821403
20918 1325307.0097179569
20919 1325549.0926159711
20981 1325675.7129712994
21025 1325765.7331803916
21036 1326005.1966778066
21089 1326076.4666526348
21094 1326745.0342081825
21109 1326835.0442132407
21144 1326906.3054980470
21203 1326991.9416373775
21208 1327120.8524960910
21224 1327599.3559643987
21253 1327813.8926886935
21274 1328131.4049201922
21301 1328157.1055303672
21314 1328682.8660328588
21351 1328798.4305955335
21378 1329152.0519948862
21387 1329188.2373857012
21391 1329267.6101546623
21403 1329642.7257595311
21443 1329942.3103533706
21454 1330792.1814306104
21490 1331470.0343103283
21544 1331777.7166204287
21564 1331880.5327689811
21585 1332095.2274781291
21606 1332106.4466658989
21639 1332191.9009091749
21668 1332213.0688743386
21684 1332470.3068676535
21705 1332781.7502279598
21732 1332803.3018583313
21750 1332957.8576184979
21772 1332985.6760958470
21792 1333003.9013034292
21801 1333083.2324488477
21814 1333317.2548624873
21820 1333429.2484110587
21830 1333651.3977296546
21849 1334161.2746663168
21876 1334383.4149534099
21924 1334529.8716843787
21953 1334756.5127311135
22001 1335099.9550719706
22079 1335224.1153476203
22083 1335306.8372101479
22096 1335360.2166576614
22113 1335410.4052507798
22121 1335478.2193142413
22153 1335698.4563845114
22222 1335711.1336793979
22233 1335735.2093602801
22255 1336218.1627044908
22281 1336254.7065396425
22310 1336313.9541891846
22354 1336876.7252409088
22381 1337616.4933981358
22404 1337638.8867845510
22415 1337762.5951574103
22422 1337848.8984228980
22441 1337952.0515441429
22454 1337983.6945471277
22478 1338243.4069469708
22509 1338301.3585105678
22510 1338377.9815673933
22529 1338416.8234870029
22560 1338549.3093114614
22573 1338576.6827182281
22584 1338707.0415523918
22618 1339006.2075858258
22639 1339048.1133406549
22651 1339093.0104586442
22690 1339406.4003703254
22709 1339413.7200427963
22723 1339440.6453772748
22728 1339541.2656152106
22756 1339575.3550019902
22782 1339712.8161468708
22835 1339883.5775336993
22850 1339984.7390753317
22876 1340050.6350984706
22899 1340122.2839991753
22919 1340133.5825526915
22930 1340317.9491592431
22942 1340340.9754670837
22986 1340420.1664991868
22990 1340542.0811401859
23011 1340649.8947301509
23015 1340745.5337040811
23021 1340778.6601175999
23062 1340917.7001992220
23131 1341042.3793051615
23155 1341164.3806310352
23339 1341164.5942436287
23357 1341191.3302885061
23472 1341341.5388428464
23504 1341634.0234936278
23626 1341853.5164249253
23714 1342103.4258726877
24061 1342705.2002224484
24625 1342875.4127482339
24862 1343101.5272620718
25237 1343120.9542968781
25381 1343780.6521506016
25512 1343931.9106317272
25847 1343941.3427973813
25967 1344235.9356732594
26149 1344307.9797806009
26150 1344535.8358697616
26198 1344566.3361396512
26253 1344579.5710706154
26300 1344697.7942304818
26316 1344748.4538075768
26365 1345136.4622863741
26400 1345164.1142242204
26424 1345372.5696107177
26528 1345433.1496304672
26577 1345446.9688085380
26596 1345507.5441649607
26650 1345535.7063100587
26677 1345596.2794150480
26724 1345643.0276159951
26746 1345697.1684428223
26952 1345709.0529930471
27049 1345882.9512134399
27104 1345985.3242438838
27233 1346100.0493968232
27305 1346105.9065760681
27391 1346150.2730755822
27468 1346310.9287162246
27494 1346774.3802024024
27511 1346860.4230924686
27560 1346972.4160321576
27639 1347174.0027290019
27659 1347187.4876597875
27695 1347192.2003440687
27723 1347199.3639640743
27790 1347204.1003717431
27826 1347299.9018120833
28012 1347410.2969211584
28024 1347411.3952356325
28543 1347513.0850926433
29280 1347514.7170597035
29339 1347634.8183497211
29409 1347787.7711347553
29873 1347906.0571372011
29946 1347982.9829188632
30162 1348167.8309392135
30222 1348308.2793343137
30566 1348432.9130971844
30787 1348437.4714715057
30796 1348442.8094059851
30842 1349035.7321158897
30978 1349060.4620020599
31040 1349104.1555306148
31188 1349114.8261453980
31262 1349518.8181454402
31342 1349933.0341065545
31398 1350069.8873587130
31407 1350329.3522031857
31938 1350363.5749023007
32099 1350364.3278437920
32170 1350364.3730647699
32286 1350412.8990908018
32318 1350676.5250837107
32351 1350709.7280183923
32586 1350791.6410708332
32840 1350903.5251385835
32868 1350926.6478041722
33013 1351020.9835767876
33114 1351253.8330758300
33122 1351308.1117832446
33181 1351540.9565121727
33473 1351789.9304915208
33649 1351900.3207469282
33807 1351972.3405992822
34722 1351975.5854122704
34889 1352018.4328866357
34904 1352170.6694677039
34913 1352266.2008054657
35000 1352412.8596699077
35074 1352648.0072245814
35404 1352848.3225794337
35574 1352952.3991592585
35628 1353155.4015097597
35657 1353165.4456253373
35683 1353188.2420519835
35725 1353330.6131339381
36902 1353337.6751486706
37032 1353343.6232977079
37305 1353408.5694049874
37512 1353455.3076300386
39027 1353464.6583048629
39361 1353984.9823869271
40843 1354003.0714140888
40877 1354093.9854833544
40905 1354103.9604278062
41346 1354138.2914283616
42267 1354210.7960832152
42397 1354295.2492803521
42706 1354432.9633227349
43311 1354524.3034078409
43515 1354554.4352804942
43557 1354572.1896218259
44814 1354761.5524850404
46458 1354831.2637216414
47176 1354831.6610645896
47262 1355224.4859500600
47552 1355241.2041882395
49568 1355319.8958645200
49715 1355431.9056223449
49956 1355528.4864512121
50491 1355720.7933353868
51248 1355791.9890388269
51330 1355956.4710157898
51416 1356004.5097777969
53554 1356019.2263687132
53652 1356078.3433832123
53752 1356352.2269237081
53796 1356379.2837871043
53912 1356393.5586706284
53931 1356445.8131502541
54034 1356460.0899045633
54051 1356478.3545435390
54096 1356487.6766829942
54123 1356501.9932016104
54142 1356520.2177379029
54214 1356659.9695062162
54941 1356705.7975950460
58959 1356734.9074336223
59193 1356794.0172876955
61030 1356868.9900749659
61189 1356917.0114143461
62425 1357131.5084839705
62914 1357352.4120668974
63349 1357418.4375442306
63613 1357432.1003718860
64007 1357742.6556553494
64879 1357802.4890770447
69422 1357852.5719323314
69471 1357998.4504892945
69544 1358031.5692332359
69752 1358037.6063961918
69999 1358165.5617527771
73099 1358220.0778510422
73214 1358250.4636658009
75198 1358333.8890541892
75313 1358364.0138895081
75847 1358486.7950432373
79279 1358572.3368164578
79349 1358665.5744571290
79644 1358780.3727224094
79695 1358787.2810087297
81163 1359217.6081831488
86121 1359230.5899810814
86932 1359231.9838304219
89268 1359405.4387639810
89297 1359407.3151688827
89317 1359416.2239538981
95246 1359564.7727229563
96170 1359710.0629739440
96232 1359780.0029055027
96292 1359925.2938779776
96359 1360039.4889409759
96428 1360075.3922277179
96478 1360088.1812538009
96668 1360121.9581228304
96691 1360320.3720921988
96937 1360422.2697382397
98625 1360438.9986788724
100000 1359498.5944207548
