evaluations raw_y
1 -1987.0000000000
5 -1963.0000000000
12 -1945.0000000000
21 -1923.0000000000
41 -1922.0000000000
63 -1907.0000000000
67 -1878.0000000000
81 -1875.0000000000
87 -1857.0000000000
101 -1856.0000000000
103 -1851.0000000000
130 -1850.0000000000
136 -1838.0000000000
147 -1830.0000000000
171 -1827.0000000000
181 -1826.0000000000
192 -1824.0000000000
197 -1821.0000000000
203 -1820.0000000000
217 -1818.0000000000
225 -1814.0000000000
236 -1812.0000000000
247 -1807.0000000000
256 -1804.0000000000
262 -1803.0000000000
263 -1800.0000000000
273 -1799.0000000000
283 -1798.0000000000
302 -1796.0000000000
305 -1795.0000000000
327 -1790.0000000000
342 -1786.0000000000
354 -1785.0000000000
366 -1776.0000000000
401 -1775.0000000000
412 -1769.0000000000
460 -1764.0000000000
484 -1760.0000000000
516 -1759.0000000000
531 -1757.0000000000
542 -1756.0000000000
560 -1753.0000000000
581 -1752.0000000000
593 -1750.0000000000
606 -1749.0000000000
643 -1747.0000000000
645 -1744.0000000000
672 -1741.0000000000
708 -1738.0000000000
744 -1737.0000000000
762 -1734.0000000000
788 -1733.0000000000
793 -1732.0000000000
832 -1731.0000000000
841 -1730.0000000000
849 -1729.0000000000
863 -1728.0000000000
869 -1727.0000000000
879 -1725.0000000000
901 -1724.0000000000
924 -1723.0000000000
926 -1720.0000000000
960 -1718.0000000000
963 -1717.0000000000
996 -1715.0000000000
1001 -1711.0000000000
1042 -1710.0000000000
1062 -1708.0000000000
1081 -1707.0000000000
1099 -1706.0000000000
1114 -1702.0000000000
1142 -1700.0000000000
1187 -1698.0000000000
1195 -1696.0000000000
1206 -1693.0000000000
1244 -1692.0000000000
1249 -1691.0000000000
1266 -1688.0000000000
1305 -1685.0000000000
1322 -1683.0000000000
1347 -1682.0000000000
1354 -1680.0000000000
1389 -1679.0000000000
1401 -1676.0000000000
1424 -1674.0000000000
1450 -1673.0000000000
1479 -1672.0000000000
1504 -1671.0000000000
1530 -1670.0000000000
1543 -1668.0000000000
1575 -1664.0000000000
1593 -1662.0000000000
1621 -1661.0000000000
1628 -1660.0000000000
1632 -1659.0000000000
1652 -1658.0000000000
1664 -1656.0000000000
1684 -1655.0000000000
1701 -1654.0000000000
1726 -1653.0000000000
1735 -1651.0000000000
1748 -1650.0000000000
1765 -1649.0000000000
1781 -1648.0000000000
1805 -1647.0000000000
1806 -1645.0000000000
1829 -1641.0000000000
1850 -1640.0000000000
1862 -1639.0000000000
1877 -1637.0000000000
1888 -1636.0000000000
1901 -1635.0000000000
1903 -1634.0000000000
1919 -1633.0000000000
1924 -1631.0000000000
1943 -1630.0000000000
1955 -1629.0000000000
1977 -1628.0000000000
1984 -1627.0000000000
2001 -1624.0000000000
2045 -1623.0000000000
2066 -1622.0000000000
2081 -1620.0000000000
2112 -1619.0000000000
2117 -1618.0000000000
2145 -1617.0000000000
2159 -1615.0000000000
2166 -1614.0000000000
2179 -1612.0000000000
2185 -1611.0000000000
2194 -1610.0000000000
2202 -1609.0000000000
2211 -1608.0000000000
2242 -1605.0000000000
2246 -1604.0000000000
2274 -1602.0000000000
2290 -1601.0000000000
2304 -1600.0000000000
2318 -1598.0000000000
2326 -1597.0000000000
2331 -1595.0000000000
2342 -1594.0000000000
2384 -1592.0000000000
2416 -1591.0000000000
2427 -1589.0000000000
2450 -1588.0000000000
2464 -1586.0000000000
2468 -1585.0000000000
2504 -1584.0000000000
2508 -1583.0000000000
2509 -1582.0000000000
2524 -1581.0000000000
2536 -1580.0000000000
2562 -1579.0000000000
2567 -1577.0000000000
2581 -1576.0000000000
2606 -1575.0000000000
2625 -1573.0000000000
2637 -1572.0000000000
2644 -1570.0000000000
2661 -1569.0000000000
2682 -1568.0000000000
2697 -1567.0000000000
2714 -1566.0000000000
2727 -1565.0000000000
2742 -1564.0000000000
2747 -1562.0000000000
2761 -1561.0000000000
2762 -1560.0000000000
2783 -1557.0000000000
2813 -1555.0000000000
2845 -1552.0000000000
2865 -1551.0000000000
2886 -1550.0000000000
2892 -1549.0000000000
2907 -1548.0000000000
2929 -1547.0000000000
2948 -1545.0000000000
2972 -1543.0000000000
2981 -1542.0000000000
3009 -1541.0000000000
3016 -1540.0000000000
3043 -1535.0000000000
3090 -1534.0000000000
3096 -1533.0000000000
3111 -1532.0000000000
3117 -1531.0000000000
3126 -1530.0000000000
3140 -1529.0000000000
3145 -1526.0000000000
3165 -1524.0000000000
3190 -1523.0000000000
3207 -1522.0000000000
3226 -1521.0000000000
3228 -1520.0000000000
3266 -1519.0000000000
3277 -1516.0000000000
3301 -1515.0000000000
3346 -1514.0000000000
3360 -1512.0000000000
3384 -1510.0000000000
3409 -1509.0000000000
3421 -1508.0000000000
3428 -1506.0000000000
3456 -1505.0000000000
3470 -1504.0000000000
3483 -1502.0000000000
3493 -1499.0000000000
3531 -1496.0000000000
3573 -1494.0000000000
3589 -1492.0000000000
3601 -1490.0000000000
3639 -1489.0000000000
3653 -1488.0000000000
3666 -1485.0000000000
3678 -1484.0000000000
3709 -1483.0000000000
3723 -1481.0000000000
3730 -1479.0000000000
3751 -1478.0000000000
3788 -1477.0000000000
3802 -1475.0000000000
3830 -1472.0000000000
3864 -1471.0000000000
3882 -1470.0000000000
3901 -1469.0000000000
3923 -1468.0000000000
3928 -1467.0000000000
3949 -1465.0000000000
3980 -1464.0000000000
3986 -1462.0000000000
4018 -1460.0000000000
4023 -1459.0000000000
4054 -1457.0000000000
4055 -1456.0000000000
4087 -1454.0000000000
4092 -1452.0000000000
4126 -1451.0000000000
4145 -1449.0000000000
4149 -1447.0000000000
4189 -1445.0000000000
4221 -1442.0000000000
4264 -1439.0000000000
4278 -1437.0000000000
4316 -1434.0000000000
4326 -1433.0000000000
4352 -1432.0000000000
4362 -1430.0000000000
4392 -1428.0000000000
4401 -1427.0000000000
4428 -1425.0000000000
4456 -1424.0000000000
4465 -1422.0000000000
4493 -1420.0000000000
4503 -1417.0000000000
4543 -1416.0000000000
4576 -1415.0000000000
4592 -1413.0000000000
4604 -1411.0000000000
4624 -1409.0000000000
4648 -1407.0000000000
4662 -1406.0000000000
4664 -1405.0000000000
4708 -1404.0000000000
4723 -1401.0000000000
4750 -1400.0000000000
4775 -1399.0000000000
4790 -1398.0000000000
4813 -1395.0000000000
4830 -1394.0000000000
4836 -1392.0000000000
4854 -1391.0000000000
4865 -1389.0000000000
4902 -1388.0000000000
4914 -1387.0000000000
4919 -1385.0000000000
4946 -1383.0000000000
4962 -1381.0000000000
4981 -1380.0000000000
4984 -1379.0000000000
5002 -1378.0000000000
5008 -1377.0000000000
5026 -1376.0000000000
5040 -1373.0000000000
5066 -1372.0000000000
5085 -1370.0000000000
5127 -1369.0000000000
5139 -1368.0000000000
5140 -1365.0000000000
5161 -1364.0000000000
5177 -1363.0000000000
5198 -1361.0000000000
5222 -1360.0000000000
5224 -1357.0000000000
5270 -1356.0000000000
5281 -1355.0000000000
5304 -1354.0000000000
5326 -1353.0000000000
5341 -1351.0000000000
5350 -1350.0000000000
5365 -1348.0000000000
5381 -1346.0000000000
5417 -1344.0000000000
5442 -1343.0000000000
5451 -1342.0000000000
5482 -1340.0000000000
5485 -1339.0000000000
5522 -1337.0000000000
5542 -1334.0000000000
5575 -1333.0000000000
5606 -1331.0000000000
5623 -1329.0000000000
5658 -1327.0000000000
5661 -1325.0000000000
5688 -1324.0000000000
5690 -1322.0000000000
5741 -1320.0000000000
5766 -1319.0000000000
5779 -1317.0000000000
5827 -1314.0000000000
5842 -1313.0000000000
5873 -1312.0000000000
5885 -1310.0000000000
5918 -1309.0000000000
5950 -1308.0000000000
5967 -1307.0000000000
5985 -1305.0000000000
6001 -1304.0000000000
6036 -1303.0000000000
6048 -1302.0000000000
6051 -1301.0000000000
6060 -1300.0000000000
6069 -1299.0000000000
6081 -1298.0000000000
6082 -1297.0000000000
6101 -1296.0000000000
6110 -1295.0000000000
6129 -1293.0000000000
6166 -1291.0000000000
6183 -1290.0000000000
6190 -1289.0000000000
6202 -1288.0000000000
6211 -1286.0000000000
6228 -1285.0000000000
6246 -1284.0000000000
6281 -1282.0000000000
6282 -1278.0000000000
6321 -1277.0000000000
6343 -1276.0000000000
6365 -1275.0000000000
6381 -1274.0000000000
6383 -1273.0000000000
6407 -1272.0000000000
6435 -1271.0000000000
6441 -1270.0000000000
6454 -1269.0000000000
6470 -1268.0000000000
6483 -1267.0000000000
6490 -1265.0000000000
6532 -1264.0000000000
6544 -1263.0000000000
6546 -1262.0000000000
6571 -1261.0000000000
6588 -1260.0000000000
6614 -1258.0000000000
6627 -1257.0000000000
6641 -1255.0000000000
6660 -1252.0000000000
6689 -1249.0000000000
6714 -1248.0000000000
6739 -1247.0000000000
6752 -1246.0000000000
6761 -1245.0000000000
6774 -1244.0000000000
6792 -1243.0000000000
6803 -1242.0000000000
6822 -1241.0000000000
6842 -1240.0000000000
6861 -1239.0000000000
6883 -1238.0000000000
6912 -1237.0000000000
6931 -1236.0000000000
6938 -1232.0000000000
6973 -1231.0000000000
7026 -1230.0000000000
7029 -1229.0000000000
7068 -1226.0000000000
7088 -1225.0000000000
7112 -1224.0000000000
7125 -1223.0000000000
7128 -1221.0000000000
7162 -1219.0000000000
7175 -1218.0000000000
7200 -1217.0000000000
7201 -1216.0000000000
7219 -1214.0000000000
7235 -1213.0000000000
7246 -1212.0000000000
7261 -1210.0000000000
7288 -1209.0000000000
7303 -1208.0000000000
7313 -1207.0000000000
7329 -1206.0000000000
7330 -1205.0000000000
7350 -1203.0000000000
7355 -1202.0000000000
7365 -1201.0000000000
7381 -1200.0000000000
7391 -1199.0000000000
7407 -1197.0000000000
7428 -1196.0000000000
7448 -1194.0000000000
7451 -1193.0000000000
7462 -1191.0000000000
7502 -1190.0000000000
7507 -1186.0000000000
7525 -1184.0000000000
7544 -1183.0000000000
7588 -1182.0000000000
7595 -1180.0000000000
7644 -1178.0000000000
7661 -1177.0000000000
7682 -1176.0000000000
7685 -1175.0000000000
7704 -1174.0000000000
7708 -1172.0000000000
7731 -1171.0000000000
7765 -1170.0000000000
7776 -1167.0000000000
7794 -1166.0000000000
7807 -1165.0000000000
7832 -1164.0000000000
7846 -1162.0000000000
7870 -1161.0000000000
7882 -1160.0000000000
7901 -1159.0000000000
7921 -1158.0000000000
7926 -1157.0000000000
7953 -1156.0000000000
7981 -1155.0000000000
7982 -1154.0000000000
7992 -1152.0000000000
8023 -1150.0000000000
8046 -1149.0000000000
8064 -1148.0000000000
8099 -1147.0000000000
8103 -1146.0000000000
8141 -1144.0000000000
8145 -1143.0000000000
8166 -1142.0000000000
8186 -1141.0000000000
8210 -1140.0000000000
8250 -1139.0000000000
8251 -1138.0000000000
8255 -1137.0000000000
8270 -1135.0000000000
8283 -1133.0000000000
8321 -1131.0000000000
8368 -1129.0000000000
8389 -1128.0000000000
8404 -1126.0000000000
8420 -1125.0000000000
8430 -1124.0000000000
8449 -1122.0000000000
8493 -1120.0000000000
8495 -1118.0000000000
8514 -1117.0000000000
8532 -1116.0000000000
8551 -1115.0000000000
8564 -1113.0000000000
8579 -1112.0000000000
8588 -1111.0000000000
8607 -1108.0000000000
8629 -1106.0000000000
8661 -1104.0000000000
8664 -1103.0000000000
8701 -1102.0000000000
8726 -1099.0000000000
8761 -1098.0000000000
8795 -1097.0000000000
8816 -1095.0000000000
8817 -1094.0000000000
8844 -1093.0000000000
8883 -1091.0000000000
8901 -1090.0000000000
8913 -1086.0000000000
8965 -1085.0000000000
8988 -1084.0000000000
9019 -1083.0000000000
9034 -1081.0000000000
9059 -1080.0000000000
9066 -1079.0000000000
9127 -1078.0000000000
9166 -1076.0000000000
9170 -1075.0000000000
9203 -1074.0000000000
9221 -1073.0000000000
9239 -1072.0000000000
9266 -1071.0000000000
9282 -1070.0000000000
9299 -1069.0000000000
9302 -1066.0000000000
9342 -1064.0000000000
9371 -1062.0000000000
9383 -1060.0000000000
9422 -1059.0000000000
9430 -1058.0000000000
9475 -1057.0000000000
9485 -1056.0000000000
9505 -1054.0000000000
9521 -1053.0000000000
9543 -1052.0000000000
9546 -1051.0000000000
9562 -1049.0000000000
9564 -1047.0000000000
9609 -1045.0000000000
9632 -1044.0000000000
9639 -1043.0000000000
9660 -1041.0000000000
9662 -1040.0000000000
9671 -1038.0000000000
9711 -1037.0000000000
9734 -1036.0000000000
9742 -1035.0000000000
9775 -1033.0000000000
9785 -1032.0000000000
9821 -1030.0000000000
9842 -1029.0000000000
9867 -1027.0000000000
9875 -1025.0000000000
9896 -1022.0000000000
9922 -1021.0000000000
9964 -1020.0000000000
9970 -1018.0000000000
9989 -1017.0000000000
10000 -1019.0000000000
