evaluations raw_y
1 -2096762.0000000005
7 -2094644.0000000005
40 -2090641.0000000005
52 -2087582.0000000005
65 -2082597.0000000005
70 -2076583.0000000005
82 310186.5540784916
98 311838.7186956094
100 318035.6768574232
198 318541.3538200838
205 318575.7483103741
210 321383.2450827733
212 321410.6136835381
231 322189.3296555465
241 322839.9331403140
259 323384.1301777492
269 324266.3920019311
306 324679.6221830993
324 324972.2289126231
328 326486.9438315720
417 326747.8205816173
424 327010.4641153855
427 327107.5492270573
430 327478.1398846808
431 327549.7314438628
449 328199.0025397763
478 328227.8434081610
484 328332.4855688594
500 329174.3831656255
515 329239.8704021668
518 330145.8727943236
536 330462.5928715884
558 330960.5352326384
605 330974.7133611105
606 331595.5432879076
658 332301.9310102094
696 332817.6970921872
744 333121.0782596118
756 333313.7014160402
774 333604.7971890071
791 334476.2430364019
823 334578.0931926704
848 334959.4086937325
872 335703.2148909502
885 336424.3964919822
929 336433.8988481772
938 336450.9304909071
949 336885.8569127985
975 336897.6389945684
980 337337.8782649211
986 337580.4648505567
1012 337705.1361768221
1017 338084.7657065261
1055 338087.5702899225
1062 338307.3827306646
1067 338655.9251453298
1088 338703.4126637626
1091 338725.7410867031
1107 339166.0655919032
1108 339390.8507259330
1143 339760.2325655072
1157 340177.9662877562
1200 340260.0297045826
1211 340330.5445214489
1261 341395.7714223425
1339 341432.8236850362
1346 341510.0082907500
1371 341794.2369037619
1383 341861.8169020627
1403 341999.9604863087
1405 342096.2557347394
1426 342788.9915828301
1462 343201.8018189736
1517 343337.2291513025
1518 343535.7001011188
1539 344288.4151034845
1620 344671.4150092613
1663 345580.4251710039
1666 345662.4203287389
1728 345752.3150893707
1729 345981.4748864670
1778 346152.1133038004
1791 346390.4777411044
1810 346492.4136259287
1826 346799.5295202264
1827 346835.7116244551
1842 347580.4576542575
1886 347866.8579049944
1903 348228.8184431844
1920 348291.3330037349
1936 348548.2889321599
1951 348709.9639418230
1958 349563.2331465012
2023 349741.2740219683
2056 350042.9413326869
2093 350121.8065369570
2102 350224.0344122295
2118 351091.1047830913
2145 352240.9331021517
2211 352767.8087541540
2267 353793.7032570005
2288 353847.0900026627
2294 354078.8257943257
2322 354230.5411508237
2325 354409.4042491058
2346 355112.9527134998
2408 355120.3398394106
2416 355132.3091665971
2429 355589.1178283514
2448 355962.2324760240
2462 356033.4339595775
2490 356286.7136556646
2526 356354.9059597926
2585 356546.7039467990
2599 356677.1256162400
2619 356860.6654992974
2663 357052.4295823042
2677 357141.9452513133
2688 357444.5636535971
2724 357500.6165006815
2753 357720.9179955107
2775 358510.9424379466
2803 358605.3292011953
2835 358669.4911606688
2845 358933.3717561504
2854 359457.0680961576
2868 359467.1902532687
2892 359880.8796004981
2905 360171.4843480951
2971 360201.3509268723
2985 360536.0203496529
2998 360553.3513858480
3009 360594.8020105254
3042 360625.6335644015
3043 360837.3068574498
3065 360992.2821021988
3074 361533.6459390746
3129 361657.2855493426
3141 361765.5273913816
3159 361940.7574769342
3181 362208.7628482641
3206 362211.9816197343
3246 362722.0002269862
3282 362762.9843008164
3299 362881.9943939509
3331 362993.4399247933
3335 363036.8444741293
3340 363403.7154777246
3342 363816.3504376010
3375 364084.4500578557
3376 364319.5778342797
3396 364349.5576886931
3402 364726.9620976573
3411 364908.2343009815
3445 364930.3586710547
3452 365264.3855076304
3477 365655.1816823619
3478 365787.0998450693
3515 365894.4341392756
3527 366023.5226982061
3528 366344.4783703781
3561 366740.4104279854
3596 366795.2862959654
3602 366952.9036260008
3638 367176.4968400696
3652 367453.9154413828
3673 368118.1076718397
3705 368197.1650242254
3707 368749.7520197386
3727 368998.6620516969
3744 369198.0001303819
3808 369638.8724976026
3840 369771.9279250251
3847 369872.6816647740
3861 369905.8522484220
3889 370311.3239169414
3905 370562.7988010115
3925 370783.1640819793
3950 370962.8753890510
4014 370998.3300707089
4021 371076.1293159461
4022 371597.4239377447
4076 371916.5417251725
4087 372369.5634036622
4101 372451.6451411954
4125 372453.0753890906
4143 373205.2573843128
4208 373241.1233341064
4234 373489.3303735743
4244 373762.1351381440
4289 374187.5201133263
4340 374195.7976203503
4343 374620.0846202191
4368 374669.8890039135
4378 375025.7512760356
4468 375079.3958662438
4470 375661.6715446208
4484 375679.1690593192
4523 375703.9480445945
4524 375855.4407166873
4530 376230.8730162302
4572 376320.2812925521
4601 376329.3388419240
4602 376393.8513044955
4611 376453.7787569693
4632 376471.8232681522
4641 376530.7759896425
4653 377052.1832566877
4662 377066.8297470526
4730 377344.8970290651
4766 377523.7698042048
4768 377543.0099997143
4795 378159.9664136787
4813 378357.3657063800
4850 378527.1672648262
4880 378872.6218853397
4882 378941.4391392714
4924 379248.4080174236
4990 379398.6388548940
5003 379499.1093793213
5023 380824.7030154387
5092 380997.9603489465
5102 381471.0669273814
5106 381565.0403176448
5131 382009.0622290742
5153 382609.4197814619
5164 382650.5770256705
5193 382934.4463012805
5203 383630.8929061823
5292 383723.5445206860
5297 383946.6284910205
5319 383958.4685803979
5329 384152.4302172833
5354 384296.4648815014
5374 384525.4129439626
5382 384634.6324374742
5401 384734.3458869068
5415 385201.1556622862
5445 385311.0395494431
5466 385658.5613271986
5486 386209.8757439291
5509 386473.1306780787
5602 386580.8504763004
5609 387083.8817652379
5699 387541.0722065325
5730 387562.9433039915
5816 388120.4964458914
5846 389194.1681036907
5931 389247.2361435427
5942 389644.9383925166
5966 390513.1620461253
6008 390676.7922261638
6049 390908.5297401709
6082 391375.1690395941
6118 391434.1756755098
6149 391968.5769249168
6246 392114.1506884050
6302 392215.5272612256
6346 392536.6365250294
6387 393028.0997570338
6422 393156.7487143347
6435 393395.6798817180
6480 393404.6797806161
6482 394215.5719198039
6551 394318.5121786741
6563 394458.1498361549
6569 394706.6519263165
6646 394744.1691455516
6660 394793.8483972130
6675 394975.5344645557
6681 395148.6540876035
6744 395253.9207786891
6748 395495.3061954561
6792 395773.8175447063
6835 395886.0155975590
6854 396017.1475598157
6879 396178.2106125210
6899 396233.6692624337
6911 396653.9139163721
6965 396905.9550066371
6991 397129.1677666702
7023 397233.9467894279
7055 397666.2893172766
7128 398002.7002359267
7165 398025.8959424427
7172 398448.6622108970
7227 399042.3447036205
7299 399605.3747828787
7308 399957.5058076922
7326 400309.1163909939
7417 400537.6078696868
7427 400568.5877227979
7453 400663.8003541353
7538 400825.3350685555
7546 400835.1935657767
7596 400853.6651056026
7613 401143.5877879494
7671 401268.0546820788
7684 401383.7210176300
7713 401458.1482620997
7760 401550.4750126865
7787 401574.6726611698
7794 402080.7307823006
7828 402186.6420150056
7863 402815.6976717213
7885 402853.5394335400
7941 403128.6342826401
7977 403476.4713471142
7995 403790.2272315224
8004 403951.6329950538
8035 404204.3947082009
8060 404314.6288794971
8079 404335.0790869856
8086 404395.9239672320
8122 404432.7645490214
8141 404483.9794641750
8143 404839.3356619158
8184 405285.6434342765
8204 405531.7863398736
8359 405625.5874597700
8440 406197.8559418278
8510 406414.9916865918
8541 406589.3325595474
8567 406796.6133100547
8646 407260.3127215127
8663 407554.0358231722
8711 407650.4632752601
8744 407876.9469523528
8784 408563.2043007663
8867 408633.3797246120
8871 409198.2443286516
8904 409216.8968179784
8943 409282.1557763076
8944 410059.4591280267
9037 410092.4261760417
9052 410267.6374049509
9063 410506.4362947615
9089 411031.1605974546
9107 411213.6140449695
9165 411493.5504280222
9176 411514.9209720531
9182 411783.3834616672
9205 412120.9185935828
9223 412389.0482033868
9306 412865.0619480259
9410 412984.4946090119
9500 413360.0529829843
9606 413365.4581799608
9627 413549.6984376100
9663 413646.6417486966
9706 413648.4267580518
9758 414376.7843954327
9831 415191.1208135306
9863 415581.9746233929
9919 415943.9843476489
9935 415998.0379368537
9947 416522.0224083638
10000 416349.9973620495
