evaluations raw_y
1 -1914.0000000000
6 -1912.0000000000
7 -1911.0000000000
10 -1910.0000000000
15 -1909.0000000000
18 -1906.0000000000
20 -1905.0000000000
27 -1904.0000000000
30 -1903.0000000000
32 -1901.0000000000
35 -1900.0000000000
38 -1899.0000000000
39 -1898.0000000000
41 -1897.0000000000
49 -1896.0000000000
50 -1895.0000000000
61 -1893.0000000000
66 -1892.0000000000
67 -1891.0000000000
68 -1890.0000000000
70 -1889.0000000000
78 -1888.0000000000
81 -1887.0000000000
87 -1886.0000000000
88 -1885.0000000000
90 -1884.0000000000
91 -1882.0000000000
99 -1881.0000000000
103 -1880.0000000000
105 -1878.0000000000
108 -1877.0000000000
113 -1876.0000000000
114 -1875.0000000000
115 -1874.0000000000
120 -1873.0000000000
126 -1871.0000000000
128 -1870.0000000000
130 -1868.0000000000
133 -1867.0000000000
138 -1865.0000000000
141 -1864.0000000000
143 -1863.0000000000
145 -1862.0000000000
147 -1860.0000000000
156 -1859.0000000000
171 -1858.0000000000
172 -1856.0000000000
173 -1855.0000000000
176 -1854.0000000000
177 -1853.0000000000
181 -1852.0000000000
184 -1851.0000000000
188 -1850.0000000000
189 -1849.0000000000
192 -1848.0000000000
194 -1847.0000000000
198 -1846.0000000000
200 -1844.0000000000
211 -1842.0000000000
212 -1841.0000000000
217 -1840.0000000000
218 -1839.0000000000
223 -1838.0000000000
235 -1836.0000000000
238 -1835.0000000000
247 -1834.0000000000
251 -1833.0000000000
252 -1832.0000000000
254 -1831.0000000000
258 -1830.0000000000
260 -1829.0000000000
263 -1827.0000000000
264 -1826.0000000000
265 -1824.0000000000
267 -1822.0000000000
269 -1821.0000000000
274 -1819.0000000000
286 -1818.0000000000
290 -1817.0000000000
295 -1815.0000000000
296 -1813.0000000000
298 -1812.0000000000
302 -1811.0000000000
303 -1810.0000000000
310 -1808.0000000000
311 -1807.0000000000
312 -1806.0000000000
313 -1805.0000000000
319 -1803.0000000000
320 -1801.0000000000
322 -1800.0000000000
323 -1799.0000000000
325 -1798.0000000000
333 -1797.0000000000
334 -1796.0000000000
336 -1795.0000000000
337 -1794.0000000000
339 -1793.0000000000
340 -1792.0000000000
343 -1791.0000000000
344 -1789.0000000000
345 -1788.0000000000
346 -1787.0000000000
357 -1785.0000000000
360 -1784.0000000000
361 -1783.0000000000
375 -1782.0000000000
379 -1781.0000000000
386 -1780.0000000000
388 -1778.0000000000
394 -1776.0000000000
398 -1774.0000000000
412 -1773.0000000000
413 -1772.0000000000
418 -1771.0000000000
419 -1770.0000000000
427 -1769.0000000000
431 -1767.0000000000
433 -1766.0000000000
435 -1765.0000000000
439 -1764.0000000000
460 -1763.0000000000
461 -1762.0000000000
462 -1761.0000000000
463 -1758.0000000000
466 -1756.0000000000
467 -1755.0000000000
468 -1753.0000000000
469 -1752.0000000000
471 -1751.0000000000
472 -1748.0000000000
473 -1747.0000000000
479 -1746.0000000000
480 -1745.0000000000
482 -1744.0000000000
492 -1743.0000000000
494 -1742.0000000000
495 -1741.0000000000
499 -1740.0000000000
509 -1739.0000000000
510 -1738.0000000000
516 -1736.0000000000
517 -1735.0000000000
522 -1733.0000000000
523 -1732.0000000000
525 -1730.0000000000
528 -1728.0000000000
529 -1726.0000000000
530 -1725.0000000000
538 -1724.0000000000
539 -1723.0000000000
551 -1722.0000000000
552 -1721.0000000000
558 -1720.0000000000
562 -1719.0000000000
570 -1718.0000000000
578 -1717.0000000000
582 -1716.0000000000
585 -1715.0000000000
597 -1714.0000000000
599 -1713.0000000000
605 -1711.0000000000
607 -1710.0000000000
611 -1709.0000000000
613 -1708.0000000000
614 -1706.0000000000
617 -1705.0000000000
619 -1704.0000000000
621 -1702.0000000000
624 -1701.0000000000
629 -1700.0000000000
630 -1699.0000000000
632 -1698.0000000000
634 -1697.0000000000
636 -1696.0000000000
641 -1694.0000000000
642 -1692.0000000000
643 -1691.0000000000
644 -1690.0000000000
648 -1689.0000000000
649 -1688.0000000000
650 -1687.0000000000
651 -1686.0000000000
653 -1684.0000000000
655 -1683.0000000000
657 -1682.0000000000
661 -1681.0000000000
671 -1680.0000000000
673 -1679.0000000000
674 -1677.0000000000
677 -1676.0000000000
687 -1675.0000000000
688 -1674.0000000000
692 -1673.0000000000
693 -1671.0000000000
698 -1670.0000000000
707 -1669.0000000000
710 -1667.0000000000
715 -1666.0000000000
718 -1665.0000000000
720 -1664.0000000000
726 -1663.0000000000
727 -1662.0000000000
735 -1660.0000000000
738 -1658.0000000000
739 -1657.0000000000
747 -1655.0000000000
762 -1654.0000000000
767 -1653.0000000000
768 -1652.0000000000
770 -1651.0000000000
774 -1650.0000000000
777 -1648.0000000000
778 -1647.0000000000
781 -1646.0000000000
782 -1645.0000000000
784 -1644.0000000000
786 -1642.0000000000
787 -1641.0000000000
788 -1640.0000000000
792 -1639.0000000000
802 -1637.0000000000
805 -1636.0000000000
809 -1635.0000000000
814 -1634.0000000000
820 -1633.0000000000
823 -1631.0000000000
825 -1630.0000000000
827 -1629.0000000000
833 -1628.0000000000
834 -1627.0000000000
835 -1626.0000000000
844 -1625.0000000000
847 -1624.0000000000
848 -1623.0000000000
855 -1622.0000000000
863 -1621.0000000000
864 -1620.0000000000
867 -1619.0000000000
870 -1618.0000000000
892 -1617.0000000000
895 -1616.0000000000
903 -1614.0000000000
912 -1613.0000000000
915 -1612.0000000000
924 -1611.0000000000
930 -1610.0000000000
933 -1608.0000000000
934 -1606.0000000000
936 -1605.0000000000
939 -1604.0000000000
946 -1603.0000000000
960 -1602.0000000000
963 -1601.0000000000
968 -1600.0000000000
978 -1599.0000000000
979 -1598.0000000000
982 -1597.0000000000
983 -1596.0000000000
985 -1595.0000000000
986 -1594.0000000000
987 -1593.0000000000
988 -1592.0000000000
992 -1591.0000000000
994 -1590.0000000000
995 -1589.0000000000
999 -1588.0000000000
1000 -1587.0000000000
1009 -1586.0000000000
1031 -1585.0000000000
1037 -1584.0000000000
1044 -1582.0000000000
1047 -1580.0000000000
1053 -1578.0000000000
1054 -1577.0000000000
1055 -1576.0000000000
1061 -1575.0000000000
1064 -1574.0000000000
1066 -1573.0000000000
1067 -1572.0000000000
1072 -1570.0000000000
1073 -1569.0000000000
1078 -1568.0000000000
1081 -1567.0000000000
1088 -1566.0000000000
1096 -1565.0000000000
1097 -1564.0000000000
1108 -1563.0000000000
1115 -1561.0000000000
1120 -1560.0000000000
1122 -1559.0000000000
1124 -1558.0000000000
1125 -1557.0000000000
1131 -1556.0000000000
1135 -1555.0000000000
1137 -1554.0000000000
1144 -1553.0000000000
1146 -1552.0000000000
1148 -1551.0000000000
1151 -1550.0000000000
1170 -1549.0000000000
1181 -1547.0000000000
1184 -1545.0000000000
1190 -1544.0000000000
1203 -1543.0000000000
1207 -1542.0000000000
1211 -1541.0000000000
1212 -1540.0000000000
1214 -1538.0000000000
1218 -1537.0000000000
1225 -1535.0000000000
1230 -1533.0000000000
1233 -1532.0000000000
1234 -1531.0000000000
1235 -1529.0000000000
1236 -1528.0000000000
1239 -1527.0000000000
1244 -1526.0000000000
1245 -1525.0000000000
1247 -1524.0000000000
1250 -1522.0000000000
1268 -1521.0000000000
1270 -1519.0000000000
1287 -1517.0000000000
1290 -1516.0000000000
1292 -1515.0000000000
1299 -1514.0000000000
1302 -1512.0000000000
1303 -1511.0000000000
1305 -1510.0000000000
1307 -1509.0000000000
1308 -1507.0000000000
1313 -1506.0000000000
1316 -1505.0000000000
1322 -1503.0000000000
1326 -1502.0000000000
1337 -1501.0000000000
1339 -1499.0000000000
1344 -1498.0000000000
1345 -1497.0000000000
1351 -1496.0000000000
1355 -1495.0000000000
1356 -1494.0000000000
1357 -1493.0000000000
1361 -1491.0000000000
1362 -1490.0000000000
1363 -1489.0000000000
1369 -1488.0000000000
1378 -1486.0000000000
1379 -1484.0000000000
1382 -1480.0000000000
1384 -1479.0000000000
1388 -1478.0000000000
1393 -1477.0000000000
1394 -1476.0000000000
1396 -1475.0000000000
1399 -1474.0000000000
1400 -1473.0000000000
1404 -1472.0000000000
1405 -1471.0000000000
1406 -1470.0000000000
1416 -1469.0000000000
1418 -1468.0000000000
1422 -1467.0000000000
1440 -1466.0000000000
1442 -1465.0000000000
1445 -1463.0000000000
1450 -1462.0000000000
1452 -1459.0000000000
1462 -1458.0000000000
1465 -1457.0000000000
1469 -1456.0000000000
1486 -1455.0000000000
1487 -1454.0000000000
1497 -1453.0000000000
1505 -1451.0000000000
1516 -1450.0000000000
1517 -1449.0000000000
1526 -1448.0000000000
1530 -1447.0000000000
1535 -1444.0000000000
1539 -1443.0000000000
1546 -1442.0000000000
1551 -1441.0000000000
1552 -1440.0000000000
1561 -1439.0000000000
1569 -1438.0000000000
1572 -1437.0000000000
1573 -1435.0000000000
1579 -1434.0000000000
1581 -1433.0000000000
1588 -1432.0000000000
1591 -1431.0000000000
1599 -1429.0000000000
1604 -1428.0000000000
1609 -1427.0000000000
1639 -1426.0000000000
1640 -1425.0000000000
1648 -1424.0000000000
1649 -1423.0000000000
1660 -1422.0000000000
1664 -1421.0000000000
1671 -1419.0000000000
1685 -1417.0000000000
1691 -1416.0000000000
1693 -1415.0000000000
1697 -1414.0000000000
1699 -1413.0000000000
1701 -1412.0000000000
1705 -1411.0000000000
1709 -1409.0000000000
1710 -1408.0000000000
1722 -1407.0000000000
1725 -1406.0000000000
1726 -1403.0000000000
1728 -1402.0000000000
1736 -1401.0000000000
1739 -1400.0000000000
1757 -1399.0000000000
1758 -1398.0000000000
1766 -1396.0000000000
1772 -1395.0000000000
1776 -1394.0000000000
1779 -1393.0000000000
1780 -1392.0000000000
1787 -1389.0000000000
1799 -1388.0000000000
1809 -1387.0000000000
1821 -1386.0000000000
1829 -1385.0000000000
1832 -1383.0000000000
1833 -1381.0000000000
1838 -1380.0000000000
1845 -1379.0000000000
1847 -1377.0000000000
1854 -1376.0000000000
1855 -1374.0000000000
1860 -1372.0000000000
1863 -1371.0000000000
1864 -1370.0000000000
1867 -1369.0000000000
1869 -1368.0000000000
1872 -1367.0000000000
1877 -1365.0000000000
1883 -1364.0000000000
1884 -1362.0000000000
1891 -1361.0000000000
1894 -1360.0000000000
1900 -1359.0000000000
1901 -1358.0000000000
1909 -1357.0000000000
1910 -1356.0000000000
1924 -1355.0000000000
1925 -1354.0000000000
1928 -1353.0000000000
1934 -1352.0000000000
1938 -1350.0000000000
1939 -1349.0000000000
1944 -1348.0000000000
1946 -1346.0000000000
1948 -1345.0000000000
1950 -1344.0000000000
1954 -1343.0000000000
1960 -1342.0000000000
1961 -1340.0000000000
1965 -1338.0000000000
1979 -1337.0000000000
1983 -1335.0000000000
1984 -1334.0000000000
1986 -1333.0000000000
1991 -1332.0000000000
2001 -1329.0000000000
2010 -1328.0000000000
2013 -1326.0000000000
2026 -1325.0000000000
2039 -1324.0000000000
2043 -1323.0000000000
2050 -1322.0000000000
2085 -1321.0000000000
2093 -1318.0000000000
2115 -1317.0000000000
2121 -1316.0000000000
2140 -1315.0000000000
2144 -1314.0000000000
2151 -1313.0000000000
2153 -1312.0000000000
2158 -1311.0000000000
2159 -1310.0000000000
2167 -1309.0000000000
2168 -1308.0000000000
2174 -1307.0000000000
2176 -1306.0000000000
2178 -1305.0000000000
2180 -1304.0000000000
2187 -1303.0000000000
2193 -1302.0000000000
2201 -1301.0000000000
2204 -1300.0000000000
2205 -1298.0000000000
2210 -1297.0000000000
2212 -1296.0000000000
2236 -1295.0000000000
2248 -1294.0000000000
2251 -1293.0000000000
2258 -1292.0000000000
2265 -1291.0000000000
2266 -1290.0000000000
2268 -1289.0000000000
2270 -1288.0000000000
2271 -1287.0000000000
2272 -1286.0000000000
2276 -1285.0000000000
2285 -1284.0000000000
2286 -1283.0000000000
2289 -1282.0000000000
2305 -1281.0000000000
2306 -1280.0000000000
2311 -1279.0000000000
2312 -1278.0000000000
2316 -1277.0000000000
2321 -1276.0000000000
2323 -1275.0000000000
2324 -1274.0000000000
2326 -1273.0000000000
2340 -1272.0000000000
2341 -1271.0000000000
2343 -1270.0000000000
2359 -1269.0000000000
2365 -1268.0000000000
2367 -1267.0000000000
2381 -1266.0000000000
2383 -1265.0000000000
2384 -1264.0000000000
2387 -1263.0000000000
2388 -1262.0000000000
2401 -1261.0000000000
2402 -1260.0000000000
2407 -1259.0000000000
2408 -1258.0000000000
2418 -1257.0000000000
2428 -1256.0000000000
2437 -1255.0000000000
2438 -1254.0000000000
2445 -1252.0000000000
2457 -1250.0000000000
2463 -1249.0000000000
2468 -1248.0000000000
2488 -1247.0000000000
2491 -1246.0000000000
2492 -1245.0000000000
2510 -1242.0000000000
2522 -1241.0000000000
2526 -1240.0000000000
2527 -1239.0000000000
2530 -1238.0000000000
2536 -1237.0000000000
2541 -1236.0000000000
2548 -1235.0000000000
2550 -1234.0000000000
2553 -1233.0000000000
2556 -1232.0000000000
2562 -1230.0000000000
2563 -1229.0000000000
2564 -1228.0000000000
2579 -1227.0000000000
2584 -1226.0000000000
2588 -1225.0000000000
2598 -1224.0000000000
2602 -1223.0000000000
2608 -1222.0000000000
2611 -1221.0000000000
2613 -1220.0000000000
2615 -1219.0000000000
2624 -1218.0000000000
2627 -1217.0000000000
2630 -1216.0000000000
2641 -1214.0000000000
2647 -1213.0000000000
2653 -1212.0000000000
2661 -1211.0000000000
2669 -1209.0000000000
2673 -1208.0000000000
2677 -1207.0000000000
2678 -1206.0000000000
2690 -1205.0000000000
2693 -1204.0000000000
2694 -1203.0000000000
2702 -1202.0000000000
2717 -1201.0000000000
2722 -1199.0000000000
2723 -1197.0000000000
2742 -1196.0000000000
2749 -1195.0000000000
2753 -1194.0000000000
2757 -1193.0000000000
2759 -1192.0000000000
2771 -1191.0000000000
2772 -1190.0000000000
2785 -1188.0000000000
2801 -1187.0000000000
2804 -1186.0000000000
2826 -1184.0000000000
2832 -1183.0000000000
2844 -1182.0000000000
2851 -1181.0000000000
2853 -1180.0000000000
2856 -1179.0000000000
2857 -1178.0000000000
2866 -1177.0000000000
2883 -1176.0000000000
2887 -1175.0000000000
2898 -1174.0000000000
2907 -1173.0000000000
2909 -1172.0000000000
2912 -1171.0000000000
2916 -1170.0000000000
2924 -1169.0000000000
2933 -1168.0000000000
2943 -1167.0000000000
2956 -1166.0000000000
2957 -1165.0000000000
2963 -1164.0000000000
2967 -1163.0000000000
2975 -1162.0000000000
2980 -1161.0000000000
2983 -1160.0000000000
2988 -1158.0000000000
2990 -1157.0000000000
2991 -1156.0000000000
2996 -1155.0000000000
3008 -1154.0000000000
3009 -1153.0000000000
3013 -1152.0000000000
3022 -1151.0000000000
3023 -1150.0000000000
3028 -1149.0000000000
3029 -1148.0000000000
3039 -1147.0000000000
3052 -1146.0000000000
3060 -1145.0000000000
3067 -1144.0000000000
3069 -1143.0000000000
3070 -1141.0000000000
3073 -1140.0000000000
3076 -1139.0000000000
3101 -1138.0000000000
3108 -1137.0000000000
3111 -1136.0000000000
3113 -1135.0000000000
3123 -1134.0000000000
3145 -1133.0000000000
3150 -1131.0000000000
3151 -1130.0000000000
3157 -1129.0000000000
3161 -1128.0000000000
3162 -1125.0000000000
3173 -1124.0000000000
3192 -1123.0000000000
3195 -1122.0000000000
3214 -1121.0000000000
3220 -1120.0000000000
3234 -1119.0000000000
3239 -1118.0000000000
3244 -1117.0000000000
3258 -1116.0000000000
3260 -1115.0000000000
3266 -1114.0000000000
3288 -1113.0000000000
3292 -1112.0000000000
3294 -1111.0000000000
3296 -1109.0000000000
3301 -1108.0000000000
3303 -1107.0000000000
3305 -1105.0000000000
3306 -1104.0000000000
3312 -1103.0000000000
3330 -1102.0000000000
3331 -1101.0000000000
3334 -1100.0000000000
3339 -1099.0000000000
3342 -1098.0000000000
3370 -1097.0000000000
3377 -1096.0000000000
3381 -1095.0000000000
3386 -1094.0000000000
3387 -1093.0000000000
3388 -1091.0000000000
3392 -1090.0000000000
3408 -1089.0000000000
3413 -1088.0000000000
3418 -1087.0000000000
3421 -1086.0000000000
3438 -1085.0000000000
3449 -1084.0000000000
3459 -1083.0000000000
3463 -1082.0000000000
3470 -1081.0000000000
3475 -1080.0000000000
3478 -1079.0000000000
3481 -1078.0000000000
3495 -1077.0000000000
3508 -1076.0000000000
3519 -1075.0000000000
3522 -1074.0000000000
3526 -1073.0000000000
3527 -1072.0000000000
3547 -1071.0000000000
3548 -1070.0000000000
3555 -1069.0000000000
3559 -1068.0000000000
3587 -1067.0000000000
3590 -1066.0000000000
3594 -1065.0000000000
3596 -1064.0000000000
3604 -1063.0000000000
3611 -1062.0000000000
3624 -1061.0000000000
3636 -1060.0000000000
3657 -1059.0000000000
3661 -1058.0000000000
3667 -1057.0000000000
3675 -1056.0000000000
3679 -1055.0000000000
3689 -1054.0000000000
3707 -1053.0000000000
3711 -1052.0000000000
3715 -1051.0000000000
3722 -1050.0000000000
3740 -1049.0000000000
3741 -1048.0000000000
3749 -1047.0000000000
3756 -1045.0000000000
3766 -1044.0000000000
3768 -1042.0000000000
3771 -1041.0000000000
3776 -1040.0000000000
3783 -1039.0000000000
3787 -1038.0000000000
3807 -1037.0000000000
3822 -1036.0000000000
3826 -1035.0000000000
3830 -1034.0000000000
3836 -1033.0000000000
3844 -1032.0000000000
3851 -1031.0000000000
3864 -1030.0000000000
3881 -1029.0000000000
3882 -1028.0000000000
3888 -1026.0000000000
3900 -1025.0000000000
3907 -1024.0000000000
3928 -1023.0000000000
3933 -1022.0000000000
3947 -1020.0000000000
3948 -1019.0000000000
3950 -1018.0000000000
3971 -1017.0000000000
3972 -1016.0000000000
3975 -1015.0000000000
3977 -1014.0000000000
3991 -1013.0000000000
3998 -1012.0000000000
4002 -1011.0000000000
4011 -1010.0000000000
4017 -1008.0000000000
4029 -1007.0000000000
4048 -1006.0000000000
4049 -1005.0000000000
4055 -1004.0000000000
4058 -1002.0000000000
4059 -1001.0000000000
4071 -1000.0000000000
4075 -999.0000000000
4081 -998.0000000000
4084 -997.0000000000
4087 -996.0000000000
4088 -995.0000000000
4095 -994.0000000000
4100 -993.0000000000
4114 -992.0000000000
4124 -989.0000000000
4126 -988.0000000000
4128 -987.0000000000
4139 -986.0000000000
4141 -985.0000000000
4144 -984.0000000000
4146 -983.0000000000
4159 -982.0000000000
4171 -981.0000000000
4190 -979.0000000000
4199 -978.0000000000
4200 -977.0000000000
4201 -976.0000000000
4205 -975.0000000000
4220 -974.0000000000
4226 -973.0000000000
4227 -972.0000000000
4238 -971.0000000000
4265 -970.0000000000
4270 -969.0000000000
4273 -968.0000000000
4280 -967.0000000000
4288 -966.0000000000
4299 -965.0000000000
4312 -964.0000000000
4314 -963.0000000000
4315 -962.0000000000
4338 -961.0000000000
4366 -960.0000000000
4382 -959.0000000000
4387 -958.0000000000
4391 -957.0000000000
4403 -956.0000000000
4404 -955.0000000000
4412 -954.0000000000
4416 -953.0000000000
4446 -952.0000000000
4467 -951.0000000000
4471 -949.0000000000
4475 -948.0000000000
4478 -946.0000000000
4480 -945.0000000000
4492 -944.0000000000
4503 -943.0000000000
4518 -942.0000000000
4519 -941.0000000000
4537 -940.0000000000
4547 -939.0000000000
4566 -938.0000000000
4574 -937.0000000000
4609 -936.0000000000
4627 -935.0000000000
4630 -933.0000000000
4633 -932.0000000000
4635 -931.0000000000
4639 -930.0000000000
4652 -929.0000000000
4668 -928.0000000000
4679 -926.0000000000
4705 -925.0000000000
4719 -924.0000000000
4720 -923.0000000000
4728 -922.0000000000
4729 -921.0000000000
4733 -920.0000000000
4735 -919.0000000000
4755 -918.0000000000
4758 -917.0000000000
4829 -915.0000000000
4832 -914.0000000000
4841 -913.0000000000
4844 -912.0000000000
4862 -911.0000000000
4863 -910.0000000000
4864 -909.0000000000
4875 -908.0000000000
4876 -907.0000000000
4912 -906.0000000000
4917 -905.0000000000
4919 -904.0000000000
4921 -903.0000000000
4928 -902.0000000000
4940 -901.0000000000
4962 -900.0000000000
4983 -899.0000000000
5012 -898.0000000000
5040 -897.0000000000
5049 -896.0000000000
5059 -895.0000000000
5095 -894.0000000000
5101 -893.0000000000
5113 -892.0000000000
5124 -891.0000000000
5138 -890.0000000000
5141 -889.0000000000
5162 -887.0000000000
5167 -886.0000000000
5173 -885.0000000000
5176 -884.0000000000
5187 -883.0000000000
5188 -882.0000000000
5198 -881.0000000000
5199 -880.0000000000
5207 -879.0000000000
5228 -878.0000000000
5240 -877.0000000000
5247 -876.0000000000
5270 -875.0000000000
5284 -873.0000000000
5288 -871.0000000000
5317 -870.0000000000
5327 -869.0000000000
5331 -867.0000000000
5359 -866.0000000000
5361 -865.0000000000
5368 -864.0000000000
5373 -863.0000000000
5376 -862.0000000000
5387 -861.0000000000
5392 -860.0000000000
5401 -859.0000000000
5407 -858.0000000000
5409 -857.0000000000
5412 -856.0000000000
5430 -855.0000000000
5434 -854.0000000000
5440 -853.0000000000
5466 -852.0000000000
5481 -851.0000000000
5491 -850.0000000000
5496 -849.0000000000
5510 -848.0000000000
5512 -847.0000000000
5513 -846.0000000000
5525 -845.0000000000
5533 -844.0000000000
5538 -843.0000000000
5558 -842.0000000000
5562 -841.0000000000
5575 -840.0000000000
5578 -839.0000000000
5583 -838.0000000000
5605 -837.0000000000
5617 -836.0000000000
5621 -835.0000000000
5624 -834.0000000000
5627 -833.0000000000
5640 -832.0000000000
5647 -830.0000000000
5655 -829.0000000000
5656 -828.0000000000
5669 -827.0000000000
5670 -826.0000000000
5706 -824.0000000000
5711 -823.0000000000
5720 -822.0000000000
5741 -821.0000000000
5754 -820.0000000000
5756 -818.0000000000
5761 -817.0000000000
5771 -816.0000000000
5780 -815.0000000000
5781 -814.0000000000
5783 -813.0000000000
5812 -812.0000000000
5814 -811.0000000000
5823 -810.0000000000
5835 -809.0000000000
5836 -808.0000000000
5837 -807.0000000000
5864 -806.0000000000
5905 -805.0000000000
5930 -804.0000000000
5938 -803.0000000000
5944 -802.0000000000
5947 -801.0000000000
5954 -800.0000000000
5967 -799.0000000000
5971 -798.0000000000
5974 -797.0000000000
5977 -796.0000000000
5979 -795.0000000000
5984 -794.0000000000
5995 -793.0000000000
6001 -792.0000000000
6002 -791.0000000000
6013 -790.0000000000
6031 -789.0000000000
6045 -788.0000000000
6046 -787.0000000000
6072 -786.0000000000
6081 -785.0000000000
6082 -783.0000000000
6086 -782.0000000000
6099 -781.0000000000
6121 -780.0000000000
6123 -779.0000000000
6124 -778.0000000000
6125 -777.0000000000
6130 -776.0000000000
6144 -775.0000000000
6181 -774.0000000000
6197 -773.0000000000
6209 -772.0000000000
6222 -771.0000000000
6229 -770.0000000000
6241 -769.0000000000
6279 -768.0000000000
6285 -767.0000000000
6288 -766.0000000000
6293 -765.0000000000
6309 -764.0000000000
6349 -762.0000000000
6364 -761.0000000000
6374 -760.0000000000
6379 -759.0000000000
6386 -758.0000000000
6402 -757.0000000000
6424 -756.0000000000
6450 -755.0000000000
6454 -754.0000000000
6470 -753.0000000000
6487 -752.0000000000
6493 -751.0000000000
6494 -750.0000000000
6504 -749.0000000000
6522 -748.0000000000
6535 -747.0000000000
6559 -746.0000000000
6583 -745.0000000000
6628 -744.0000000000
6629 -743.0000000000
6643 -742.0000000000
6646 -741.0000000000
6658 -740.0000000000
6666 -739.0000000000
6693 -738.0000000000
6706 -737.0000000000
6708 -736.0000000000
6728 -734.0000000000
6740 -733.0000000000
6752 -732.0000000000
6754 -731.0000000000
6766 -730.0000000000
6779 -729.0000000000
6780 -728.0000000000
6831 -727.0000000000
6843 -726.0000000000
6866 -725.0000000000
6899 -724.0000000000
6915 -723.0000000000
6922 -722.0000000000
6940 -721.0000000000
6946 -720.0000000000
6948 -719.0000000000
6951 -718.0000000000
6963 -717.0000000000
6968 -716.0000000000
6972 -715.0000000000
6979 -714.0000000000
6991 -713.0000000000
7001 -712.0000000000
7020 -711.0000000000
7035 -710.0000000000
7037 -709.0000000000
7045 -708.0000000000
7047 -707.0000000000
7077 -706.0000000000
7086 -705.0000000000
7088 -704.0000000000
7116 -703.0000000000
7139 -701.0000000000
7172 -700.0000000000
7185 -699.0000000000
7189 -698.0000000000
7198 -697.0000000000
7200 -696.0000000000
7204 -695.0000000000
7254 -694.0000000000
7301 -693.0000000000
7302 -692.0000000000
7319 -691.0000000000
7323 -690.0000000000
7326 -689.0000000000
7349 -688.0000000000
7359 -687.0000000000
7362 -686.0000000000
7372 -685.0000000000
7383 -684.0000000000
7390 -683.0000000000
7393 -682.0000000000
7416 -681.0000000000
7432 -680.0000000000
7437 -679.0000000000
7458 -677.0000000000
7465 -676.0000000000
7467 -675.0000000000
7471 -674.0000000000
7476 -673.0000000000
7482 -672.0000000000
7484 -671.0000000000
7492 -670.0000000000
7508 -669.0000000000
7510 -668.0000000000
7520 -666.0000000000
7539 -665.0000000000
7544 -664.0000000000
7557 -663.0000000000
7558 -662.0000000000
7562 -661.0000000000
7565 -660.0000000000
7566 -659.0000000000
7568 -658.0000000000
7576 -657.0000000000
7577 -656.0000000000
7587 -655.0000000000
7606 -654.0000000000
7635 -653.0000000000
7638 -652.0000000000
7643 -651.0000000000
7656 -650.0000000000
7663 -649.0000000000
7683 -647.0000000000
7688 -646.0000000000
7693 -645.0000000000
7708 -644.0000000000
7713 -643.0000000000
7715 -642.0000000000
7716 -641.0000000000
7732 -640.0000000000
7753 -639.0000000000
7766 -638.0000000000
7776 -637.0000000000
7787 -636.0000000000
7790 -635.0000000000
7792 -634.0000000000
7836 -633.0000000000
7839 -632.0000000000
7877 -631.0000000000
7888 -630.0000000000
7897 -629.0000000000
7909 -628.0000000000
7913 -627.0000000000
7924 -626.0000000000
7925 -625.0000000000
7935 -624.0000000000
7944 -622.0000000000
7946 -620.0000000000
7947 -619.0000000000
7955 -618.0000000000
7966 -617.0000000000
7970 -616.0000000000
7997 -614.0000000000
8011 -613.0000000000
8029 -612.0000000000
8056 -611.0000000000
8062 -610.0000000000
8063 -609.0000000000
8109 -608.0000000000
8123 -607.0000000000
8142 -606.0000000000
8163 -605.0000000000
8169 -604.0000000000
8197 -603.0000000000
8202 -602.0000000000
8210 -601.0000000000
8214 -600.0000000000
8227 -597.0000000000
8256 -596.0000000000
8265 -595.0000000000
8272 -594.0000000000
8281 -593.0000000000
8326 -592.0000000000
8337 -591.0000000000
8349 -590.0000000000
8356 -589.0000000000
8358 -588.0000000000
8371 -587.0000000000
8377 -586.0000000000
8382 -583.0000000000
8402 -582.0000000000
8405 -581.0000000000
8417 -580.0000000000
8443 -579.0000000000
8447 -578.0000000000
8467 -577.0000000000
8495 -576.0000000000
8501 -575.0000000000
8506 -574.0000000000
8510 -573.0000000000
8513 -572.0000000000
8516 -571.0000000000
8522 -570.0000000000
8538 -569.0000000000
8545 -568.0000000000
8554 -567.0000000000
8561 -566.0000000000
8643 -565.0000000000
8646 -564.0000000000
8685 -563.0000000000
8696 -562.0000000000
8701 -561.0000000000
8703 -560.0000000000
8709 -559.0000000000
8724 -557.0000000000
8733 -555.0000000000
8739 -554.0000000000
8747 -553.0000000000
8750 -552.0000000000
8755 -551.0000000000
8764 -550.0000000000
8767 -549.0000000000
8775 -547.0000000000
8776 -546.0000000000
8827 -545.0000000000
8841 -544.0000000000
8854 -543.0000000000
8862 -542.0000000000
8884 -541.0000000000
8895 -540.0000000000
8902 -539.0000000000
8905 -538.0000000000
8934 -537.0000000000
8935 -536.0000000000
8949 -535.0000000000
8963 -534.0000000000
8969 -533.0000000000
8974 -532.0000000000
9003 -531.0000000000
9052 -530.0000000000
9095 -528.0000000000
9112 -527.0000000000
9118 -526.0000000000
9134 -525.0000000000
9166 -524.0000000000
9190 -523.0000000000
9202 -522.0000000000
9249 -520.0000000000
9254 -519.0000000000
9256 -518.0000000000
9262 -517.0000000000
9263 -516.0000000000
9266 -515.0000000000
9286 -514.0000000000
9303 -513.0000000000
9318 -512.0000000000
9337 -511.0000000000
9341 -510.0000000000
9359 -509.0000000000
9362 -508.0000000000
9391 -507.0000000000
9394 -506.0000000000
9404 -505.0000000000
9422 -504.0000000000
9445 -503.0000000000
9454 -502.0000000000
9483 -501.0000000000
9498 -500.0000000000
9503 -499.0000000000
9504 -498.0000000000
9506 -497.0000000000
9528 -496.0000000000
9593 -495.0000000000
9601 -493.0000000000
9650 -492.0000000000
9677 -491.0000000000
9684 -490.0000000000
9694 -489.0000000000
9716 -488.0000000000
9719 -487.0000000000
9723 -486.0000000000
9724 -485.0000000000
9728 -484.0000000000
9743 -482.0000000000
9779 -481.0000000000
9780 -479.0000000000
9781 -478.0000000000
9782 -477.0000000000
9796 -476.0000000000
9807 -475.0000000000
9814 -474.0000000000
9819 -473.0000000000
9829 -472.0000000000
9848 -471.0000000000
9852 -470.0000000000
9860 -469.0000000000
9863 -468.0000000000
9898 -467.0000000000
9910 -466.0000000000
9911 -465.0000000000
9952 -464.0000000000
9955 -463.0000000000
9967 -462.0000000000
9972 -461.0000000000
9993 -460.0000000000
10000 -459.0000000000
