evaluations raw_y
1 -1967.0000000000
3 -1933.0000000000
4 -1932.0000000000
16 -1922.0000000000
39 -1904.0000000000
43 -1877.0000000000
82 -1868.0000000000
87 -1867.0000000000
90 -1832.0000000000
108 -1827.0000000000
111 -1824.0000000000
131 -1790.0000000000
163 -1786.0000000000
168 -1782.0000000000
185 -1781.0000000000
196 -1779.0000000000
201 -1764.0000000000
212 -1742.0000000000
254 -1740.0000000000
258 -1737.0000000000
261 -1736.0000000000
263 -1723.0000000000
285 -1721.0000000000
302 -1719.0000000000
304 -1715.0000000000
306 -1705.0000000000
344 -1704.0000000000
360 -1702.0000000000
375 -1701.0000000000
381 -1699.0000000000
401 -1684.0000000000
446 -1683.0000000000
467 -1676.0000000000
502 -1673.0000000000
525 -1671.0000000000
534 -1668.0000000000
559 -1666.0000000000
565 -1659.0000000000
619 -1652.0000000000
638 -1647.0000000000
664 -1646.0000000000
665 -1644.0000000000
686 -1641.0000000000
721 -1640.0000000000
725 -1639.0000000000
752 -1638.0000000000
761 -1636.0000000000
789 -1635.0000000000
806 -1629.0000000000
861 -1627.0000000000
874 -1625.0000000000
882 -1624.0000000000
904 -1623.0000000000
943 -1622.0000000000
967 -1620.0000000000
986 -1618.0000000000
1025 -1617.0000000000
1029 -1616.0000000000
1048 -1614.0000000000
1070 -1611.0000000000
1102 -1609.0000000000
1123 -1608.0000000000
1124 -1607.0000000000
1151 -1606.0000000000
1157 -1605.0000000000
1175 -1602.0000000000
1207 -1601.0000000000
1213 -1600.0000000000
1240 -1596.0000000000
1263 -1595.0000000000
1285 -1594.0000000000
1296 -1592.0000000000
1304 -1591.0000000000
1333 -1590.0000000000
1341 -1588.0000000000
1361 -1587.0000000000
1387 -1586.0000000000
1397 -1584.0000000000
1412 -1583.0000000000
1425 -1582.0000000000
1438 -1580.0000000000
1453 -1579.0000000000
1462 -1578.0000000000
1476 -1577.0000000000
1495 -1574.0000000000
1520 -1572.0000000000
1527 -1571.0000000000
1563 -1570.0000000000
1577 -1569.0000000000
1597 -1568.0000000000
1603 -1565.0000000000
1637 -1564.0000000000
1638 -1563.0000000000
1644 -1562.0000000000
1647 -1561.0000000000
1666 -1559.0000000000
1678 -1558.0000000000
1682 -1556.0000000000
1704 -1555.0000000000
1710 -1553.0000000000
1744 -1551.0000000000
1755 -1550.0000000000
1762 -1549.0000000000
1777 -1548.0000000000
1799 -1544.0000000000
1811 -1543.0000000000
1822 -1542.0000000000
1844 -1541.0000000000
1855 -1540.0000000000
1869 -1538.0000000000
1904 -1537.0000000000
1908 -1535.0000000000
1957 -1531.0000000000
1980 -1530.0000000000
1999 -1529.0000000000
2023 -1527.0000000000
2064 -1526.0000000000
2065 -1524.0000000000
2087 -1522.0000000000
2091 -1520.0000000000
2102 -1519.0000000000
2146 -1516.0000000000
2181 -1515.0000000000
2204 -1512.0000000000
2267 -1511.0000000000
2271 -1510.0000000000
2283 -1509.0000000000
2306 -1507.0000000000
2344 -1506.0000000000
2360 -1505.0000000000
2381 -1504.0000000000
2393 -1502.0000000000
2403 -1501.0000000000
2412 -1499.0000000000
2444 -1498.0000000000
2445 -1496.0000000000
2485 -1495.0000000000
2488 -1493.0000000000
2516 -1492.0000000000
2529 -1489.0000000000
2541 -1486.0000000000
2581 -1485.0000000000
2605 -1484.0000000000
2623 -1483.0000000000
2630 -1481.0000000000
2652 -1478.0000000000
2664 -1477.0000000000
2693 -1475.0000000000
2695 -1474.0000000000
2708 -1473.0000000000
2742 -1472.0000000000
2766 -1467.0000000000
2794 -1465.0000000000
2805 -1463.0000000000
2862 -1462.0000000000
2871 -1461.0000000000
2884 -1460.0000000000
2915 -1459.0000000000
2921 -1457.0000000000
2983 -1456.0000000000
2984 -1455.0000000000
3001 -1454.0000000000
3017 -1452.0000000000
3025 -1451.0000000000
3054 -1450.0000000000
3088 -1449.0000000000
3112 -1448.0000000000
3119 -1447.0000000000
3130 -1446.0000000000
3146 -1444.0000000000
3148 -1443.0000000000
3161 -1442.0000000000
3165 -1441.0000000000
3187 -1440.0000000000
3213 -1439.0000000000
3222 -1438.0000000000
3237 -1435.0000000000
3274 -1432.0000000000
3304 -1430.0000000000
3322 -1429.0000000000
3327 -1428.0000000000
3349 -1427.0000000000
3378 -1425.0000000000
3395 -1422.0000000000
3432 -1421.0000000000
3454 -1420.0000000000
3466 -1419.0000000000
3487 -1418.0000000000
3501 -1417.0000000000
3503 -1416.0000000000
3547 -1415.0000000000
3562 -1413.0000000000
3585 -1412.0000000000
3594 -1411.0000000000
3595 -1410.0000000000
3605 -1409.0000000000
3621 -1407.0000000000
3655 -1406.0000000000
3658 -1405.0000000000
3661 -1404.0000000000
3699 -1403.0000000000
3702 -1402.0000000000
3706 -1398.0000000000
3723 -1396.0000000000
3768 -1394.0000000000
3789 -1393.0000000000
3802 -1392.0000000000
3804 -1391.0000000000
3824 -1390.0000000000
3836 -1389.0000000000
3841 -1388.0000000000
3852 -1387.0000000000
3865 -1386.0000000000
3874 -1385.0000000000
3902 -1382.0000000000
3925 -1381.0000000000
3944 -1380.0000000000
3963 -1378.0000000000
3997 -1375.0000000000
4034 -1374.0000000000
4040 -1370.0000000000
4069 -1369.0000000000
4075 -1368.0000000000
4089 -1367.0000000000
4120 -1366.0000000000
4125 -1365.0000000000
4141 -1364.0000000000
4147 -1363.0000000000
4161 -1362.0000000000
4188 -1359.0000000000
4220 -1358.0000000000
4241 -1355.0000000000
4287 -1354.0000000000
4309 -1352.0000000000
4330 -1351.0000000000
4342 -1350.0000000000
4365 -1348.0000000000
4367 -1346.0000000000
4403 -1343.0000000000
4437 -1342.0000000000
4441 -1341.0000000000
4460 -1340.0000000000
4469 -1337.0000000000
4489 -1336.0000000000
4516 -1334.0000000000
4526 -1333.0000000000
4565 -1330.0000000000
4609 -1326.0000000000
4646 -1324.0000000000
4662 -1321.0000000000
4701 -1318.0000000000
4727 -1317.0000000000
4730 -1316.0000000000
4762 -1314.0000000000
4764 -1310.0000000000
4825 -1309.0000000000
4856 -1307.0000000000
4876 -1305.0000000000
4893 -1304.0000000000
4912 -1303.0000000000
4923 -1302.0000000000
4928 -1301.0000000000
4960 -1299.0000000000
4986 -1297.0000000000
5003 -1295.0000000000
5007 -1292.0000000000
5044 -1290.0000000000
5077 -1289.0000000000
5086 -1288.0000000000
5101 -1287.0000000000
5119 -1286.0000000000
5123 -1285.0000000000
5147 -1284.0000000000
5159 -1283.0000000000
5165 -1281.0000000000
5187 -1280.0000000000
5198 -1277.0000000000
5245 -1275.0000000000
5247 -1274.0000000000
5285 -1273.0000000000
5311 -1270.0000000000
5325 -1268.0000000000
5358 -1265.0000000000
5387 -1264.0000000000
5400 -1261.0000000000
5429 -1260.0000000000
5456 -1259.0000000000
5464 -1258.0000000000
5478 -1257.0000000000
5492 -1256.0000000000
5528 -1253.0000000000
5581 -1252.0000000000
5621 -1251.0000000000
5628 -1250.0000000000
5650 -1249.0000000000
5656 -1248.0000000000
5666 -1246.0000000000
5695 -1245.0000000000
5697 -1243.0000000000
5719 -1241.0000000000
5742 -1239.0000000000
5795 -1238.0000000000
5802 -1237.0000000000
5814 -1236.0000000000
5837 -1234.0000000000
5858 -1233.0000000000
5862 -1232.0000000000
5889 -1231.0000000000
5903 -1230.0000000000
5923 -1226.0000000000
5974 -1225.0000000000
5981 -1224.0000000000
5996 -1223.0000000000
6007 -1221.0000000000
6023 -1220.0000000000
6060 -1219.0000000000
6078 -1217.0000000000
6088 -1216.0000000000
6111 -1215.0000000000
6120 -1214.0000000000
6148 -1213.0000000000
6154 -1212.0000000000
6162 -1210.0000000000
6181 -1209.0000000000
6204 -1206.0000000000
6248 -1205.0000000000
6250 -1204.0000000000
6269 -1203.0000000000
6282 -1202.0000000000
6295 -1201.0000000000
6299 -1200.0000000000
6308 -1198.0000000000
6327 -1197.0000000000
6351 -1196.0000000000
6365 -1195.0000000000
6370 -1193.0000000000
6421 -1191.0000000000
6455 -1190.0000000000
6458 -1189.0000000000
6477 -1188.0000000000
6497 -1187.0000000000
6513 -1186.0000000000
6533 -1183.0000000000
6549 -1181.0000000000
6581 -1179.0000000000
6602 -1176.0000000000
6648 -1175.0000000000
6664 -1173.0000000000
6686 -1172.0000000000
6704 -1169.0000000000
6721 -1168.0000000000
6746 -1167.0000000000
6754 -1166.0000000000
6784 -1164.0000000000
6798 -1163.0000000000
6804 -1162.0000000000
6814 -1160.0000000000
6841 -1154.0000000000
6868 -1153.0000000000
6883 -1151.0000000000
6925 -1150.0000000000
6955 -1149.0000000000
6972 -1147.0000000000
6994 -1145.0000000000
7026 -1144.0000000000
7029 -1142.0000000000
7055 -1141.0000000000
7076 -1140.0000000000
7081 -1137.0000000000
7114 -1136.0000000000
7122 -1133.0000000000
7142 -1132.0000000000
7166 -1129.0000000000
7183 -1128.0000000000
7222 -1126.0000000000
7261 -1125.0000000000
7281 -1123.0000000000
7304 -1121.0000000000
7324 -1119.0000000000
7342 -1117.0000000000
7366 -1115.0000000000
7410 -1114.0000000000
7427 -1112.0000000000
7449 -1111.0000000000
7456 -1109.0000000000
7485 -1108.0000000000
7519 -1106.0000000000
7533 -1105.0000000000
7543 -1104.0000000000
7557 -1103.0000000000
7569 -1101.0000000000
7582 -1100.0000000000
7598 -1099.0000000000
7605 -1098.0000000000
7627 -1097.0000000000
7643 -1096.0000000000
7662 -1094.0000000000
7663 -1092.0000000000
7733 -1091.0000000000
7742 -1090.0000000000
7768 -1088.0000000000
7803 -1087.0000000000
7811 -1086.0000000000
7849 -1085.0000000000
7863 -1081.0000000000
7908 -1080.0000000000
7927 -1079.0000000000
7941 -1077.0000000000
7955 -1076.0000000000
7960 -1075.0000000000
7989 -1074.0000000000
7991 -1073.0000000000
8002 -1072.0000000000
8038 -1071.0000000000
8062 -1070.0000000000
8095 -1068.0000000000
8115 -1067.0000000000
8121 -1066.0000000000
8134 -1063.0000000000
8144 -1061.0000000000
8209 -1059.0000000000
8227 -1057.0000000000
8248 -1056.0000000000
8284 -1055.0000000000
8293 -1054.0000000000
8316 -1053.0000000000
8346 -1052.0000000000
8350 -1050.0000000000
8397 -1049.0000000000
8408 -1047.0000000000
8422 -1046.0000000000
8436 -1044.0000000000
8448 -1043.0000000000
8473 -1042.0000000000
8481 -1040.0000000000
8516 -1037.0000000000
8542 -1036.0000000000
8564 -1035.0000000000
8570 -1034.0000000000
8581 -1033.0000000000
8603 -1030.0000000000
8630 -1029.0000000000
8648 -1028.0000000000
8651 -1026.0000000000
8676 -1023.0000000000
8710 -1022.0000000000
8729 -1021.0000000000
8757 -1020.0000000000
8767 -1019.0000000000
8803 -1018.0000000000
8813 -1017.0000000000
8823 -1015.0000000000
8865 -1012.0000000000
8914 -1011.0000000000
8945 -1010.0000000000
8983 -1009.0000000000
9003 -1007.0000000000
9015 -1006.0000000000
9058 -1004.0000000000
9078 -1003.0000000000
9096 -1002.0000000000
9103 -1001.0000000000
9148 -1000.0000000000
9167 -997.0000000000
9212 -996.0000000000
9221 -995.0000000000
9244 -993.0000000000
9286 -992.0000000000
9291 -991.0000000000
9296 -990.0000000000
9312 -989.0000000000
9319 -988.0000000000
9352 -987.0000000000
9355 -986.0000000000
9402 -985.0000000000
9414 -984.0000000000
9439 -983.0000000000
9442 -982.0000000000
9458 -981.0000000000
9468 -980.0000000000
9485 -979.0000000000
9502 -978.0000000000
9517 -977.0000000000
9544 -974.0000000000
9568 -973.0000000000
9586 -972.0000000000
9602 -971.0000000000
9626 -970.0000000000
9657 -969.0000000000
9678 -967.0000000000
9726 -966.0000000000
9733 -965.0000000000
9772 -964.0000000000
9795 -963.0000000000
9820 -962.0000000000
9827 -960.0000000000
9850 -959.0000000000
9861 -958.0000000000
9883 -957.0000000000
9924 -955.0000000000
9933 -953.0000000000
9964 -951.0000000000
9985 -950.0000000000
10003 -949.0000000000
10063 -948.0000000000
10079 -946.0000000000
10086 -945.0000000000
10119 -944.0000000000
10145 -943.0000000000
10167 -941.0000000000
10207 -940.0000000000
10208 -939.0000000000
10223 -938.0000000000
10225 -937.0000000000
10243 -936.0000000000
10265 -935.0000000000
10269 -934.0000000000
10283 -932.0000000000
10309 -931.0000000000
10359 -930.0000000000
10360 -928.0000000000
10383 -927.0000000000
10405 -925.0000000000
10437 -923.0000000000
10447 -922.0000000000
10483 -919.0000000000
10522 -916.0000000000
10574 -914.0000000000
10576 -912.0000000000
10632 -911.0000000000
10648 -910.0000000000
10655 -909.0000000000
10703 -908.0000000000
10706 -907.0000000000
10724 -906.0000000000
10746 -905.0000000000
10782 -903.0000000000
10806 -902.0000000000
10822 -900.0000000000
10827 -899.0000000000
10855 -898.0000000000
10883 -897.0000000000
10902 -896.0000000000
10909 -895.0000000000
10946 -894.0000000000
10953 -893.0000000000
10969 -892.0000000000
11003 -891.0000000000
11028 -890.0000000000
11046 -888.0000000000
11061 -887.0000000000
11094 -886.0000000000
11104 -885.0000000000
11123 -883.0000000000
11172 -882.0000000000
11205 -880.0000000000
11228 -879.0000000000
11250 -878.0000000000
11271 -877.0000000000
11278 -875.0000000000
11315 -873.0000000000
11338 -872.0000000000
11383 -871.0000000000
11388 -870.0000000000
11454 -869.0000000000
11456 -868.0000000000
11496 -867.0000000000
11510 -866.0000000000
11539 -865.0000000000
11568 -864.0000000000
11615 -863.0000000000
11623 -862.0000000000
11671 -861.0000000000
11701 -860.0000000000
11708 -859.0000000000
11748 -858.0000000000
11769 -857.0000000000
11784 -854.0000000000
11825 -853.0000000000
11836 -852.0000000000
11849 -851.0000000000
11861 -849.0000000000
11885 -848.0000000000
11911 -847.0000000000
11936 -843.0000000000
11970 -842.0000000000
11985 -841.0000000000
12020 -838.0000000000
12053 -837.0000000000
12082 -836.0000000000
12109 -835.0000000000
12113 -834.0000000000
12144 -832.0000000000
12167 -831.0000000000
12171 -830.0000000000
12202 -829.0000000000
12243 -828.0000000000
12266 -827.0000000000
12283 -826.0000000000
12317 -825.0000000000
12337 -823.0000000000
12363 -822.0000000000
12395 -820.0000000000
12426 -818.0000000000
12448 -816.0000000000
12484 -815.0000000000
12505 -814.0000000000
12508 -812.0000000000
12529 -811.0000000000
12571 -809.0000000000
12588 -807.0000000000
12628 -806.0000000000
12644 -803.0000000000
12681 -800.0000000000
12717 -799.0000000000
12721 -798.0000000000
12746 -797.0000000000
12762 -796.0000000000
12810 -795.0000000000
12812 -794.0000000000
12862 -793.0000000000
12886 -792.0000000000
12906 -790.0000000000
12941 -789.0000000000
12955 -788.0000000000
12969 -787.0000000000
13005 -786.0000000000
13007 -785.0000000000
13026 -784.0000000000
13043 -782.0000000000
13088 -781.0000000000
13129 -780.0000000000
13132 -779.0000000000
13166 -778.0000000000
13171 -777.0000000000
13181 -775.0000000000
13217 -773.0000000000
13269 -771.0000000000
13293 -768.0000000000
13314 -767.0000000000
13331 -766.0000000000
13353 -765.0000000000
13378 -764.0000000000
13404 -763.0000000000
13440 -762.0000000000
13461 -761.0000000000
13470 -760.0000000000
13502 -759.0000000000
13506 -757.0000000000
13550 -756.0000000000
13563 -755.0000000000
13584 -754.0000000000
13601 -752.0000000000
13647 -750.0000000000
13678 -747.0000000000
13681 -746.0000000000
13724 -745.0000000000
13741 -744.0000000000
13753 -742.0000000000
13807 -740.0000000000
13854 -739.0000000000
13881 -738.0000000000
13895 -737.0000000000
13898 -736.0000000000
13936 -735.0000000000
13966 -734.0000000000
13973 -733.0000000000
13980 -731.0000000000
14011 -729.0000000000
14024 -728.0000000000
14063 -727.0000000000
14106 -725.0000000000
14137 -724.0000000000
14152 -723.0000000000
14175 -722.0000000000
14201 -720.0000000000
14207 -718.0000000000
14226 -717.0000000000
14277 -715.0000000000
14278 -714.0000000000
14342 -713.0000000000
14346 -711.0000000000
14378 -710.0000000000
14391 -709.0000000000
14404 -708.0000000000
14435 -707.0000000000
14444 -705.0000000000
14497 -704.0000000000
14498 -703.0000000000
14510 -702.0000000000
14513 -701.0000000000
14554 -700.0000000000
14567 -699.0000000000
14591 -698.0000000000
14598 -697.0000000000
14638 -696.0000000000
14645 -694.0000000000
14705 -692.0000000000
14750 -690.0000000000
14773 -688.0000000000
14814 -686.0000000000
14855 -685.0000000000
14863 -684.0000000000
14882 -683.0000000000
14902 -682.0000000000
14917 -681.0000000000
14943 -680.0000000000
14957 -679.0000000000
14974 -678.0000000000
14996 -677.0000000000
15053 -675.0000000000
15066 -674.0000000000
15104 -673.0000000000
15124 -672.0000000000
15161 -671.0000000000
15209 -670.0000000000
15222 -669.0000000000
15261 -668.0000000000
15292 -666.0000000000
15342 -665.0000000000
15348 -664.0000000000
15377 -663.0000000000
15388 -662.0000000000
15402 -661.0000000000
15428 -660.0000000000
15441 -659.0000000000
15464 -658.0000000000
15487 -657.0000000000
15506 -655.0000000000
15541 -654.0000000000
15561 -652.0000000000
15568 -649.0000000000
15611 -647.0000000000
15632 -646.0000000000
15653 -645.0000000000
15667 -644.0000000000
15709 -642.0000000000
15715 -641.0000000000
15723 -640.0000000000
15751 -639.0000000000
15771 -637.0000000000
15804 -636.0000000000
15823 -635.0000000000
15858 -633.0000000000
15879 -631.0000000000
15925 -630.0000000000
15953 -629.0000000000
15989 -627.0000000000
16002 -626.0000000000
16064 -625.0000000000
16073 -623.0000000000
16084 -622.0000000000
16128 -621.0000000000
16154 -620.0000000000
16166 -616.0000000000
16209 -615.0000000000
16215 -614.0000000000
16248 -613.0000000000
16249 -611.0000000000
16279 -607.0000000000
16325 -605.0000000000
16384 -603.0000000000
16395 -602.0000000000
16418 -601.0000000000
16429 -600.0000000000
16454 -599.0000000000
16461 -598.0000000000
16499 -597.0000000000
16512 -596.0000000000
16518 -595.0000000000
16537 -594.0000000000
16572 -593.0000000000
16606 -592.0000000000
16630 -591.0000000000
16664 -589.0000000000
16694 -588.0000000000
16725 -586.0000000000
16765 -585.0000000000
16777 -584.0000000000
16782 -583.0000000000
16828 -580.0000000000
16866 -579.0000000000
16895 -578.0000000000
16906 -576.0000000000
16978 -575.0000000000
16981 -574.0000000000
16993 -573.0000000000
17036 -572.0000000000
17055 -571.0000000000
17071 -570.0000000000
17099 -569.0000000000
17100 -567.0000000000
17141 -566.0000000000
17150 -564.0000000000
17180 -563.0000000000
17200 -562.0000000000
17251 -561.0000000000
17267 -559.0000000000
17304 -558.0000000000
17321 -556.0000000000
17366 -555.0000000000
17414 -554.0000000000
17421 -553.0000000000
17463 -551.0000000000
17492 -550.0000000000
17505 -549.0000000000
17547 -548.0000000000
17586 -546.0000000000
17610 -544.0000000000
17646 -543.0000000000
17652 -542.0000000000
17717 -541.0000000000
17738 -539.0000000000
17792 -538.0000000000
17806 -537.0000000000
17861 -536.0000000000
17917 -535.0000000000
17947 -534.0000000000
17980 -533.0000000000
18012 -532.0000000000
18052 -531.0000000000
18061 -530.0000000000
18105 -529.0000000000
18108 -528.0000000000
18138 -527.0000000000
18162 -526.0000000000
18186 -525.0000000000
18222 -524.0000000000
18241 -523.0000000000
18283 -522.0000000000
18307 -521.0000000000
18318 -519.0000000000
18326 -518.0000000000
18365 -517.0000000000
18372 -516.0000000000
18384 -514.0000000000
18440 -513.0000000000
18471 -512.0000000000
18501 -511.0000000000
18551 -510.0000000000
18609 -509.0000000000
18613 -508.0000000000
18654 -507.0000000000
18678 -506.0000000000
18694 -505.0000000000
18725 -504.0000000000
18762 -503.0000000000
18791 -502.0000000000
18796 -501.0000000000
18846 -499.0000000000
18881 -498.0000000000
18917 -497.0000000000
18928 -496.0000000000
18954 -495.0000000000
18982 -494.0000000000
19002 -492.0000000000
19028 -491.0000000000
19061 -489.0000000000
19138 -488.0000000000
19157 -487.0000000000
19181 -485.0000000000
19217 -484.0000000000
19245 -482.0000000000
19264 -481.0000000000
19311 -480.0000000000
19348 -479.0000000000
19408 -478.0000000000
19423 -477.0000000000
19424 -476.0000000000
19441 -474.0000000000
19486 -472.0000000000
19537 -471.0000000000
19574 -470.0000000000
19594 -469.0000000000
19639 -468.0000000000
19659 -467.0000000000
19682 -466.0000000000
19710 -465.0000000000
19738 -463.0000000000
19809 -462.0000000000
19828 -461.0000000000
19871 -460.0000000000
19888 -459.0000000000
19915 -457.0000000000
19953 -456.0000000000
19986 -455.0000000000
20006 -454.0000000000
20014 -453.0000000000
20093 -452.0000000000
20102 -451.0000000000
20140 -450.0000000000
20146 -449.0000000000
20162 -448.0000000000
20206 -447.0000000000
20255 -446.0000000000
20268 -445.0000000000
20307 -443.0000000000
20329 -442.0000000000
20378 -441.0000000000
20394 -440.0000000000
20416 -439.0000000000
20417 -438.0000000000
20431 -437.0000000000
20484 -435.0000000000
20523 -434.0000000000
20528 -432.0000000000
20583 -431.0000000000
20665 -430.0000000000
20681 -429.0000000000
20693 -428.0000000000
20725 -427.0000000000
20742 -426.0000000000
20783 -425.0000000000
20801 -424.0000000000
20832 -423.0000000000
20910 -422.0000000000
20924 -421.0000000000
20969 -420.0000000000
21002 -419.0000000000
21011 -418.0000000000
21062 -417.0000000000
21151 -416.0000000000
21168 -415.0000000000
21202 -414.0000000000
21212 -413.0000000000
21241 -412.0000000000
21275 -411.0000000000
21310 -410.0000000000
21338 -409.0000000000
21396 -408.0000000000
21425 -407.0000000000
21437 -406.0000000000
21472 -405.0000000000
21535 -404.0000000000
21536 -403.0000000000
21561 -402.0000000000
21564 -401.0000000000
21593 -399.0000000000
21639 -398.0000000000
21680 -397.0000000000
21682 -396.0000000000
21754 -395.0000000000
21793 -393.0000000000
21845 -392.0000000000
21891 -391.0000000000
21901 -389.0000000000
21942 -388.0000000000
22012 -387.0000000000
22050 -386.0000000000
22074 -385.0000000000
22114 -384.0000000000
22142 -382.0000000000
22187 -381.0000000000
22205 -380.0000000000
22226 -379.0000000000
22239 -378.0000000000
22261 -377.0000000000
22292 -376.0000000000
22318 -375.0000000000
22336 -374.0000000000
22345 -373.0000000000
22371 -372.0000000000
22409 -371.0000000000
22442 -370.0000000000
22484 -368.0000000000
22532 -367.0000000000
22550 -366.0000000000
22568 -365.0000000000
22570 -364.0000000000
22621 -363.0000000000
22655 -362.0000000000
22658 -361.0000000000
22689 -360.0000000000
22718 -359.0000000000
22732 -358.0000000000
22743 -356.0000000000
22786 -355.0000000000
22843 -354.0000000000
22852 -353.0000000000
22876 -351.0000000000
22950 -350.0000000000
22967 -349.0000000000
22999 -348.0000000000
23031 -347.0000000000
23044 -346.0000000000
23064 -345.0000000000
23075 -344.0000000000
23106 -343.0000000000
23165 -342.0000000000
23169 -341.0000000000
23243 -340.0000000000
23291 -339.0000000000
23340 -338.0000000000
23354 -337.0000000000
23378 -336.0000000000
23401 -334.0000000000
23442 -331.0000000000
23519 -330.0000000000
23548 -329.0000000000
23597 -327.0000000000
23641 -325.0000000000
23685 -324.0000000000
23712 -323.0000000000
23735 -322.0000000000
23763 -321.0000000000
23815 -320.0000000000
23837 -319.0000000000
23865 -318.0000000000
23894 -316.0000000000
23926 -314.0000000000
23968 -313.0000000000
24009 -312.0000000000
24045 -311.0000000000
24085 -310.0000000000
24140 -309.0000000000
24167 -308.0000000000
24266 -307.0000000000
24347 -306.0000000000
24371 -305.0000000000
24377 -304.0000000000
24449 -303.0000000000
24486 -302.0000000000
24502 -300.0000000000
24546 -299.0000000000
24583 -298.0000000000
24628 -297.0000000000
24640 -296.0000000000
24679 -295.0000000000
24711 -294.0000000000
24744 -293.0000000000
24834 -292.0000000000
24848 -291.0000000000
24869 -290.0000000000
24903 -289.0000000000
24953 -288.0000000000
24996 -287.0000000000
25008 -286.0000000000
25063 -285.0000000000
25107 -284.0000000000
25149 -283.0000000000
25223 -282.0000000000
25224 -280.0000000000
25302 -279.0000000000
25314 -277.0000000000
25380 -276.0000000000
25399 -275.0000000000
25407 -274.0000000000
25496 -273.0000000000
25561 -272.0000000000
25610 -271.0000000000
25644 -270.0000000000
25685 -269.0000000000
25721 -268.0000000000
25827 -267.0000000000
25875 -266.0000000000
25892 -265.0000000000
25960 -264.0000000000
26010 -263.0000000000
26020 -262.0000000000
26067 -261.0000000000
26099 -260.0000000000
26135 -259.0000000000
26152 -258.0000000000
26185 -256.0000000000
26246 -255.0000000000
26304 -254.0000000000
26348 -253.0000000000
26360 -252.0000000000
26413 -251.0000000000
26422 -250.0000000000
26459 -249.0000000000
26480 -248.0000000000
26485 -247.0000000000
26529 -246.0000000000
26541 -244.0000000000
26570 -243.0000000000
26590 -240.0000000000
26643 -239.0000000000
26687 -238.0000000000
26706 -237.0000000000
26747 -236.0000000000
26769 -235.0000000000
26819 -234.0000000000
26891 -233.0000000000
26962 -232.0000000000
27004 -231.0000000000
27053 -230.0000000000
27068 -229.0000000000
27125 -228.0000000000
27159 -227.0000000000
27162 -226.0000000000
27170 -225.0000000000
27213 -224.0000000000
27289 -223.0000000000
27355 -222.0000000000
27383 -221.0000000000
27414 -220.0000000000
27457 -219.0000000000
27494 -218.0000000000
27502 -217.0000000000
27564 -216.0000000000
27595 -215.0000000000
27610 -213.0000000000
27675 -212.0000000000
27717 -211.0000000000
27735 -210.0000000000
27762 -209.0000000000
27773 -207.0000000000
27870 -206.0000000000
27916 -205.0000000000
27964 -204.0000000000
28003 -203.0000000000
28030 -202.0000000000
28081 -201.0000000000
28125 -200.0000000000
28159 -199.0000000000
28197 -198.0000000000
28230 -197.0000000000
28287 -196.0000000000
28322 -195.0000000000
28356 -194.0000000000
28403 -193.0000000000
28425 -192.0000000000
28497 -191.0000000000
28518 -190.0000000000
28565 -189.0000000000
28634 -188.0000000000
28689 -187.0000000000
28783 -186.0000000000
28866 -185.0000000000
28938 -184.0000000000
28983 -181.0000000000
29041 -180.0000000000
29087 -179.0000000000
29178 -178.0000000000
29299 -177.0000000000
29331 -176.0000000000
29399 -175.0000000000
29470 -174.0000000000
29548 -173.0000000000
29616 -172.0000000000
29670 -171.0000000000
29757 -170.0000000000
29767 -169.0000000000
29804 -168.0000000000
29823 -167.0000000000
29905 -166.0000000000
29974 -165.0000000000
30054 -164.0000000000
30072 -163.0000000000
30177 -162.0000000000
30273 -161.0000000000
30338 -160.0000000000
30345 -159.0000000000
30380 -158.0000000000
30409 -157.0000000000
30513 -156.0000000000
30522 -155.0000000000
30597 -154.0000000000
30620 -153.0000000000
30689 -152.0000000000
30748 -151.0000000000
30826 -150.0000000000
30855 -149.0000000000
30990 -148.0000000000
31010 -147.0000000000
31113 -146.0000000000
31173 -145.0000000000
31302 -144.0000000000
31326 -142.0000000000
31366 -141.0000000000
31431 -140.0000000000
31450 -139.0000000000
31509 -138.0000000000
31585 -137.0000000000
31624 -136.0000000000
31675 -135.0000000000
31690 -132.0000000000
31768 -131.0000000000
31806 -130.0000000000
31897 -129.0000000000
31956 -128.0000000000
32069 -127.0000000000
32123 -126.0000000000
32188 -125.0000000000
32263 -124.0000000000
32323 -123.0000000000
32387 -122.0000000000
32466 -121.0000000000
32559 -120.0000000000
32598 -119.0000000000
32665 -118.0000000000
32698 -117.0000000000
32728 -116.0000000000
32747 -115.0000000000
32756 -114.0000000000
32806 -113.0000000000
32882 -112.0000000000
33011 -110.0000000000
33108 -109.0000000000
33136 -108.0000000000
33204 -107.0000000000
33270 -106.0000000000
33290 -105.0000000000
33345 -104.0000000000
33445 -103.0000000000
33521 -102.0000000000
33648 -101.0000000000
33700 -100.0000000000
33766 -99.0000000000
33813 -98.0000000000
33857 -97.0000000000
33887 -96.0000000000
33939 -95.0000000000
34012 -94.0000000000
34157 -93.0000000000
34279 -92.0000000000
34334 -91.0000000000
34366 -90.0000000000
34423 -89.0000000000
34448 -87.0000000000
34488 -86.0000000000
34676 -85.0000000000
34928 -84.0000000000
34969 -83.0000000000
35044 -81.0000000000
35106 -79.0000000000
35315 -78.0000000000
35398 -77.0000000000
35423 -75.0000000000
35537 -74.0000000000
35711 -73.0000000000
35775 -72.0000000000
35806 -71.0000000000
35828 -70.0000000000
35883 -69.0000000000
36152 -68.0000000000
36293 -67.0000000000
36332 -66.0000000000
36604 -65.0000000000
36705 -64.0000000000
36824 -63.0000000000
36868 -62.0000000000
36927 -60.0000000000
37047 -59.0000000000
37162 -58.0000000000
37255 -57.0000000000
37376 -56.0000000000
37421 -55.0000000000
37533 -54.0000000000
37622 -53.0000000000
37643 -52.0000000000
37776 -51.0000000000
38042 -50.0000000000
38202 -49.0000000000
38245 -48.0000000000
38330 -47.0000000000
38449 -46.0000000000
38679 -45.0000000000
38723 -44.0000000000
38755 -43.0000000000
38821 -42.0000000000
38839 -41.0000000000
38872 -40.0000000000
38941 -39.0000000000
38961 -38.0000000000
39092 -37.0000000000
39184 -36.0000000000
39246 -35.0000000000
39290 -34.0000000000
39389 -33.0000000000
39427 -32.0000000000
39460 -31.0000000000
39523 -30.0000000000
39650 -29.0000000000
39763 -28.0000000000
39897 -27.0000000000
39932 -26.0000000000
39992 -25.0000000000
40133 -24.0000000000
40238 -23.0000000000
40374 -22.0000000000
40618 -21.0000000000
40657 -20.0000000000
40690 -19.0000000000
40906 -18.0000000000
41012 -17.0000000000
41070 -16.0000000000
41096 -15.0000000000
41138 -14.0000000000
41245 -13.0000000000
41337 -12.0000000000
41390 -11.0000000000
41445 -10.0000000000
41717 -9.0000000000
41793 -8.0000000000
41865 -7.0000000000
41947 -6.0000000000
42062 -5.0000000000
42229 -4.0000000000
42306 -3.0000000000
42601 -2.0000000000
42706 -1.0000000000
42758 376.4900000000
42781 380.1600000000
42802 393.6000000000
42815 398.7300000000
42849 399.7200000000
42859 401.2700000000
42962 402.6300000000
43003 415.9700000000
45388 416.5800000000
45676 483.0400000000
45693 491.9100000000
45855 502.7100000000
46053 505.3100000000
46527 511.9300000000
51169 514.8600000000
53897 517.2500000000
53899 518.1500000000
68549 520.7100000000
100000 -2.0000000000
