evaluations raw_y
1 -1993.0000000000
2 -1977.0000000000
8 -1974.0000000000
13 -1931.0000000000
39 -1930.0000000000
41 -1905.0000000000
77 -1895.0000000000
82 -1875.0000000000
109 -1873.0000000000
111 -1858.0000000000
124 -1856.0000000000
139 -1855.0000000000
144 -1851.0000000000
145 -1845.0000000000
148 -1843.0000000000
169 -1835.0000000000
173 -1833.0000000000
183 -1831.0000000000
184 -1817.0000000000
204 -1812.0000000000
222 -1805.0000000000
246 -1792.0000000000
261 -1791.0000000000
263 -1787.0000000000
283 -1786.0000000000
301 -1783.0000000000
324 -1776.0000000000
341 -1775.0000000000
344 -1769.0000000000
373 -1766.0000000000
374 -1757.0000000000
413 -1754.0000000000
422 -1752.0000000000
425 -1751.0000000000
441 -1750.0000000000
447 -1749.0000000000
449 -1747.0000000000
450 -1746.0000000000
466 -1744.0000000000
470 -1743.0000000000
486 -1741.0000000000
524 -1738.0000000000
544 -1733.0000000000
565 -1732.0000000000
578 -1730.0000000000
592 -1729.0000000000
602 -1728.0000000000
607 -1727.0000000000
621 -1725.0000000000
647 -1723.0000000000
675 -1721.0000000000
701 -1720.0000000000
702 -1719.0000000000
739 -1718.0000000000
761 -1716.0000000000
770 -1715.0000000000
792 -1714.0000000000
798 -1713.0000000000
808 -1712.0000000000
820 -1711.0000000000
841 -1710.0000000000
857 -1709.0000000000
867 -1707.0000000000
900 -1704.0000000000
917 -1702.0000000000
931 -1700.0000000000
944 -1699.0000000000
964 -1698.0000000000
983 -1697.0000000000
1001 -1694.0000000000
1027 -1693.0000000000
1030 -1692.0000000000
1036 -1689.0000000000
1054 -1688.0000000000
1066 -1686.0000000000
1101 -1685.0000000000
1111 -1683.0000000000
1150 -1681.0000000000
1161 -1680.0000000000
1189 -1679.0000000000
1202 -1677.0000000000
1215 -1675.0000000000
1225 -1674.0000000000
1262 -1673.0000000000
1265 -1672.0000000000
1303 -1671.0000000000
1317 -1670.0000000000
1322 -1669.0000000000
1344 -1668.0000000000
1347 -1666.0000000000
1368 -1665.0000000000
1370 -1662.0000000000
1401 -1661.0000000000
1405 -1660.0000000000
1425 -1659.0000000000
1440 -1658.0000000000
1448 -1657.0000000000
1464 -1656.0000000000
1495 -1655.0000000000
1504 -1651.0000000000
1526 -1647.0000000000
1549 -1645.0000000000
1561 -1644.0000000000
1613 -1643.0000000000
1628 -1642.0000000000
1630 -1641.0000000000
1643 -1640.0000000000
1661 -1638.0000000000
1668 -1637.0000000000
1681 -1635.0000000000
1703 -1633.0000000000
1731 -1632.0000000000
1743 -1631.0000000000
1745 -1630.0000000000
1777 -1629.0000000000
1798 -1627.0000000000
1810 -1626.0000000000
1825 -1625.0000000000
1827 -1624.0000000000
1861 -1623.0000000000
1872 -1621.0000000000
1885 -1620.0000000000
1906 -1619.0000000000
1923 -1618.0000000000
1929 -1617.0000000000
1931 -1616.0000000000
1962 -1615.0000000000
1979 -1614.0000000000
1987 -1611.0000000000
2004 -1609.0000000000
2057 -1608.0000000000
2062 -1605.0000000000
2083 -1603.0000000000
2094 -1602.0000000000
2105 -1601.0000000000
2110 -1600.0000000000
2122 -1599.0000000000
2148 -1597.0000000000
2165 -1595.0000000000
2191 -1594.0000000000
2193 -1593.0000000000
2199 -1592.0000000000
2228 -1591.0000000000
2233 -1588.0000000000
2249 -1587.0000000000
2276 -1586.0000000000
2285 -1581.0000000000
2323 -1579.0000000000
2341 -1578.0000000000
2364 -1576.0000000000
2381 -1571.0000000000
2409 -1570.0000000000
2423 -1567.0000000000
2445 -1566.0000000000
2469 -1564.0000000000
2488 -1563.0000000000
2506 -1561.0000000000
2518 -1560.0000000000
2538 -1558.0000000000
2544 -1557.0000000000
2575 -1556.0000000000
2582 -1555.0000000000
2606 -1554.0000000000
2626 -1553.0000000000
2634 -1552.0000000000
2639 -1551.0000000000
2671 -1550.0000000000
2712 -1547.0000000000
2727 -1546.0000000000
2741 -1545.0000000000
2764 -1544.0000000000
2790 -1543.0000000000
2817 -1542.0000000000
2821 -1541.0000000000
2825 -1540.0000000000
2845 -1539.0000000000
2859 -1537.0000000000
2870 -1534.0000000000
2881 -1533.0000000000
2910 -1532.0000000000
2929 -1531.0000000000
2946 -1530.0000000000
2970 -1529.0000000000
2984 -1528.0000000000
3015 -1527.0000000000
3029 -1526.0000000000
3068 -1525.0000000000
3082 -1524.0000000000
3084 -1523.0000000000
3093 -1522.0000000000
3117 -1521.0000000000
3125 -1520.0000000000
3132 -1519.0000000000
3147 -1518.0000000000
3158 -1517.0000000000
3180 -1515.0000000000
3191 -1514.0000000000
3197 -1513.0000000000
3202 -1512.0000000000
3232 -1510.0000000000
3238 -1509.0000000000
3256 -1508.0000000000
3262 -1506.0000000000
3289 -1505.0000000000
3304 -1504.0000000000
3307 -1503.0000000000
3329 -1502.0000000000
3344 -1501.0000000000
3353 -1500.0000000000
3362 -1499.0000000000
3377 -1497.0000000000
3403 -1495.0000000000
3423 -1493.0000000000
3449 -1492.0000000000
3478 -1489.0000000000
3505 -1488.0000000000
3509 -1486.0000000000
3512 -1485.0000000000
3540 -1484.0000000000
3561 -1483.0000000000
3568 -1481.0000000000
3588 -1480.0000000000
3596 -1479.0000000000
3609 -1477.0000000000
3641 -1475.0000000000
3651 -1473.0000000000
3685 -1471.0000000000
3689 -1470.0000000000
3709 -1469.0000000000
3731 -1468.0000000000
3742 -1467.0000000000
3762 -1465.0000000000
3783 -1464.0000000000
3802 -1463.0000000000
3816 -1462.0000000000
3831 -1461.0000000000
3849 -1455.0000000000
3869 -1454.0000000000
3885 -1451.0000000000
3922 -1450.0000000000
3947 -1449.0000000000
3964 -1448.0000000000
3966 -1447.0000000000
3984 -1446.0000000000
4009 -1445.0000000000
4026 -1444.0000000000
4041 -1441.0000000000
4100 -1440.0000000000
4103 -1439.0000000000
4107 -1438.0000000000
4130 -1437.0000000000
4137 -1436.0000000000
4144 -1435.0000000000
4162 -1434.0000000000
4191 -1433.0000000000
4202 -1432.0000000000
4233 -1431.0000000000
4237 -1430.0000000000
4242 -1429.0000000000
4248 -1428.0000000000
4299 -1427.0000000000
4303 -1426.0000000000
4319 -1424.0000000000
4346 -1423.0000000000
4353 -1422.0000000000
4361 -1421.0000000000
4386 -1420.0000000000
4395 -1419.0000000000
4410 -1417.0000000000
4433 -1416.0000000000
4442 -1415.0000000000
4461 -1412.0000000000
4479 -1411.0000000000
4487 -1410.0000000000
4515 -1408.0000000000
4526 -1407.0000000000
4529 -1406.0000000000
4530 -1405.0000000000
4547 -1404.0000000000
4552 -1403.0000000000
4578 -1401.0000000000
4581 -1400.0000000000
4615 -1399.0000000000
4622 -1397.0000000000
4652 -1395.0000000000
4661 -1394.0000000000
4698 -1392.0000000000
4735 -1391.0000000000
4741 -1389.0000000000
4769 -1388.0000000000
4772 -1387.0000000000
4798 -1386.0000000000
4811 -1385.0000000000
4825 -1384.0000000000
4836 -1383.0000000000
4842 -1382.0000000000
4879 -1380.0000000000
4891 -1379.0000000000
4894 -1378.0000000000
4905 -1377.0000000000
4925 -1375.0000000000
4948 -1374.0000000000
4982 -1373.0000000000
4989 -1371.0000000000
4991 -1370.0000000000
5001 -1368.0000000000
5027 -1367.0000000000
5060 -1365.0000000000
5082 -1363.0000000000
5108 -1360.0000000000
5144 -1359.0000000000
5150 -1358.0000000000
5181 -1354.0000000000
5188 -1353.0000000000
5227 -1352.0000000000
5247 -1351.0000000000
5285 -1350.0000000000
5293 -1349.0000000000
5302 -1347.0000000000
5333 -1346.0000000000
5345 -1345.0000000000
5366 -1343.0000000000
5376 -1342.0000000000
5413 -1341.0000000000
5430 -1340.0000000000
5453 -1338.0000000000
5486 -1337.0000000000
5497 -1336.0000000000
5503 -1335.0000000000
5534 -1334.0000000000
5542 -1333.0000000000
5562 -1332.0000000000
5576 -1330.0000000000
5590 -1329.0000000000
5607 -1328.0000000000
5622 -1327.0000000000
5626 -1326.0000000000
5660 -1325.0000000000
5661 -1323.0000000000
5689 -1320.0000000000
5712 -1318.0000000000
5751 -1316.0000000000
5755 -1315.0000000000
5764 -1312.0000000000
5788 -1311.0000000000
5802 -1310.0000000000
5836 -1309.0000000000
5841 -1308.0000000000
5871 -1307.0000000000
5893 -1305.0000000000
5926 -1304.0000000000
5959 -1303.0000000000
5962 -1299.0000000000
6013 -1297.0000000000
6031 -1295.0000000000
6044 -1294.0000000000
6048 -1293.0000000000
6081 -1292.0000000000
6094 -1291.0000000000
6101 -1290.0000000000
6122 -1289.0000000000
6131 -1288.0000000000
6132 -1286.0000000000
6162 -1284.0000000000
6187 -1283.0000000000
6203 -1281.0000000000
6217 -1280.0000000000
6236 -1277.0000000000
6286 -1276.0000000000
6303 -1275.0000000000
6304 -1272.0000000000
6344 -1271.0000000000
6360 -1270.0000000000
6363 -1268.0000000000
6394 -1267.0000000000
6405 -1266.0000000000
6422 -1264.0000000000
6444 -1262.0000000000
6491 -1259.0000000000
6510 -1258.0000000000
6543 -1257.0000000000
6567 -1256.0000000000
6568 -1255.0000000000
6585 -1253.0000000000
6588 -1252.0000000000
6632 -1251.0000000000
6664 -1250.0000000000
6665 -1248.0000000000
6705 -1247.0000000000
6710 -1246.0000000000
6727 -1245.0000000000
6745 -1243.0000000000
6763 -1240.0000000000
6801 -1239.0000000000
6830 -1238.0000000000
6848 -1236.0000000000
6868 -1234.0000000000
6901 -1233.0000000000
6907 -1232.0000000000
6921 -1230.0000000000
6948 -1229.0000000000
6983 -1228.0000000000
7021 -1226.0000000000
7043 -1225.0000000000
7060 -1224.0000000000
7068 -1223.0000000000
7079 -1222.0000000000
7104 -1221.0000000000
7108 -1220.0000000000
7128 -1219.0000000000
7141 -1218.0000000000
7168 -1215.0000000000
7188 -1213.0000000000
7206 -1211.0000000000
7247 -1210.0000000000
7261 -1209.0000000000
7278 -1207.0000000000
7284 -1205.0000000000
7302 -1204.0000000000
7321 -1203.0000000000
7346 -1202.0000000000
7361 -1201.0000000000
7389 -1199.0000000000
7421 -1198.0000000000
7459 -1197.0000000000
7470 -1196.0000000000
7487 -1193.0000000000
7522 -1191.0000000000
7546 -1190.0000000000
7574 -1189.0000000000
7581 -1188.0000000000
7593 -1187.0000000000
7605 -1185.0000000000
7624 -1184.0000000000
7641 -1183.0000000000
7657 -1182.0000000000
7672 -1180.0000000000
7685 -1178.0000000000
7728 -1177.0000000000
7752 -1176.0000000000
7760 -1174.0000000000
7775 -1172.0000000000
7815 -1171.0000000000
7826 -1169.0000000000
7830 -1165.0000000000
7847 -1163.0000000000
7862 -1162.0000000000
7886 -1161.0000000000
7921 -1159.0000000000
7941 -1157.0000000000
7962 -1154.0000000000
7982 -1153.0000000000
7989 -1152.0000000000
8014 -1151.0000000000
8028 -1149.0000000000
8032 -1148.0000000000
8053 -1146.0000000000
8087 -1145.0000000000
8092 -1143.0000000000
8116 -1142.0000000000
8117 -1141.0000000000
8144 -1140.0000000000
8156 -1138.0000000000
8182 -1137.0000000000
8206 -1134.0000000000
8231 -1133.0000000000
8252 -1132.0000000000
8263 -1131.0000000000
8272 -1130.0000000000
8281 -1128.0000000000
8328 -1127.0000000000
8335 -1126.0000000000
8357 -1123.0000000000
8401 -1122.0000000000
8413 -1120.0000000000
8422 -1119.0000000000
8437 -1118.0000000000
8461 -1117.0000000000
8485 -1116.0000000000
8488 -1115.0000000000
8505 -1114.0000000000
8511 -1113.0000000000
8532 -1112.0000000000
8544 -1111.0000000000
8575 -1110.0000000000
8592 -1107.0000000000
8644 -1106.0000000000
8665 -1104.0000000000
8700 -1103.0000000000
8701 -1102.0000000000
8703 -1101.0000000000
8747 -1100.0000000000
8749 -1098.0000000000
8781 -1097.0000000000
8797 -1094.0000000000
8824 -1093.0000000000
8845 -1092.0000000000
8857 -1091.0000000000
8868 -1090.0000000000
8871 -1089.0000000000
8881 -1088.0000000000
8888 -1087.0000000000
8905 -1086.0000000000
8913 -1085.0000000000
8941 -1083.0000000000
8974 -1082.0000000000
8990 -1079.0000000000
9025 -1078.0000000000
9030 -1077.0000000000
9048 -1072.0000000000
9074 -1071.0000000000
9105 -1070.0000000000
9125 -1069.0000000000
9134 -1066.0000000000
9162 -1065.0000000000
9175 -1064.0000000000
9193 -1063.0000000000
9215 -1061.0000000000
9230 -1060.0000000000
9246 -1058.0000000000
9311 -1057.0000000000
9319 -1053.0000000000
9327 -1052.0000000000
9363 -1051.0000000000
9386 -1050.0000000000
9402 -1049.0000000000
9442 -1048.0000000000
9461 -1047.0000000000
9500 -1045.0000000000
9502 -1044.0000000000
9522 -1042.0000000000
9574 -1039.0000000000
9601 -1038.0000000000
9625 -1037.0000000000
9641 -1036.0000000000
9642 -1034.0000000000
9710 -1033.0000000000
9722 -1032.0000000000
9746 -1031.0000000000
9754 -1029.0000000000
9785 -1028.0000000000
9806 -1027.0000000000
9808 -1025.0000000000
9821 -1024.0000000000
9873 -1023.0000000000
9891 -1022.0000000000
9924 -1021.0000000000
9954 -1020.0000000000
9959 -1019.0000000000
9982 -1018.0000000000
10000 -1019.0000000000
