evaluations raw_y
1 -1920.0000000000
6 -1884.0000000000
7 -1882.0000000000
8 -1832.0000000000
36 -1829.0000000000
41 -1822.0000000000
48 -1815.0000000000
52 -1791.0000000000
63 -1785.0000000000
82 -1778.0000000000
102 -1777.0000000000
106 -1774.0000000000
111 -1763.0000000000
120 -1757.0000000000
127 -1738.0000000000
146 -1732.0000000000
149 -1730.0000000000
163 -1727.0000000000
188 -1722.0000000000
208 -1720.0000000000
216 -1717.0000000000
222 -1712.0000000000
225 -1706.0000000000
253 -1700.0000000000
261 -1699.0000000000
269 -1694.0000000000
285 -1693.0000000000
289 -1688.0000000000
328 -1682.0000000000
343 -1672.0000000000
366 -1671.0000000000
381 -1669.0000000000
385 -1664.0000000000
416 -1662.0000000000
442 -1661.0000000000
448 -1659.0000000000
459 -1653.0000000000
498 -1652.0000000000
526 -1650.0000000000
534 -1649.0000000000
545 -1648.0000000000
549 -1646.0000000000
582 -1645.0000000000
588 -1644.0000000000
590 -1643.0000000000
601 -1640.0000000000
629 -1639.0000000000
647 -1637.0000000000
660 -1635.0000000000
669 -1634.0000000000
684 -1633.0000000000
697 -1632.0000000000
707 -1630.0000000000
731 -1627.0000000000
745 -1626.0000000000
786 -1624.0000000000
805 -1621.0000000000
831 -1619.0000000000
834 -1618.0000000000
857 -1617.0000000000
867 -1616.0000000000
882 -1615.0000000000
889 -1614.0000000000
907 -1610.0000000000
938 -1608.0000000000
963 -1607.0000000000
973 -1606.0000000000
983 -1605.0000000000
1011 -1604.0000000000
1017 -1603.0000000000
1044 -1602.0000000000
1062 -1600.0000000000
1068 -1599.0000000000
1103 -1598.0000000000
1106 -1596.0000000000
1127 -1591.0000000000
1186 -1590.0000000000
1199 -1588.0000000000
1213 -1586.0000000000
1216 -1585.0000000000
1224 -1582.0000000000
1253 -1580.0000000000
1270 -1579.0000000000
1275 -1577.0000000000
1288 -1576.0000000000
1313 -1573.0000000000
1323 -1572.0000000000
1341 -1571.0000000000
1347 -1568.0000000000
1363 -1566.0000000000
1385 -1565.0000000000
1412 -1564.0000000000
1443 -1561.0000000000
1475 -1560.0000000000
1483 -1559.0000000000
1486 -1557.0000000000
1501 -1556.0000000000
1536 -1555.0000000000
1547 -1554.0000000000
1568 -1553.0000000000
1583 -1551.0000000000
1606 -1549.0000000000
1612 -1548.0000000000
1641 -1547.0000000000
1661 -1546.0000000000
1662 -1542.0000000000
1692 -1541.0000000000
1711 -1540.0000000000
1715 -1539.0000000000
1727 -1538.0000000000
1737 -1537.0000000000
1749 -1534.0000000000
1761 -1533.0000000000
1784 -1532.0000000000
1787 -1531.0000000000
1803 -1529.0000000000
1830 -1527.0000000000
1838 -1526.0000000000
1842 -1525.0000000000
1856 -1523.0000000000
1863 -1521.0000000000
1911 -1518.0000000000
1926 -1516.0000000000
1933 -1515.0000000000
1947 -1514.0000000000
1951 -1513.0000000000
1976 -1512.0000000000
1988 -1511.0000000000
2002 -1508.0000000000
2012 -1507.0000000000
2038 -1506.0000000000
2046 -1505.0000000000
2056 -1504.0000000000
2083 -1503.0000000000
2092 -1501.0000000000
2103 -1500.0000000000
2107 -1499.0000000000
2125 -1497.0000000000
2133 -1495.0000000000
2182 -1493.0000000000
2206 -1491.0000000000
2235 -1490.0000000000
2252 -1488.0000000000
2276 -1485.0000000000
2309 -1484.0000000000
2329 -1483.0000000000
2342 -1482.0000000000
2361 -1480.0000000000
2384 -1478.0000000000
2398 -1476.0000000000
2407 -1475.0000000000
2441 -1474.0000000000
2446 -1473.0000000000
2481 -1472.0000000000
2488 -1470.0000000000
2526 -1469.0000000000
2551 -1467.0000000000
2562 -1466.0000000000
2581 -1464.0000000000
2602 -1463.0000000000
2611 -1462.0000000000
2635 -1461.0000000000
2643 -1459.0000000000
2674 -1458.0000000000
2697 -1455.0000000000
2735 -1454.0000000000
2736 -1452.0000000000
2760 -1449.0000000000
2782 -1448.0000000000
2783 -1447.0000000000
2829 -1445.0000000000
2849 -1444.0000000000
2866 -1443.0000000000
2886 -1438.0000000000
2923 -1437.0000000000
2933 -1436.0000000000
2938 -1431.0000000000
2996 -1428.0000000000
3018 -1426.0000000000
3022 -1424.0000000000
3075 -1423.0000000000
3084 -1421.0000000000
3102 -1420.0000000000
3147 -1419.0000000000
3152 -1417.0000000000
3183 -1416.0000000000
3204 -1415.0000000000
3220 -1414.0000000000
3223 -1413.0000000000
3247 -1411.0000000000
3271 -1410.0000000000
3282 -1409.0000000000
3314 -1408.0000000000
3319 -1406.0000000000
3341 -1405.0000000000
3346 -1403.0000000000
3383 -1401.0000000000
3387 -1400.0000000000
3397 -1399.0000000000
3411 -1395.0000000000
3440 -1391.0000000000
3443 -1389.0000000000
3481 -1388.0000000000
3498 -1385.0000000000
3527 -1384.0000000000
3528 -1381.0000000000
3543 -1380.0000000000
3564 -1379.0000000000
3589 -1376.0000000000
3598 -1375.0000000000
3611 -1374.0000000000
3624 -1370.0000000000
3669 -1369.0000000000
3674 -1368.0000000000
3680 -1367.0000000000
3696 -1366.0000000000
3702 -1364.0000000000
3729 -1362.0000000000
3744 -1361.0000000000
3756 -1358.0000000000
3784 -1356.0000000000
3813 -1354.0000000000
3834 -1353.0000000000
3842 -1352.0000000000
3856 -1351.0000000000
3863 -1350.0000000000
3876 -1349.0000000000
3884 -1347.0000000000
3905 -1346.0000000000
3943 -1343.0000000000
3962 -1342.0000000000
3969 -1340.0000000000
3987 -1338.0000000000
4030 -1337.0000000000
4036 -1335.0000000000
4060 -1333.0000000000
4091 -1332.0000000000
4101 -1331.0000000000
4110 -1330.0000000000
4125 -1329.0000000000
4143 -1327.0000000000
4166 -1326.0000000000
4186 -1325.0000000000
4204 -1324.0000000000
4220 -1323.0000000000
4231 -1320.0000000000
4263 -1319.0000000000
4288 -1318.0000000000
4294 -1316.0000000000
4325 -1315.0000000000
4361 -1313.0000000000
4389 -1311.0000000000
4390 -1310.0000000000
4402 -1309.0000000000
4422 -1307.0000000000
4429 -1306.0000000000
4455 -1305.0000000000
4466 -1304.0000000000
4483 -1302.0000000000
4485 -1301.0000000000
4521 -1299.0000000000
4547 -1297.0000000000
4549 -1295.0000000000
4563 -1293.0000000000
4603 -1292.0000000000
4604 -1290.0000000000
4648 -1289.0000000000
4649 -1288.0000000000
4661 -1287.0000000000
4691 -1286.0000000000
4696 -1285.0000000000
4710 -1284.0000000000
4739 -1283.0000000000
4749 -1281.0000000000
4764 -1278.0000000000
4783 -1276.0000000000
4799 -1275.0000000000
4828 -1273.0000000000
4855 -1268.0000000000
4888 -1267.0000000000
4913 -1263.0000000000
4968 -1262.0000000000
4982 -1259.0000000000
5009 -1258.0000000000
5045 -1257.0000000000
5056 -1256.0000000000
5067 -1252.0000000000
5101 -1249.0000000000
5151 -1248.0000000000
5165 -1247.0000000000
5167 -1246.0000000000
5186 -1245.0000000000
5201 -1244.0000000000
5207 -1243.0000000000
5224 -1241.0000000000
5265 -1239.0000000000
5295 -1237.0000000000
5322 -1236.0000000000
5345 -1234.0000000000
5368 -1230.0000000000
5389 -1228.0000000000
5405 -1225.0000000000
5423 -1223.0000000000
5475 -1222.0000000000
5486 -1221.0000000000
5501 -1219.0000000000
5539 -1218.0000000000
5540 -1217.0000000000
5553 -1216.0000000000
5562 -1214.0000000000
5595 -1212.0000000000
5614 -1210.0000000000
5632 -1209.0000000000
5666 -1208.0000000000
5680 -1206.0000000000
5706 -1205.0000000000
5717 -1201.0000000000
5746 -1200.0000000000
5747 -1195.0000000000
5795 -1194.0000000000
5801 -1193.0000000000
5808 -1192.0000000000
5828 -1191.0000000000
5840 -1188.0000000000
5878 -1187.0000000000
5890 -1186.0000000000
5919 -1185.0000000000
5921 -1184.0000000000
5928 -1183.0000000000
5944 -1181.0000000000
5991 -1180.0000000000
6001 -1179.0000000000
6021 -1178.0000000000
6044 -1177.0000000000
6078 -1176.0000000000
6079 -1175.0000000000
6090 -1172.0000000000
6139 -1171.0000000000
6146 -1170.0000000000
6171 -1169.0000000000
6181 -1168.0000000000
6187 -1166.0000000000
6193 -1165.0000000000
6230 -1164.0000000000
6245 -1163.0000000000
6249 -1162.0000000000
6267 -1161.0000000000
6290 -1159.0000000000
6332 -1156.0000000000
6347 -1155.0000000000
6358 -1154.0000000000
6394 -1151.0000000000
6402 -1150.0000000000
6422 -1149.0000000000
6452 -1148.0000000000
6467 -1146.0000000000
6484 -1145.0000000000
6503 -1143.0000000000
6521 -1142.0000000000
6547 -1141.0000000000
6567 -1139.0000000000
6583 -1137.0000000000
6626 -1135.0000000000
6637 -1134.0000000000
6644 -1133.0000000000
6661 -1132.0000000000
6672 -1131.0000000000
6695 -1130.0000000000
6704 -1128.0000000000
6736 -1126.0000000000
6764 -1124.0000000000
6778 -1123.0000000000
6787 -1122.0000000000
6799 -1121.0000000000
6805 -1120.0000000000
6822 -1118.0000000000
6860 -1117.0000000000
6881 -1116.0000000000
6892 -1115.0000000000
6907 -1114.0000000000
6933 -1113.0000000000
6955 -1111.0000000000
6976 -1109.0000000000
6981 -1108.0000000000
7001 -1105.0000000000
7043 -1104.0000000000
7047 -1103.0000000000
7061 -1101.0000000000
7104 -1100.0000000000
7109 -1098.0000000000
7148 -1096.0000000000
7200 -1095.0000000000
7206 -1094.0000000000
7223 -1093.0000000000
7238 -1092.0000000000
7256 -1090.0000000000
7262 -1089.0000000000
7292 -1088.0000000000
7307 -1087.0000000000
7319 -1086.0000000000
7341 -1082.0000000000
7371 -1080.0000000000
7420 -1079.0000000000
7421 -1078.0000000000
7455 -1077.0000000000
7492 -1076.0000000000
7502 -1075.0000000000
7509 -1073.0000000000
7531 -1071.0000000000
7545 -1070.0000000000
7568 -1069.0000000000
7585 -1067.0000000000
7604 -1066.0000000000
7643 -1064.0000000000
7692 -1061.0000000000
7706 -1059.0000000000
7768 -1058.0000000000
7803 -1056.0000000000
7804 -1055.0000000000
7862 -1054.0000000000
7895 -1052.0000000000
7912 -1050.0000000000
7931 -1049.0000000000
7956 -1048.0000000000
7983 -1047.0000000000
8002 -1046.0000000000
8021 -1045.0000000000
8039 -1044.0000000000
8046 -1042.0000000000
8061 -1041.0000000000
8102 -1040.0000000000
8141 -1039.0000000000
8148 -1037.0000000000
8155 -1036.0000000000
8203 -1035.0000000000
8210 -1034.0000000000
8224 -1033.0000000000
8227 -1032.0000000000
8266 -1031.0000000000
8284 -1030.0000000000
8305 -1028.0000000000
8321 -1027.0000000000
8332 -1025.0000000000
8366 -1024.0000000000
8405 -1023.0000000000
8411 -1021.0000000000
8412 -1020.0000000000
8447 -1018.0000000000
8465 -1015.0000000000
8487 -1014.0000000000
8505 -1013.0000000000
8519 -1012.0000000000
8537 -1010.0000000000
8570 -1009.0000000000
8581 -1008.0000000000
8604 -1007.0000000000
8628 -1006.0000000000
8650 -1005.0000000000
8668 -1004.0000000000
8710 -1002.0000000000
8742 -1001.0000000000
8744 -998.0000000000
8805 -997.0000000000
8807 -996.0000000000
8841 -995.0000000000
8842 -994.0000000000
8862 -993.0000000000
8883 -988.0000000000
8902 -986.0000000000
8941 -985.0000000000
8950 -984.0000000000
8958 -983.0000000000
8982 -982.0000000000
9002 -981.0000000000
9019 -980.0000000000
9041 -979.0000000000
9075 -977.0000000000
9087 -976.0000000000
9091 -973.0000000000
9103 -972.0000000000
9144 -970.0000000000
9175 -968.0000000000
9212 -966.0000000000
9224 -964.0000000000
9277 -963.0000000000
9288 -962.0000000000
9308 -961.0000000000
9318 -960.0000000000
9324 -959.0000000000
9383 -958.0000000000
9404 -957.0000000000
9425 -956.0000000000
9450 -955.0000000000
9473 -953.0000000000
9493 -950.0000000000
9503 -949.0000000000
9543 -947.0000000000
9586 -945.0000000000
9611 -944.0000000000
9629 -942.0000000000
9673 -941.0000000000
9685 -938.0000000000
9721 -936.0000000000
9772 -935.0000000000
9779 -934.0000000000
9831 -932.0000000000
9869 -931.0000000000
9886 -930.0000000000
9910 -929.0000000000
9918 -928.0000000000
9923 -927.0000000000
9928 -926.0000000000
9942 -925.0000000000
9985 -924.0000000000
9996 -922.0000000000
10000 -926.0000000000
