evaluations raw_y
1 -2069.0000000000
2 -2031.0000000000
3 -2021.0000000000
5 -1965.0000000000
22 -1951.0000000000
27 -1940.0000000000
46 -1922.0000000000
61 -1921.0000000000
64 -1915.0000000000
77 -1907.0000000000
79 -1901.0000000000
87 -1893.0000000000
89 -1868.0000000000
122 -1865.0000000000
124 -1863.0000000000
138 -1854.0000000000
151 -1841.0000000000
170 -1835.0000000000
181 -1825.0000000000
196 -1822.0000000000
201 -1820.0000000000
216 -1818.0000000000
224 -1805.0000000000
242 -1804.0000000000
243 -1803.0000000000
247 -1802.0000000000
263 -1794.0000000000
266 -1787.0000000000
284 -1786.0000000000
303 -1780.0000000000
328 -1777.0000000000
343 -1774.0000000000
353 -1773.0000000000
361 -1772.0000000000
363 -1771.0000000000
376 -1769.0000000000
387 -1764.0000000000
405 -1762.0000000000
431 -1752.0000000000
442 -1751.0000000000
483 -1750.0000000000
491 -1749.0000000000
494 -1748.0000000000
511 -1742.0000000000
534 -1741.0000000000
569 -1740.0000000000
573 -1739.0000000000
605 -1736.0000000000
619 -1735.0000000000
637 -1734.0000000000
658 -1733.0000000000
672 -1730.0000000000
690 -1729.0000000000
697 -1726.0000000000
713 -1725.0000000000
746 -1721.0000000000
768 -1718.0000000000
802 -1717.0000000000
804 -1714.0000000000
836 -1713.0000000000
846 -1712.0000000000
853 -1710.0000000000
884 -1709.0000000000
885 -1707.0000000000
923 -1706.0000000000
937 -1705.0000000000
947 -1703.0000000000
971 -1701.0000000000
1002 -1699.0000000000
1007 -1698.0000000000
1025 -1696.0000000000
1047 -1694.0000000000
1069 -1693.0000000000
1107 -1692.0000000000
1125 -1691.0000000000
1148 -1690.0000000000
1172 -1689.0000000000
1177 -1688.0000000000
1198 -1687.0000000000
1203 -1686.0000000000
1206 -1685.0000000000
1222 -1683.0000000000
1267 -1681.0000000000
1278 -1679.0000000000
1301 -1677.0000000000
1307 -1675.0000000000
1334 -1673.0000000000
1361 -1669.0000000000
1398 -1668.0000000000
1407 -1667.0000000000
1425 -1666.0000000000
1435 -1662.0000000000
1461 -1661.0000000000
1480 -1659.0000000000
1505 -1658.0000000000
1521 -1656.0000000000
1531 -1654.0000000000
1554 -1653.0000000000
1561 -1652.0000000000
1566 -1651.0000000000
1573 -1649.0000000000
1606 -1647.0000000000
1612 -1645.0000000000
1633 -1644.0000000000
1640 -1643.0000000000
1642 -1641.0000000000
1661 -1640.0000000000
1662 -1639.0000000000
1699 -1638.0000000000
1705 -1635.0000000000
1751 -1633.0000000000
1765 -1631.0000000000
1784 -1630.0000000000
1803 -1629.0000000000
1814 -1628.0000000000
1825 -1627.0000000000
1828 -1625.0000000000
1874 -1621.0000000000
1896 -1618.0000000000
1925 -1617.0000000000
1945 -1616.0000000000
1957 -1615.0000000000
1969 -1614.0000000000
1983 -1613.0000000000
1985 -1612.0000000000
2001 -1610.0000000000
2023 -1609.0000000000
2029 -1608.0000000000
2032 -1607.0000000000
2042 -1605.0000000000
2044 -1603.0000000000
2066 -1600.0000000000
2113 -1599.0000000000
2125 -1598.0000000000
2140 -1597.0000000000
2145 -1596.0000000000
2155 -1595.0000000000
2191 -1594.0000000000
2205 -1593.0000000000
2206 -1592.0000000000
2213 -1591.0000000000
2245 -1590.0000000000
2264 -1589.0000000000
2265 -1588.0000000000
2284 -1587.0000000000
2292 -1584.0000000000
2302 -1582.0000000000
2329 -1578.0000000000
2363 -1577.0000000000
2376 -1576.0000000000
2378 -1575.0000000000
2388 -1574.0000000000
2409 -1573.0000000000
2432 -1570.0000000000
2444 -1568.0000000000
2479 -1565.0000000000
2490 -1564.0000000000
2545 -1562.0000000000
2581 -1561.0000000000
2606 -1559.0000000000
2630 -1557.0000000000
2646 -1556.0000000000
2661 -1555.0000000000
2677 -1552.0000000000
2695 -1551.0000000000
2716 -1549.0000000000
2727 -1548.0000000000
2756 -1547.0000000000
2762 -1546.0000000000
2775 -1545.0000000000
2780 -1544.0000000000
2791 -1543.0000000000
2793 -1542.0000000000
2802 -1541.0000000000
2803 -1539.0000000000
2824 -1537.0000000000
2845 -1536.0000000000
2870 -1534.0000000000
2905 -1533.0000000000
2909 -1530.0000000000
2943 -1529.0000000000
2949 -1528.0000000000
2950 -1527.0000000000
2965 -1526.0000000000
2991 -1525.0000000000
3006 -1524.0000000000
3013 -1521.0000000000
3059 -1519.0000000000
3075 -1518.0000000000
3085 -1517.0000000000
3111 -1516.0000000000
3124 -1515.0000000000
3130 -1514.0000000000
3144 -1513.0000000000
3149 -1511.0000000000
3168 -1510.0000000000
3222 -1508.0000000000
3248 -1506.0000000000
3270 -1505.0000000000
3281 -1503.0000000000
3299 -1501.0000000000
3321 -1498.0000000000
3362 -1497.0000000000
3377 -1496.0000000000
3382 -1495.0000000000
3385 -1494.0000000000
3405 -1493.0000000000
3429 -1492.0000000000
3440 -1491.0000000000
3463 -1490.0000000000
3468 -1489.0000000000
3481 -1487.0000000000
3527 -1486.0000000000
3541 -1483.0000000000
3578 -1481.0000000000
3582 -1480.0000000000
3608 -1479.0000000000
3622 -1478.0000000000
3640 -1476.0000000000
3646 -1475.0000000000
3664 -1471.0000000000
3704 -1469.0000000000
3709 -1468.0000000000
3735 -1466.0000000000
3754 -1464.0000000000
3770 -1462.0000000000
3802 -1460.0000000000
3840 -1458.0000000000
3861 -1457.0000000000
3878 -1455.0000000000
3907 -1452.0000000000
3959 -1451.0000000000
3978 -1450.0000000000
3997 -1448.0000000000
4004 -1447.0000000000
4018 -1446.0000000000
4027 -1444.0000000000
4053 -1443.0000000000
4073 -1441.0000000000
4088 -1440.0000000000
4101 -1438.0000000000
4104 -1437.0000000000
4146 -1436.0000000000
4168 -1435.0000000000
4169 -1434.0000000000
4190 -1433.0000000000
4200 -1430.0000000000
4222 -1428.0000000000
4246 -1427.0000000000
4264 -1426.0000000000
4268 -1425.0000000000
4276 -1424.0000000000
4294 -1423.0000000000
4301 -1421.0000000000
4321 -1420.0000000000
4337 -1418.0000000000
4343 -1417.0000000000
4371 -1416.0000000000
4383 -1415.0000000000
4386 -1414.0000000000
4403 -1413.0000000000
4425 -1412.0000000000
4440 -1410.0000000000
4445 -1408.0000000000
4468 -1406.0000000000
4506 -1405.0000000000
4522 -1404.0000000000
4525 -1403.0000000000
4542 -1400.0000000000
4588 -1399.0000000000
4597 -1398.0000000000
4599 -1397.0000000000
4622 -1393.0000000000
4646 -1391.0000000000
4670 -1390.0000000000
4697 -1389.0000000000
4704 -1387.0000000000
4741 -1385.0000000000
4782 -1384.0000000000
4789 -1383.0000000000
4813 -1381.0000000000
4823 -1380.0000000000
4853 -1377.0000000000
4863 -1376.0000000000
4901 -1373.0000000000
4943 -1371.0000000000
4962 -1369.0000000000
4972 -1367.0000000000
4987 -1364.0000000000
5047 -1363.0000000000
5055 -1360.0000000000
5082 -1357.0000000000
5141 -1355.0000000000
5183 -1354.0000000000
5203 -1353.0000000000
5204 -1351.0000000000
5240 -1350.0000000000
5243 -1348.0000000000
5273 -1347.0000000000
5283 -1345.0000000000
5313 -1344.0000000000
5326 -1342.0000000000
5345 -1341.0000000000
5348 -1339.0000000000
5376 -1336.0000000000
5383 -1334.0000000000
5413 -1332.0000000000
5421 -1330.0000000000
5457 -1329.0000000000
5464 -1328.0000000000
5481 -1325.0000000000
5502 -1324.0000000000
5519 -1322.0000000000
5561 -1321.0000000000
5576 -1320.0000000000
5585 -1319.0000000000
5607 -1317.0000000000
5648 -1315.0000000000
5720 -1312.0000000000
5741 -1310.0000000000
5763 -1306.0000000000
5802 -1305.0000000000
5826 -1303.0000000000
5846 -1302.0000000000
5860 -1301.0000000000
5865 -1299.0000000000
5881 -1297.0000000000
5904 -1293.0000000000
5934 -1290.0000000000
6015 -1289.0000000000
6019 -1288.0000000000
6044 -1287.0000000000
6049 -1286.0000000000
6067 -1285.0000000000
6083 -1283.0000000000
6104 -1281.0000000000
6122 -1277.0000000000
6156 -1272.0000000000
6180 -1271.0000000000
6192 -1268.0000000000
6211 -1267.0000000000
6238 -1266.0000000000
6247 -1265.0000000000
6271 -1264.0000000000
6277 -1263.0000000000
6307 -1261.0000000000
6339 -1260.0000000000
6351 -1259.0000000000
6364 -1257.0000000000
6407 -1256.0000000000
6421 -1254.0000000000
6461 -1253.0000000000
6487 -1252.0000000000
6517 -1251.0000000000
6526 -1247.0000000000
6590 -1246.0000000000
6627 -1245.0000000000
6630 -1244.0000000000
6645 -1243.0000000000
6658 -1242.0000000000
6685 -1241.0000000000
6691 -1239.0000000000
6699 -1238.0000000000
6731 -1237.0000000000
6740 -1236.0000000000
6756 -1234.0000000000
6782 -1232.0000000000
6815 -1230.0000000000
6823 -1229.0000000000
6833 -1228.0000000000
6844 -1227.0000000000
6862 -1226.0000000000
6885 -1225.0000000000
6890 -1222.0000000000
6903 -1221.0000000000
6949 -1219.0000000000
6980 -1218.0000000000
6990 -1217.0000000000
7007 -1216.0000000000
7023 -1215.0000000000
7037 -1213.0000000000
7059 -1212.0000000000
7061 -1211.0000000000
7073 -1210.0000000000
7082 -1209.0000000000
7114 -1208.0000000000
7126 -1207.0000000000
7127 -1206.0000000000
7150 -1205.0000000000
7161 -1202.0000000000
7204 -1200.0000000000
7224 -1197.0000000000
7246 -1196.0000000000
7270 -1195.0000000000
7293 -1194.0000000000
7302 -1193.0000000000
7309 -1192.0000000000
7324 -1191.0000000000
7351 -1190.0000000000
7361 -1189.0000000000
7371 -1188.0000000000
7392 -1184.0000000000
7427 -1183.0000000000
7428 -1179.0000000000
7469 -1176.0000000000
7516 -1174.0000000000
7527 -1172.0000000000
7543 -1171.0000000000
7559 -1170.0000000000
7561 -1169.0000000000
7564 -1166.0000000000
7612 -1165.0000000000
7643 -1164.0000000000
7651 -1163.0000000000
7662 -1162.0000000000
7690 -1160.0000000000
7706 -1158.0000000000
7764 -1157.0000000000
7813 -1156.0000000000
7823 -1155.0000000000
7855 -1154.0000000000
7872 -1152.0000000000
7889 -1151.0000000000
7931 -1150.0000000000
7972 -1148.0000000000
7991 -1147.0000000000
7995 -1145.0000000000
8021 -1144.0000000000
8042 -1143.0000000000
8062 -1141.0000000000
8071 -1139.0000000000
8082 -1138.0000000000
8125 -1137.0000000000
8141 -1136.0000000000
8158 -1134.0000000000
8177 -1133.0000000000
8184 -1132.0000000000
8185 -1131.0000000000
8203 -1130.0000000000
8217 -1129.0000000000
8225 -1128.0000000000
8235 -1126.0000000000
8276 -1123.0000000000
8289 -1122.0000000000
8328 -1121.0000000000
8329 -1120.0000000000
8369 -1118.0000000000
8400 -1117.0000000000
8419 -1116.0000000000
8432 -1115.0000000000
8477 -1114.0000000000
8487 -1113.0000000000
8505 -1112.0000000000
8521 -1111.0000000000
8541 -1110.0000000000
8547 -1109.0000000000
8561 -1108.0000000000
8602 -1105.0000000000
8634 -1104.0000000000
8642 -1103.0000000000
8681 -1101.0000000000
8683 -1099.0000000000
8723 -1098.0000000000
8727 -1097.0000000000
8755 -1096.0000000000
8781 -1093.0000000000
8816 -1091.0000000000
8833 -1087.0000000000
8899 -1086.0000000000
8936 -1085.0000000000
8937 -1084.0000000000
8961 -1083.0000000000
8972 -1082.0000000000
8988 -1081.0000000000
9012 -1080.0000000000
9033 -1079.0000000000
9041 -1076.0000000000
9064 -1075.0000000000
9097 -1073.0000000000
9106 -1072.0000000000
9112 -1071.0000000000
9149 -1069.0000000000
9161 -1068.0000000000
9214 -1067.0000000000
9222 -1065.0000000000
9239 -1064.0000000000
9267 -1063.0000000000
9279 -1062.0000000000
9299 -1061.0000000000
9312 -1060.0000000000
9326 -1059.0000000000
9361 -1058.0000000000
9383 -1056.0000000000
9400 -1055.0000000000
9431 -1054.0000000000
9439 -1053.0000000000
9461 -1052.0000000000
9483 -1050.0000000000
9523 -1049.0000000000
9527 -1047.0000000000
9554 -1045.0000000000
9578 -1042.0000000000
9605 -1041.0000000000
9652 -1040.0000000000
9675 -1039.0000000000
9676 -1038.0000000000
9707 -1037.0000000000
9728 -1036.0000000000
9748 -1035.0000000000
9753 -1034.0000000000
9784 -1033.0000000000
9807 -1032.0000000000
9821 -1031.0000000000
9849 -1028.0000000000
9891 -1026.0000000000
9918 -1025.0000000000
9930 -1024.0000000000
9939 -1023.0000000000
9961 -1022.0000000000
9982 -1021.0000000000
9987 -1020.0000000000
10004 -1019.0000000000
10035 -1018.0000000000
10047 -1017.0000000000
10092 -1015.0000000000
10110 -1012.0000000000
10143 -1011.0000000000
10164 -1010.0000000000
10171 -1008.0000000000
10231 -1005.0000000000
10244 -1004.0000000000
10272 -1003.0000000000
10287 -1002.0000000000
10304 -1000.0000000000
10343 -999.0000000000
10375 -998.0000000000
10392 -997.0000000000
10418 -996.0000000000
10434 -993.0000000000
10510 -992.0000000000
10515 -990.0000000000
10565 -987.0000000000
10612 -986.0000000000
10644 -985.0000000000
10671 -984.0000000000
10674 -983.0000000000
10681 -982.0000000000
10696 -981.0000000000
10730 -980.0000000000
10748 -979.0000000000
10766 -978.0000000000
10781 -977.0000000000
10812 -976.0000000000
10824 -975.0000000000
10842 -974.0000000000
10861 -972.0000000000
10910 -971.0000000000
10921 -970.0000000000
10947 -968.0000000000
10986 -967.0000000000
11002 -966.0000000000
11024 -965.0000000000
11062 -964.0000000000
11069 -963.0000000000
11088 -961.0000000000
11094 -960.0000000000
11107 -959.0000000000
11130 -955.0000000000
11141 -954.0000000000
11187 -953.0000000000
11215 -952.0000000000
11237 -951.0000000000
11241 -949.0000000000
11260 -948.0000000000
11292 -947.0000000000
11304 -946.0000000000
11319 -945.0000000000
11341 -944.0000000000
11347 -942.0000000000
11365 -940.0000000000
11406 -938.0000000000
11445 -936.0000000000
11470 -935.0000000000
11504 -933.0000000000
11524 -932.0000000000
11549 -931.0000000000
11586 -930.0000000000
11608 -929.0000000000
11611 -928.0000000000
11617 -927.0000000000
11625 -926.0000000000
11647 -925.0000000000
11668 -924.0000000000
11676 -923.0000000000
11692 -922.0000000000
11704 -921.0000000000
11721 -920.0000000000
11754 -918.0000000000
11762 -917.0000000000
11794 -915.0000000000
11806 -913.0000000000
11889 -912.0000000000
11926 -910.0000000000
11944 -909.0000000000
11950 -907.0000000000
11967 -906.0000000000
12006 -905.0000000000
12037 -903.0000000000
12047 -902.0000000000
12062 -901.0000000000
12111 -899.0000000000
12131 -898.0000000000
12159 -896.0000000000
12171 -894.0000000000
12224 -892.0000000000
12254 -890.0000000000
12284 -887.0000000000
12323 -886.0000000000
12382 -885.0000000000
12392 -884.0000000000
12422 -883.0000000000
12429 -882.0000000000
12447 -881.0000000000
12451 -880.0000000000
12470 -879.0000000000
12505 -876.0000000000
12545 -875.0000000000
12563 -874.0000000000
12606 -871.0000000000
12639 -870.0000000000
12657 -868.0000000000
12683 -866.0000000000
12719 -865.0000000000
12744 -863.0000000000
12799 -861.0000000000
12841 -860.0000000000
12874 -859.0000000000
12890 -858.0000000000
12904 -857.0000000000
12931 -856.0000000000
12943 -855.0000000000
12973 -854.0000000000
13001 -852.0000000000
13025 -851.0000000000
13034 -850.0000000000
13043 -849.0000000000
13074 -847.0000000000
13084 -846.0000000000
13107 -845.0000000000
13121 -844.0000000000
13123 -843.0000000000
13147 -842.0000000000
13161 -841.0000000000
13163 -839.0000000000
13196 -838.0000000000
13212 -837.0000000000
13230 -835.0000000000
13254 -834.0000000000
13274 -833.0000000000
13281 -831.0000000000
13306 -830.0000000000
13344 -829.0000000000
13368 -828.0000000000
13373 -827.0000000000
13388 -826.0000000000
13391 -825.0000000000
13437 -824.0000000000
13444 -822.0000000000
13474 -821.0000000000
13509 -819.0000000000
13551 -817.0000000000
13560 -816.0000000000
13581 -814.0000000000
13606 -813.0000000000
13638 -812.0000000000
13669 -811.0000000000
13689 -810.0000000000
13690 -809.0000000000
13737 -808.0000000000
13742 -807.0000000000
13768 -806.0000000000
13776 -805.0000000000
13800 -803.0000000000
13854 -802.0000000000
13871 -801.0000000000
13898 -800.0000000000
13905 -799.0000000000
13947 -797.0000000000
13948 -796.0000000000
14000 -795.0000000000
14031 -792.0000000000
14073 -791.0000000000
14086 -790.0000000000
14089 -789.0000000000
14121 -786.0000000000
14168 -785.0000000000
14183 -784.0000000000
14206 -783.0000000000
14250 -782.0000000000
14262 -779.0000000000
14318 -778.0000000000
14344 -777.0000000000
14374 -776.0000000000
14419 -775.0000000000
14432 -774.0000000000
14456 -773.0000000000
14498 -772.0000000000
14509 -771.0000000000
14521 -769.0000000000
14563 -768.0000000000
14566 -767.0000000000
14590 -766.0000000000
14628 -765.0000000000
14660 -763.0000000000
14676 -762.0000000000
14694 -761.0000000000
14723 -760.0000000000
14747 -758.0000000000
14775 -757.0000000000
14808 -756.0000000000
14858 -755.0000000000
14860 -754.0000000000
14905 -753.0000000000
14906 -752.0000000000
14944 -751.0000000000
14952 -750.0000000000
14984 -748.0000000000
15005 -747.0000000000
15037 -745.0000000000
15042 -743.0000000000
15064 -742.0000000000
15113 -740.0000000000
15148 -739.0000000000
15168 -738.0000000000
15183 -737.0000000000
15213 -736.0000000000
15224 -735.0000000000
15266 -734.0000000000
15273 -733.0000000000
15281 -731.0000000000
15313 -730.0000000000
15320 -729.0000000000
15322 -728.0000000000
15355 -726.0000000000
15412 -725.0000000000
15450 -723.0000000000
15487 -722.0000000000
15509 -721.0000000000
15540 -720.0000000000
15557 -719.0000000000
15581 -718.0000000000
15613 -716.0000000000
15627 -715.0000000000
15649 -714.0000000000
15657 -713.0000000000
15689 -711.0000000000
15729 -710.0000000000
15738 -709.0000000000
15783 -708.0000000000
15789 -707.0000000000
15805 -706.0000000000
15822 -704.0000000000
15904 -702.0000000000
15926 -701.0000000000
15951 -700.0000000000
15961 -699.0000000000
15986 -698.0000000000
16045 -697.0000000000
16064 -696.0000000000
16098 -695.0000000000
16125 -693.0000000000
16177 -692.0000000000
16183 -691.0000000000
16212 -687.0000000000
16247 -686.0000000000
16276 -685.0000000000
16305 -682.0000000000
16341 -681.0000000000
16363 -680.0000000000
16371 -678.0000000000
16407 -677.0000000000
16419 -675.0000000000
16432 -674.0000000000
16463 -673.0000000000
16472 -671.0000000000
16490 -670.0000000000
16512 -668.0000000000
16546 -667.0000000000
16566 -666.0000000000
16592 -665.0000000000
16602 -663.0000000000
16670 -661.0000000000
16698 -659.0000000000
16721 -658.0000000000
16765 -657.0000000000
16785 -656.0000000000
16800 -655.0000000000
16820 -653.0000000000
16836 -652.0000000000
16862 -651.0000000000
16892 -650.0000000000
16911 -648.0000000000
16933 -647.0000000000
16968 -646.0000000000
16997 -645.0000000000
17024 -644.0000000000
17039 -643.0000000000
17073 -641.0000000000
17118 -640.0000000000
17128 -639.0000000000
17162 -638.0000000000
17181 -637.0000000000
17202 -636.0000000000
17226 -635.0000000000
17251 -634.0000000000
17271 -633.0000000000
17277 -632.0000000000
17305 -631.0000000000
17321 -629.0000000000
17371 -628.0000000000
17382 -627.0000000000
17413 -626.0000000000
17449 -625.0000000000
17465 -624.0000000000
17488 -623.0000000000
17540 -622.0000000000
17551 -621.0000000000
17583 -620.0000000000
17588 -619.0000000000
17607 -616.0000000000
17623 -614.0000000000
17664 -613.0000000000
17695 -612.0000000000
17735 -610.0000000000
17771 -609.0000000000
17807 -608.0000000000
17835 -606.0000000000
17863 -604.0000000000
17948 -603.0000000000
17952 -602.0000000000
17969 -601.0000000000
17997 -599.0000000000
18044 -598.0000000000
18063 -597.0000000000
18116 -596.0000000000
18130 -594.0000000000
18145 -593.0000000000
18187 -592.0000000000
18199 -591.0000000000
18201 -590.0000000000
18244 -589.0000000000
18274 -587.0000000000
18336 -586.0000000000
18337 -585.0000000000
18359 -584.0000000000
18374 -583.0000000000
18381 -582.0000000000
18408 -581.0000000000
18444 -580.0000000000
18462 -579.0000000000
18485 -577.0000000000
18519 -576.0000000000
18530 -575.0000000000
18574 -574.0000000000
18581 -573.0000000000
18622 -572.0000000000
18643 -571.0000000000
18661 -570.0000000000
18691 -569.0000000000
18711 -567.0000000000
18744 -566.0000000000
18813 -565.0000000000
18840 -564.0000000000
18883 -563.0000000000
18887 -562.0000000000
18929 -561.0000000000
18957 -560.0000000000
18966 -558.0000000000
19022 -557.0000000000
19048 -556.0000000000
19103 -555.0000000000
19126 -554.0000000000
19159 -553.0000000000
19188 -552.0000000000
19217 -551.0000000000
19269 -550.0000000000
19302 -548.0000000000
19331 -547.0000000000
19355 -545.0000000000
19407 -544.0000000000
19435 -543.0000000000
19436 -542.0000000000
19464 -541.0000000000
19502 -540.0000000000
19521 -538.0000000000
19566 -536.0000000000
19610 -535.0000000000
19631 -534.0000000000
19643 -533.0000000000
19665 -532.0000000000
19666 -531.0000000000
19701 -529.0000000000
19736 -528.0000000000
19765 -527.0000000000
19774 -526.0000000000
19794 -525.0000000000
19805 -523.0000000000
19830 -522.0000000000
19872 -520.0000000000
19894 -519.0000000000
19908 -518.0000000000
19922 -517.0000000000
19942 -516.0000000000
19961 -515.0000000000
19992 -514.0000000000
20010 -513.0000000000
20020 -512.0000000000
20048 -511.0000000000
20062 -509.0000000000
20142 -508.0000000000
20170 -507.0000000000
20182 -506.0000000000
20232 -505.0000000000
20260 -504.0000000000
20267 -503.0000000000
20302 -502.0000000000
20322 -501.0000000000
20365 -500.0000000000
20386 -499.0000000000
20420 -498.0000000000
20424 -497.0000000000
20465 -495.0000000000
20482 -494.0000000000
20512 -493.0000000000
20544 -492.0000000000
20572 -491.0000000000
20603 -490.0000000000
20662 -488.0000000000
20709 -487.0000000000
20721 -486.0000000000
20749 -485.0000000000
20766 -484.0000000000
20798 -482.0000000000
20848 -481.0000000000
20866 -479.0000000000
20917 -478.0000000000
20935 -477.0000000000
20944 -476.0000000000
20988 -475.0000000000
21019 -474.0000000000
21046 -473.0000000000
21061 -472.0000000000
21101 -471.0000000000
21119 -470.0000000000
21159 -469.0000000000
21167 -468.0000000000
21194 -467.0000000000
21209 -464.0000000000
21269 -463.0000000000
21310 -462.0000000000
21338 -461.0000000000
21377 -460.0000000000
21383 -458.0000000000
21458 -457.0000000000
21466 -456.0000000000
21520 -455.0000000000
21528 -454.0000000000
21563 -453.0000000000
21583 -452.0000000000
21605 -450.0000000000
21657 -449.0000000000
21672 -447.0000000000
21722 -446.0000000000
21741 -445.0000000000
21771 -444.0000000000
21801 -443.0000000000
21824 -441.0000000000
21845 -439.0000000000
21916 -437.0000000000
21996 -436.0000000000
22023 -435.0000000000
22050 -434.0000000000
22078 -432.0000000000
22091 -431.0000000000
22131 -430.0000000000
22192 -429.0000000000
22193 -428.0000000000
22218 -427.0000000000
22243 -426.0000000000
22262 -425.0000000000
22321 -424.0000000000
22326 -423.0000000000
22361 -420.0000000000
22426 -419.0000000000
22441 -418.0000000000
22469 -417.0000000000
22507 -416.0000000000
22528 -415.0000000000
22552 -414.0000000000
22591 -413.0000000000
22607 -411.0000000000
22662 -409.0000000000
22705 -408.0000000000
22718 -407.0000000000
22780 -406.0000000000
22781 -404.0000000000
22834 -403.0000000000
22861 -402.0000000000
22951 -401.0000000000
23018 -400.0000000000
23056 -399.0000000000
23108 -398.0000000000
23114 -397.0000000000
23161 -396.0000000000
23191 -395.0000000000
23221 -394.0000000000
23288 -393.0000000000
23326 -392.0000000000
23330 -391.0000000000
23351 -390.0000000000
23383 -389.0000000000
23423 -388.0000000000
23426 -387.0000000000
23462 -386.0000000000
23492 -385.0000000000
23523 -384.0000000000
23545 -382.0000000000
23579 -380.0000000000
23614 -379.0000000000
23642 -378.0000000000
23708 -377.0000000000
23734 -376.0000000000
23798 -375.0000000000
23858 -374.0000000000
23913 -373.0000000000
23953 -372.0000000000
23977 -371.0000000000
23997 -370.0000000000
24057 -369.0000000000
24060 -368.0000000000
24090 -367.0000000000
24152 -366.0000000000
24158 -365.0000000000
24228 -364.0000000000
24253 -363.0000000000
24287 -362.0000000000
24302 -360.0000000000
24342 -358.0000000000
24378 -357.0000000000
24401 -356.0000000000
24430 -355.0000000000
24479 -354.0000000000
24505 -353.0000000000
24568 -352.0000000000
24594 -351.0000000000
24649 -350.0000000000
24680 -349.0000000000
24706 -348.0000000000
24734 -347.0000000000
24742 -346.0000000000
24790 -345.0000000000
24820 -344.0000000000
24862 -343.0000000000
24870 -342.0000000000
24931 -341.0000000000
24936 -340.0000000000
24947 -339.0000000000
25012 -338.0000000000
25035 -337.0000000000
25103 -336.0000000000
25156 -335.0000000000
25189 -334.0000000000
25267 -333.0000000000
25282 -332.0000000000
25334 -331.0000000000
25371 -330.0000000000
25431 -329.0000000000
25497 -328.0000000000
25549 -326.0000000000
25596 -325.0000000000
25606 -324.0000000000
25650 -321.0000000000
25717 -320.0000000000
25741 -319.0000000000
25864 -318.0000000000
25903 -317.0000000000
25930 -316.0000000000
25994 -315.0000000000
26029 -314.0000000000
26076 -313.0000000000
26134 -312.0000000000
26146 -311.0000000000
26225 -310.0000000000
26264 -309.0000000000
26283 -308.0000000000
26353 -307.0000000000
26390 -306.0000000000
26391 -305.0000000000
26407 -304.0000000000
26455 -303.0000000000
26507 -301.0000000000
26528 -300.0000000000
26561 -299.0000000000
26583 -298.0000000000
26657 -297.0000000000
26697 -296.0000000000
26736 -295.0000000000
26810 -294.0000000000
26842 -293.0000000000
26880 -292.0000000000
26893 -291.0000000000
26937 -290.0000000000
27001 -289.0000000000
27029 -288.0000000000
27061 -287.0000000000
27152 -286.0000000000
27206 -285.0000000000
27219 -284.0000000000
27358 -283.0000000000
27412 -282.0000000000
27448 -281.0000000000
27476 -280.0000000000
27516 -279.0000000000
27527 -278.0000000000
27668 -277.0000000000
27681 -276.0000000000
27751 -274.0000000000
27806 -273.0000000000
27841 -272.0000000000
27861 -271.0000000000
27881 -270.0000000000
27946 -268.0000000000
28003 -267.0000000000
28046 -266.0000000000
28083 -265.0000000000
28101 -264.0000000000
28111 -263.0000000000
28146 -262.0000000000
28189 -261.0000000000
28203 -260.0000000000
28283 -259.0000000000
28370 -258.0000000000
28439 -257.0000000000
28477 -256.0000000000
28502 -255.0000000000
28542 -254.0000000000
28579 -253.0000000000
28586 -252.0000000000
28635 -251.0000000000
28651 -250.0000000000
28667 -249.0000000000
28688 -247.0000000000
28772 -246.0000000000
28808 -245.0000000000
28869 -244.0000000000
28908 -243.0000000000
28942 -242.0000000000
28987 -241.0000000000
29028 -239.0000000000
29097 -238.0000000000
29108 -237.0000000000
29198 -235.0000000000
29234 -234.0000000000
29293 -233.0000000000
29353 -232.0000000000
29362 -231.0000000000
29383 -230.0000000000
29468 -229.0000000000
29538 -228.0000000000
29554 -227.0000000000
29589 -226.0000000000
29602 -225.0000000000
29686 -224.0000000000
29727 -223.0000000000
29779 -222.0000000000
29797 -221.0000000000
29888 -220.0000000000
29930 -218.0000000000
30034 -217.0000000000
30075 -216.0000000000
30120 -215.0000000000
30165 -214.0000000000
30208 -213.0000000000
30240 -212.0000000000
30262 -210.0000000000
30296 -209.0000000000
30325 -208.0000000000
30397 -207.0000000000
30448 -206.0000000000
30503 -205.0000000000
30556 -204.0000000000
30604 -203.0000000000
30624 -202.0000000000
30662 -201.0000000000
30715 -200.0000000000
30753 -199.0000000000
30786 -198.0000000000
30847 -197.0000000000
30882 -196.0000000000
30941 -195.0000000000
30974 -194.0000000000
31083 -193.0000000000
31161 -192.0000000000
31207 -191.0000000000
31256 -190.0000000000
31266 -189.0000000000
31350 -188.0000000000
31477 -187.0000000000
31502 -186.0000000000
31540 -185.0000000000
31584 -184.0000000000
31718 -183.0000000000
31846 -182.0000000000
31903 -181.0000000000
32015 -180.0000000000
32076 -179.0000000000
32143 -178.0000000000
32182 -177.0000000000
32242 -176.0000000000
32258 -175.0000000000
32300 -174.0000000000
32325 -173.0000000000
32374 -172.0000000000
32401 -171.0000000000
32425 -170.0000000000
32498 -169.0000000000
32503 -167.0000000000
32597 -166.0000000000
32620 -165.0000000000
32684 -164.0000000000
32709 -163.0000000000
32752 -162.0000000000
32775 -161.0000000000
32788 -160.0000000000
32807 -159.0000000000
32875 -158.0000000000
32886 -157.0000000000
32979 -156.0000000000
33078 -155.0000000000
33151 -153.0000000000
33223 -152.0000000000
33254 -151.0000000000
33330 -150.0000000000
33390 -149.0000000000
33436 -148.0000000000
33471 -147.0000000000
33525 -146.0000000000
33571 -145.0000000000
33623 -144.0000000000
33684 -143.0000000000
33763 -142.0000000000
33796 -141.0000000000
33853 -139.0000000000
33873 -138.0000000000
33913 -137.0000000000
33930 -135.0000000000
33961 -134.0000000000
34030 -133.0000000000
34079 -132.0000000000
34127 -131.0000000000
34166 -130.0000000000
34192 -129.0000000000
34234 -128.0000000000
34263 -126.0000000000
34690 -125.0000000000
34926 -124.0000000000
35025 -123.0000000000
35390 -122.0000000000
35464 -121.0000000000
35545 -120.0000000000
35571 -119.0000000000
35685 -118.0000000000
35750 -116.0000000000
35811 -115.0000000000
35823 -114.0000000000
35919 -113.0000000000
36001 -112.0000000000
36068 -111.0000000000
36138 -110.0000000000
36273 -109.0000000000
36529 -108.0000000000
36559 -107.0000000000
36604 -106.0000000000
36770 -105.0000000000
36812 -104.0000000000
36883 -103.0000000000
36946 -102.0000000000
37015 -101.0000000000
37150 -100.0000000000
37192 -99.0000000000
37225 -98.0000000000
37295 -97.0000000000
37551 -96.0000000000
37575 -95.0000000000
37615 -94.0000000000
37658 -93.0000000000
37712 -92.0000000000
37765 -91.0000000000
37821 -90.0000000000
37892 -88.0000000000
37978 -87.0000000000
38061 -86.0000000000
38232 -85.0000000000
38410 -83.0000000000
38515 -82.0000000000
38839 -81.0000000000
38883 -80.0000000000
38936 -79.0000000000
38961 -78.0000000000
39007 -77.0000000000
39096 -76.0000000000
39197 -75.0000000000
39395 -74.0000000000
39449 -73.0000000000
39532 -72.0000000000
39604 -71.0000000000
39697 -70.0000000000
39759 -69.0000000000
39834 -68.0000000000
39881 -67.0000000000
40053 -66.0000000000
40346 -65.0000000000
40498 -64.0000000000
40831 -63.0000000000
41096 -62.0000000000
41231 -61.0000000000
41252 -60.0000000000
41487 -59.0000000000
41571 -58.0000000000
41603 -57.0000000000
41820 -56.0000000000
42170 -55.0000000000
42282 -54.0000000000
42372 -53.0000000000
42436 -52.0000000000
42465 -51.0000000000
42565 -50.0000000000
42962 -49.0000000000
43027 -48.0000000000
43623 -47.0000000000
43729 -46.0000000000
43843 -45.0000000000
44000 -44.0000000000
44083 -43.0000000000
44183 -42.0000000000
44322 -41.0000000000
44375 -40.0000000000
44422 -39.0000000000
44537 -38.0000000000
44616 -37.0000000000
44830 -36.0000000000
45041 -35.0000000000
45200 -34.0000000000
45221 -33.0000000000
45310 -32.0000000000
45519 -31.0000000000
45765 -30.0000000000
45977 -29.0000000000
46297 -28.0000000000
46504 -27.0000000000
47318 -26.0000000000
47427 -25.0000000000
47845 -24.0000000000
47946 -23.0000000000
48045 -22.0000000000
48143 -21.0000000000
48307 -20.0000000000
48403 -19.0000000000
48468 -18.0000000000
48624 -17.0000000000
49341 -16.0000000000
49623 -15.0000000000
50086 -14.0000000000
50360 -13.0000000000
50468 -12.0000000000
51813 -11.0000000000
53156 -10.0000000000
54518 -9.0000000000
54799 -8.0000000000
54869 -7.0000000000
55768 -6.0000000000
56052 -5.0000000000
56070 -4.0000000000
56393 -3.0000000000
56952 -2.0000000000
58201 -1.0000000000
58354 70.0500000000
58381 80.4700000000
58396 87.8400000000
58400 91.1200000000
58482 92.8800000000
58529 97.3400000000
59488 98.3900000000
59673 101.2300000000
60408 101.9400000000
63303 104.1700000000
100000 -2.0000000000
