evaluations raw_y
1 -2020.0000000000
2 -2013.0000000000
4 -2008.0000000000
6 -1998.0000000000
9 -1963.0000000000
10 -1952.0000000000
11 -1945.0000000000
30 -1944.0000000000
31 -1943.0000000000
37 -1911.0000000000
53 -1910.0000000000
63 -1891.0000000000
80 -1864.0000000000
104 -1863.0000000000
105 -1848.0000000000
127 -1841.0000000000
142 -1831.0000000000
153 -1823.0000000000
181 -1813.0000000000
192 -1805.0000000000
201 -1802.0000000000
221 -1801.0000000000
224 -1797.0000000000
231 -1782.0000000000
245 -1780.0000000000
271 -1777.0000000000
278 -1774.0000000000
282 -1767.0000000000
321 -1766.0000000000
329 -1765.0000000000
341 -1761.0000000000
352 -1760.0000000000
362 -1759.0000000000
381 -1753.0000000000
385 -1751.0000000000
394 -1747.0000000000
428 -1746.0000000000
448 -1743.0000000000
452 -1740.0000000000
488 -1737.0000000000
501 -1736.0000000000
505 -1735.0000000000
521 -1732.0000000000
527 -1731.0000000000
537 -1729.0000000000
551 -1725.0000000000
582 -1724.0000000000
583 -1723.0000000000
589 -1721.0000000000
606 -1720.0000000000
617 -1717.0000000000
629 -1715.0000000000
654 -1714.0000000000
657 -1712.0000000000
666 -1711.0000000000
682 -1710.0000000000
702 -1709.0000000000
713 -1708.0000000000
736 -1707.0000000000
745 -1705.0000000000
748 -1703.0000000000
766 -1700.0000000000
806 -1699.0000000000
824 -1696.0000000000
830 -1695.0000000000
844 -1692.0000000000
886 -1690.0000000000
896 -1689.0000000000
902 -1686.0000000000
930 -1685.0000000000
960 -1684.0000000000
983 -1683.0000000000
988 -1682.0000000000
996 -1681.0000000000
1006 -1680.0000000000
1029 -1678.0000000000
1057 -1677.0000000000
1063 -1675.0000000000
1093 -1674.0000000000
1120 -1671.0000000000
1131 -1670.0000000000
1142 -1669.0000000000
1163 -1668.0000000000
1165 -1667.0000000000
1181 -1666.0000000000
1198 -1665.0000000000
1222 -1664.0000000000
1241 -1663.0000000000
1255 -1662.0000000000
1265 -1660.0000000000
1278 -1659.0000000000
1323 -1654.0000000000
1342 -1653.0000000000
1385 -1652.0000000000
1395 -1651.0000000000
1419 -1649.0000000000
1431 -1648.0000000000
1442 -1647.0000000000
1444 -1646.0000000000
1464 -1645.0000000000
1481 -1644.0000000000
1508 -1642.0000000000
1530 -1641.0000000000
1561 -1639.0000000000
1565 -1636.0000000000
1586 -1634.0000000000
1628 -1633.0000000000
1642 -1630.0000000000
1669 -1629.0000000000
1685 -1627.0000000000
1696 -1626.0000000000
1722 -1622.0000000000
1743 -1619.0000000000
1745 -1617.0000000000
1793 -1616.0000000000
1806 -1614.0000000000
1861 -1613.0000000000
1883 -1612.0000000000
1894 -1611.0000000000
1908 -1610.0000000000
1945 -1609.0000000000
1958 -1608.0000000000
1968 -1607.0000000000
1969 -1605.0000000000
1981 -1604.0000000000
1990 -1603.0000000000
2001 -1600.0000000000
2041 -1598.0000000000
2064 -1597.0000000000
2070 -1594.0000000000
2105 -1591.0000000000
2132 -1590.0000000000
2142 -1589.0000000000
2154 -1588.0000000000
2156 -1586.0000000000
2183 -1585.0000000000
2190 -1584.0000000000
2209 -1582.0000000000
2219 -1581.0000000000
2221 -1580.0000000000
2233 -1578.0000000000
2267 -1576.0000000000
2283 -1574.0000000000
2290 -1572.0000000000
2321 -1571.0000000000
2325 -1570.0000000000
2351 -1569.0000000000
2365 -1567.0000000000
2408 -1565.0000000000
2410 -1564.0000000000
2447 -1563.0000000000
2449 -1561.0000000000
2469 -1560.0000000000
2482 -1558.0000000000
2530 -1557.0000000000
2534 -1556.0000000000
2551 -1554.0000000000
2563 -1552.0000000000
2612 -1551.0000000000
2617 -1550.0000000000
2624 -1547.0000000000
2642 -1546.0000000000
2664 -1545.0000000000
2685 -1544.0000000000
2692 -1543.0000000000
2702 -1542.0000000000
2717 -1541.0000000000
2723 -1540.0000000000
2741 -1539.0000000000
2752 -1538.0000000000
2766 -1537.0000000000
2785 -1535.0000000000
2802 -1534.0000000000
2827 -1533.0000000000
2842 -1532.0000000000
2863 -1531.0000000000
2877 -1528.0000000000
2894 -1527.0000000000
2901 -1525.0000000000
2934 -1524.0000000000
2944 -1523.0000000000
2949 -1522.0000000000
2950 -1520.0000000000
2970 -1519.0000000000
2996 -1518.0000000000
3001 -1517.0000000000
3009 -1515.0000000000
3034 -1514.0000000000
3046 -1512.0000000000
3074 -1511.0000000000
3077 -1510.0000000000
3083 -1508.0000000000
3107 -1507.0000000000
3133 -1506.0000000000
3141 -1505.0000000000
3144 -1502.0000000000
3167 -1499.0000000000
3182 -1496.0000000000
3221 -1494.0000000000
3236 -1493.0000000000
3251 -1492.0000000000
3264 -1491.0000000000
3271 -1490.0000000000
3313 -1489.0000000000
3323 -1488.0000000000
3343 -1487.0000000000
3345 -1486.0000000000
3349 -1485.0000000000
3354 -1484.0000000000
3365 -1483.0000000000
3390 -1482.0000000000
3393 -1480.0000000000
3408 -1478.0000000000
3460 -1477.0000000000
3478 -1475.0000000000
3504 -1470.0000000000
3544 -1469.0000000000
3570 -1466.0000000000
3621 -1465.0000000000
3627 -1464.0000000000
3641 -1463.0000000000
3651 -1462.0000000000
3671 -1461.0000000000
3672 -1460.0000000000
3691 -1458.0000000000
3705 -1457.0000000000
3708 -1455.0000000000
3757 -1454.0000000000
3764 -1452.0000000000
3779 -1451.0000000000
3801 -1450.0000000000
3810 -1449.0000000000
3834 -1448.0000000000
3841 -1447.0000000000
3844 -1446.0000000000
3863 -1445.0000000000
3883 -1444.0000000000
3896 -1443.0000000000
3915 -1441.0000000000
3925 -1440.0000000000
3949 -1438.0000000000
3957 -1436.0000000000
3996 -1435.0000000000
4001 -1434.0000000000
4012 -1432.0000000000
4029 -1431.0000000000
4041 -1430.0000000000
4073 -1427.0000000000
4106 -1425.0000000000
4107 -1424.0000000000
4124 -1420.0000000000
4154 -1419.0000000000
4181 -1417.0000000000
4189 -1416.0000000000
4201 -1415.0000000000
4223 -1412.0000000000
4248 -1411.0000000000
4265 -1410.0000000000
4268 -1407.0000000000
4310 -1405.0000000000
4341 -1402.0000000000
4382 -1401.0000000000
4387 -1400.0000000000
4402 -1399.0000000000
4437 -1398.0000000000
4443 -1396.0000000000
4466 -1395.0000000000
4471 -1394.0000000000
4485 -1392.0000000000
4512 -1390.0000000000
4531 -1388.0000000000
4543 -1387.0000000000
4582 -1386.0000000000
4586 -1383.0000000000
4619 -1382.0000000000
4622 -1381.0000000000
4641 -1380.0000000000
4654 -1379.0000000000
4660 -1378.0000000000
4662 -1377.0000000000
4682 -1376.0000000000
4686 -1375.0000000000
4689 -1374.0000000000
4702 -1373.0000000000
4727 -1372.0000000000
4735 -1369.0000000000
4758 -1368.0000000000
4766 -1367.0000000000
4783 -1366.0000000000
4804 -1363.0000000000
4838 -1360.0000000000
4854 -1359.0000000000
4872 -1355.0000000000
4912 -1354.0000000000
4921 -1352.0000000000
4935 -1349.0000000000
4957 -1348.0000000000
4985 -1347.0000000000
4995 -1346.0000000000
5015 -1345.0000000000
5023 -1344.0000000000
5050 -1342.0000000000
5068 -1341.0000000000
5108 -1338.0000000000
5125 -1337.0000000000
5128 -1336.0000000000
5143 -1335.0000000000
5161 -1334.0000000000
5181 -1333.0000000000
5203 -1331.0000000000
5212 -1330.0000000000
5259 -1329.0000000000
5262 -1328.0000000000
5274 -1325.0000000000
5284 -1323.0000000000
5331 -1322.0000000000
5352 -1321.0000000000
5382 -1319.0000000000
5424 -1318.0000000000
5428 -1317.0000000000
5452 -1316.0000000000
5455 -1314.0000000000
5467 -1313.0000000000
5488 -1312.0000000000
5522 -1311.0000000000
5527 -1309.0000000000
5562 -1308.0000000000
5582 -1306.0000000000
5601 -1305.0000000000
5629 -1304.0000000000
5631 -1299.0000000000
5697 -1297.0000000000
5735 -1295.0000000000
5758 -1294.0000000000
5771 -1293.0000000000
5789 -1292.0000000000
5801 -1291.0000000000
5808 -1290.0000000000
5818 -1289.0000000000
5837 -1288.0000000000
5841 -1287.0000000000
5867 -1286.0000000000
5868 -1285.0000000000
5885 -1282.0000000000
5921 -1281.0000000000
5941 -1280.0000000000
5963 -1278.0000000000
5969 -1277.0000000000
5984 -1274.0000000000
6028 -1272.0000000000
6046 -1271.0000000000
6066 -1270.0000000000
6091 -1269.0000000000
6104 -1266.0000000000
6115 -1265.0000000000
6123 -1263.0000000000
6128 -1262.0000000000
6164 -1261.0000000000
6181 -1259.0000000000
6184 -1257.0000000000
6210 -1254.0000000000
6224 -1253.0000000000
6245 -1251.0000000000
6278 -1249.0000000000
6300 -1248.0000000000
6311 -1243.0000000000
6363 -1242.0000000000
6376 -1240.0000000000
6391 -1239.0000000000
6401 -1238.0000000000
6426 -1237.0000000000
6442 -1236.0000000000
6448 -1235.0000000000
6471 -1234.0000000000
6485 -1233.0000000000
6507 -1232.0000000000
6517 -1231.0000000000
6522 -1229.0000000000
6542 -1228.0000000000
6569 -1226.0000000000
6601 -1224.0000000000
6628 -1222.0000000000
6649 -1221.0000000000
6687 -1219.0000000000
6706 -1217.0000000000
6738 -1216.0000000000
6745 -1215.0000000000
6755 -1213.0000000000
6798 -1212.0000000000
6807 -1211.0000000000
6811 -1209.0000000000
6867 -1208.0000000000
6878 -1206.0000000000
6899 -1205.0000000000
6920 -1204.0000000000
6931 -1203.0000000000
6950 -1202.0000000000
6982 -1200.0000000000
7010 -1199.0000000000
7018 -1198.0000000000
7027 -1196.0000000000
7070 -1195.0000000000
7072 -1194.0000000000
7101 -1193.0000000000
7102 -1192.0000000000
7131 -1191.0000000000
7160 -1189.0000000000
7175 -1188.0000000000
7182 -1187.0000000000
7209 -1186.0000000000
7216 -1184.0000000000
7233 -1182.0000000000
7289 -1181.0000000000
7296 -1180.0000000000
7301 -1177.0000000000
7342 -1175.0000000000
7368 -1174.0000000000
7376 -1173.0000000000
7398 -1171.0000000000
7434 -1170.0000000000
7456 -1169.0000000000
7459 -1168.0000000000
7466 -1166.0000000000
7494 -1163.0000000000
7506 -1161.0000000000
7537 -1160.0000000000
7545 -1159.0000000000
7562 -1158.0000000000
7598 -1157.0000000000
7622 -1156.0000000000
7627 -1154.0000000000
7650 -1153.0000000000
7683 -1152.0000000000
7696 -1150.0000000000
7704 -1149.0000000000
7726 -1146.0000000000
7748 -1145.0000000000
7774 -1144.0000000000
7787 -1143.0000000000
7805 -1142.0000000000
7817 -1140.0000000000
7840 -1139.0000000000
7847 -1137.0000000000
7869 -1136.0000000000
7892 -1135.0000000000
7893 -1134.0000000000
7905 -1133.0000000000
7933 -1132.0000000000
7941 -1131.0000000000
7961 -1129.0000000000
7985 -1127.0000000000
8027 -1125.0000000000
8042 -1124.0000000000
8057 -1123.0000000000
8068 -1122.0000000000
8089 -1120.0000000000
8122 -1119.0000000000
8148 -1118.0000000000
8168 -1117.0000000000
8186 -1116.0000000000
8195 -1114.0000000000
8227 -1113.0000000000
8245 -1112.0000000000
8293 -1111.0000000000
8306 -1110.0000000000
8323 -1109.0000000000
8360 -1107.0000000000
8390 -1106.0000000000
8413 -1105.0000000000
8427 -1104.0000000000
8437 -1103.0000000000
8441 -1102.0000000000
8481 -1101.0000000000
8513 -1099.0000000000
8521 -1097.0000000000
8560 -1096.0000000000
8569 -1094.0000000000
8610 -1092.0000000000
8647 -1091.0000000000
8668 -1090.0000000000
8690 -1089.0000000000
8703 -1087.0000000000
8704 -1086.0000000000
8731 -1085.0000000000
8747 -1084.0000000000
8749 -1082.0000000000
8783 -1081.0000000000
8802 -1080.0000000000
8825 -1079.0000000000
8832 -1077.0000000000
8865 -1074.0000000000
8898 -1070.0000000000
8954 -1069.0000000000
8959 -1067.0000000000
8981 -1066.0000000000
9021 -1065.0000000000
9046 -1063.0000000000
9057 -1062.0000000000
9063 -1060.0000000000
9105 -1059.0000000000
9122 -1057.0000000000
9149 -1054.0000000000
9161 -1052.0000000000
9184 -1051.0000000000
9203 -1049.0000000000
9244 -1048.0000000000
9247 -1047.0000000000
9278 -1044.0000000000
9314 -1042.0000000000
9334 -1041.0000000000
9345 -1040.0000000000
9350 -1039.0000000000
9369 -1038.0000000000
9385 -1036.0000000000
9396 -1033.0000000000
9411 -1032.0000000000
9426 -1031.0000000000
9469 -1030.0000000000
9486 -1029.0000000000
9501 -1028.0000000000
9515 -1027.0000000000
9519 -1026.0000000000
9521 -1025.0000000000
9531 -1024.0000000000
9561 -1023.0000000000
9604 -1022.0000000000
9612 -1021.0000000000
9626 -1020.0000000000
9646 -1019.0000000000
9685 -1018.0000000000
9703 -1017.0000000000
9719 -1016.0000000000
9723 -1015.0000000000
9743 -1014.0000000000
9758 -1012.0000000000
9785 -1011.0000000000
9790 -1010.0000000000
9816 -1009.0000000000
9826 -1008.0000000000
9847 -1007.0000000000
9893 -1005.0000000000
9923 -1004.0000000000
9942 -1003.0000000000
9961 -1002.0000000000
9984 -1001.0000000000
10000 -1001.0000000000
