evaluations raw_y
1 -2112857.0000000005
22 -2112779.0000000005
24 -2111840.0000000005
40 -2100759.0000000005
41 -2100758.0000000005
59 -2092609.0000000005
65 -2087656.0000000005
68 -2074553.0000000005
73 297434.4978628999
86 305018.9132146893
100 309093.0679857923
118 309604.7540509609
143 310656.4983989010
146 311869.9660251911
154 312314.0601230204
186 312640.3089287973
187 315468.2096014044
226 315489.8525305135
231 315622.0654928497
241 316376.2113558886
265 317210.6931061234
271 317229.4115713046
301 317342.1950163662
302 318377.2070538927
329 318652.8496081795
341 320377.8731916806
444 320570.4800970058
448 320614.6370575002
450 320673.6276677373
461 321025.0505583552
507 321060.8940398493
523 321503.6818353022
528 321503.7308939728
542 322021.5031809871
581 322113.9303526560
583 322157.0172675164
602 323229.2834597560
643 323473.8416491491
663 323595.2957497381
666 323671.6579783710
676 323894.1317045807
679 324077.0359701804
700 324424.0575203322
743 324847.6705394344
786 325179.2994895019
813 325750.6887423795
848 326628.5021074542
901 326811.1594543035
925 327463.6383340831
980 327972.6346807330
986 328095.1608544793
1029 328185.7810326044
1045 328332.2169464127
1051 328730.8173891401
1066 329106.5338142303
1109 329263.5671770395
1126 329839.2142887664
1154 329992.0262543659
1161 330618.5875725647
1201 330702.1933054694
1217 331109.0123571135
1221 331273.8561616301
1255 331797.3768693363
1307 332114.6636958465
1371 332529.5809908328
1415 333175.3657890569
1431 334001.9027969494
1463 334158.9521556910
1483 334179.6596472920
1506 334689.2231858823
1512 335132.0791664820
1526 335256.2043840289
1540 335327.0638371674
1542 335413.8911347271
1547 335530.0505381199
1555 335731.1932374518
1560 335785.1533412377
1584 336045.5860289262
1585 337096.2759959048
1604 338142.7795954364
1645 338712.9471641040
1664 338956.8595640730
1684 339734.9525391809
1744 340322.5911605070
1772 340523.3699273820
1780 340560.8380010777
1823 340952.4477288421
1843 340985.9300525891
1862 341376.1180814097
1865 341584.2247370077
1897 341737.9465012263
1904 342289.9652436031
1954 342586.7975502776
1964 342620.8418258258
1965 342832.6004396551
2023 343268.2583061978
2070 343826.8683653400
2087 343988.3005992765
2128 344308.6760814351
2178 344441.6832024967
2189 344659.0462122134
2237 345096.5320572493
2290 345646.4774628847
2358 345761.0924738791
2367 346020.6386429408
2387 346219.4418236539
2468 346422.2479649291
2478 346465.8973290202
2491 346659.5505817630
2498 346936.3265574718
2506 347274.9005827149
2562 347337.4230922253
2563 347438.4019488459
2581 347712.8270344774
2616 348191.9831083961
2679 348304.0491610919
2682 349277.2198837394
2708 349375.5146439026
2786 349730.5610018043
2793 349813.8750945132
2827 349922.0879037008
2859 349958.6979168986
2877 350532.5323673577
2941 350672.0035433212
2947 350866.2651162805
2982 351389.1891606528
2983 351673.4447964806
2986 351829.5041495279
3048 352199.6067001834
3053 352779.1746521674
3064 352815.3327055713
3112 353020.8839820664
3131 353292.3467466385
3141 353336.6075492362
3147 353663.0355262285
3169 353733.8454481281
3181 353749.4630338874
3197 354093.8540143269
3209 354130.4502960411
3223 354269.1206361877
3224 354352.1060892604
3237 354488.5446068863
3241 354596.2327554157
3270 355157.1552384578
3286 355488.7871094397
3329 355623.2422995725
3333 355634.6288890293
3347 356237.5313922075
3364 356429.2852467785
3374 356586.3902283997
3382 356966.6647711308
3421 357491.1135726875
3438 358410.2589502377
3445 358571.2065025686
3513 358631.9050928496
3554 359316.1571309748
3593 359360.6990473103
3603 359491.9651794839
3617 359534.1274844628
3625 359660.1841822148
3635 360044.5663307121
3688 360461.3617876223
3704 360859.6530801288
3742 360881.5745142283
3745 361829.8240539482
3883 361924.9897376455
3897 362658.3949068899
3953 362884.4267752198
3969 363223.2093985967
3982 363386.4288371116
4040 363820.3138353564
4054 364146.0992691476
4091 364356.8970911444
4106 364852.6774524722
4123 365199.9252087783
4140 365337.1482361319
4170 365907.0178034449
4202 365930.2088860109
4225 366169.3209258540
4287 366533.8315101046
4361 366722.7741326761
4380 366733.0975333386
4399 366923.7659380963
4421 367255.0562852795
4423 367894.2781514439
4519 367907.9037247656
4543 368147.1508118699
4564 368339.1277841080
4600 368721.6062594848
4649 368824.9272044359
4705 369006.0312037134
4706 369315.3991594191
4744 369515.2469666634
4797 369669.5767604758
4822 369739.4136869884
4829 369994.6495827751
4851 370064.4849907848
4869 370136.1973115909
4881 370309.2196812528
4886 370604.8943339775
4903 371322.9275005725
4925 371424.0969646502
4961 371738.8315698817
4989 371918.5191591388
4996 372263.3907597101
5017 372293.1540551914
5044 372325.4522799106
5045 372631.9011130041
5071 373661.9217468278
5101 374037.1980671564
5146 374142.5381181329
5165 374647.4387108936
5222 375192.5619947745
5268 375479.4321225986
5306 375643.7821970776
5341 376174.6315366768
5423 376569.3407955845
5519 376739.1597203539
5553 376936.6081650420
5569 377014.2834786359
5578 377456.3815975619
5642 377609.7090396366
5667 378229.0107091840
5690 378475.3030937621
5704 378594.8407031739
5750 378857.1464643598
5787 379222.9768972128
5790 379277.3198646766
5805 379536.8339405399
5826 379570.0240618970
5921 379596.5485386504
5953 379829.5021359840
6045 380105.5896870440
6117 380176.1079657465
6218 380213.8980306140
6230 380435.9904261186
6283 380765.9860079553
6350 380938.2871376625
6401 381253.9415832438
6453 381426.2473730209
6478 381504.7278461395
6502 381511.0654739311
6518 382035.3137454944
6522 382327.7578905099
6566 382916.8871169063
6594 383077.2646714489
6632 383334.1977302955
6638 383373.7661724694
6663 383826.0181961031
6706 384268.0527190843
6816 384505.2416753439
6818 384579.3692353000
6899 385178.0013505848
6919 385700.7657056996
6951 386240.3597952218
6974 386344.7165115672
6981 386992.9045549952
7046 387490.1808289988
7054 387819.1774879083
7065 387927.4356776293
7121 388770.3422191595
7190 388826.2871703984
7210 389097.9781061361
7213 389307.5812744228
7273 389541.1095154805
7283 390337.9653065611
7313 390405.1461111140
7341 390651.5167526815
7362 390943.4879757368
7412 391091.9505549829
7444 391214.7056366188
7501 391215.4416276999
7513 391811.0903298869
7528 391930.7624501381
7574 392508.1561360439
7638 392524.4888398948
7645 392793.1243379061
7694 392793.7949950469
7702 393065.8132711460
7727 393110.8071968195
7746 393151.5877436970
7777 393257.8697775450
7791 393486.8009969918
7856 393570.6409520907
7861 393733.6159161392
7891 393744.9076246734
7917 393954.5193966093
7948 393971.5457404487
7964 394579.8479795493
7997 394974.6395519761
8014 394989.0173294634
8028 395601.8444587599
8059 395938.5981567330
8064 396044.7245297449
8086 396116.0695840999
8104 396386.7016573022
8141 396414.1847600604
8189 396586.9261028342
8207 397151.0704948836
8282 397205.4152338113
8291 397349.9985942247
8315 397533.5724879305
8342 397889.2898777932
8388 397908.7788489881
8393 398339.0153176652
8459 398493.4089597128
8466 398622.9975998557
8478 398693.3596518566
8523 398975.3500064689
8559 399112.2064026344
8561 399176.2365193563
8572 399485.9680696794
8615 399835.1335915694
8624 399971.5656682533
8733 400183.6955521405
8785 400361.2940522135
8813 400565.6203920061
8825 400571.0036384523
8831 400699.5454330192
8842 401052.0968661692
8900 401091.6345101130
8908 401405.4644355344
8949 401529.0413712895
8956 401561.9052111391
8966 402047.5575738565
9020 402060.8315685765
9039 402210.7613234005
9055 402345.8390841677
9102 402452.2420534173
9131 402564.0273621568
9217 402758.1348690444
9230 403151.9479298918
9329 403916.2854274264
9388 404023.4083096710
9439 404417.9087477993
9504 404468.0856747865
9540 404593.8138876844
9558 404838.6367809240
9638 405068.4384872398
9649 405348.8003093447
9668 405589.4251147739
9769 406152.0648690971
9804 406201.5851626919
9846 406237.5376420448
9912 406436.2701572842
9949 406576.5420592963
9967 406803.4115480150
10037 407096.8094728222
10083 407477.9151679922
10087 407501.5553921746
10118 407548.4985978284
10121 407610.3023150159
10170 408083.5979439894
10194 408276.4453617313
10265 408605.4855161565
10283 408623.5372729679
10311 408687.9899847602
10326 408729.5511242821
10375 408943.9777073621
10397 409517.8614969215
10445 409789.2098784314
10474 409837.7585958873
10485 410088.2077014851
10517 410542.5362333902
10550 410732.2260689273
10583 410839.0101867136
10602 410871.9524872344
10625 411100.7121811869
10649 411345.8535467726
10657 411409.9499361075
10712 411555.8488102479
10812 411637.3567051737
10830 411838.6828860351
10852 411920.1921958112
11039 412255.6853772179
11061 412819.6295994918
11091 412835.0959671581
11123 413225.7698263617
11153 413739.4028366350
11244 413782.1835610715
11249 414003.4223401644
11251 414015.4971415169
11285 414030.7472471719
11288 414063.2490909031
11295 414088.6562989447
11302 414295.7975892856
11311 414927.3130040087
11337 415072.5083741008
11347 415328.5324212713
11396 415346.5970088905
11405 415479.7816263447
11415 416016.2026571467
11474 416042.1749223435
11483 416487.8764843766
11512 416793.2999717325
11579 416896.4147626170
11605 416929.7238496475
11706 417029.4258963038
11767 417158.1869327652
11770 417424.8035482240
11866 417637.8403466973
11917 417757.4707892295
11935 417986.5054393397
12053 417992.3919598972
12071 418140.5760270580
12104 418569.6972588726
12177 418691.8871056309
12185 418793.0807824212
12228 418844.1345435191
12230 419008.7274311940
12286 419131.7473458868
12293 419579.4962957632
12336 420250.0279446667
12358 420381.8873467941
12404 420685.7661491827
12477 421151.5555656039
12530 421246.5330426961
12662 421565.7128445292
12695 421776.4159533515
12746 421848.4837129997
12799 422011.5000891844
12832 422225.0813992042
12914 422714.1363487773
13164 422738.3483387364
13255 423109.6856050759
13452 423765.0597827550
13563 423912.1248911594
13590 424000.2507811313
13687 424027.0098307371
13729 424119.3125170724
13765 424197.7869039858
13819 424701.7295906991
13843 424873.8448544352
13883 424899.9848562357
13890 425165.0536972771
13963 425416.1925470520
14029 425734.3993874438
14123 425824.4839013456
14126 425862.7824825873
14352 426297.6067637551
14419 426332.3369714555
14422 426680.0037737275
14481 426780.3814245331
14490 427933.7129776558
14580 428271.6219589001
14620 428485.8697128808
14677 428528.2026280680
14711 428646.4886334065
14755 428683.9485742780
14791 428726.3414884076
14930 428800.1993290868
14971 429106.8244107735
14994 429195.9392554202
15111 429717.1343504136
15162 429741.1044612994
15163 429829.7980168936
15199 429853.5503813010
15243 429853.7682573654
15249 429951.9626131367
15252 430025.8331958302
15259 430520.0503308180
15263 430859.5296931326
15352 430996.1748468117
15393 431036.2410682779
15396 431054.6604352387
15408 431099.8252421259
15440 431474.6974730347
15461 431824.3638724816
15788 432219.5469844940
15809 432500.3035681652
15932 433039.2518563001
16011 433068.9899060707
16025 433420.6634839096
16098 433520.9645397791
16167 433636.7181389964
16188 433647.7841702149
16198 433697.5494467691
16272 433797.8467766222
16287 433845.6106040673
16345 433912.7667492051
16365 434006.7401778453
16374 434031.4202593032
16412 434070.0061527892
16453 434226.6746697711
16475 434349.1135682158
16491 434358.2923347896
16511 434430.5060354395
16542 434505.2737438926
16560 434648.1407153370
16571 434913.9885218510
16593 435052.2043082850
16618 435383.6944300573
16667 435491.8868274583
16712 435552.7519140021
16815 435660.9154452282
16915 435699.8721250610
16918 435955.9019178163
17046 435976.1883383614
17056 436213.9367834943
17386 436262.7759057500
17389 436334.4607855162
17534 436842.1746670438
17636 437067.3045103573
17722 437141.2268858875
17821 437622.3165059615
17846 437777.1957591191
17996 438352.0960615359
18121 438363.1000919033
18387 438638.8989633473
18686 438926.1402290841
18724 439149.1347676900
18814 439388.4646256504
18887 439744.2754575470
18932 439786.0136903105
19015 439886.0664740344
19021 440414.7473907311
19403 440790.6034162892
19477 440847.7729072518
19515 440873.1434753810
19521 441226.2875760611
19525 441253.4141737059
19579 441621.7768714496
19592 441841.8374985484
19609 442121.1093506723
19626 442403.3356912970
19778 442433.0689080490
19792 442577.3309657067
19904 442799.7592199759
19958 442977.8760948913
19961 443203.1435439513
20017 443275.5993226023
20078 443296.0245525952
20137 443470.5888167330
20171 443495.1255986742
20186 443620.7841878528
20194 443729.1759728540
20205 443775.0166253208
20247 443883.3633127311
20322 444438.0998342126
20472 444488.6831702893
20487 444909.6197685066
20599 445128.4159550648
20655 445587.1707473252
20751 445669.4784166791
20753 445770.1699309350
20790 446426.0455266206
20950 446580.8299132116
21056 446768.6388514928
21112 446906.3324893534
21315 446939.5341092049
21384 446972.6045226292
21385 447070.4617792626
21489 447136.7299719005
21558 447161.9602604345
21672 447460.0404374296
21754 447590.1610220082
21853 447856.8166531454
22145 447860.7676718323
22373 447895.4124119563
22534 447898.1101026234
22560 447986.9837877834
22579 448080.4843455562
22604 448202.7092699495
22658 448342.1186345959
22828 448362.4214905184
22863 448757.0250242508
22938 448883.9978680567
22941 449323.3349071034
23000 449450.2973236129
23101 449530.9463242566
23107 449734.6479115473
23179 450005.8741129599
23181 450110.6151725600
23254 450158.9005290401
23390 450242.9677811770
23473 450373.7612185784
23509 450559.1224169746
23799 450667.5031124217
24006 450689.8979064100
24020 450968.4803129787
24137 450990.8744633408
24156 451082.4868038206
24203 451196.2248313807
24212 451294.2095869427
24236 451368.1431568086
24418 451675.3479174285
24482 451679.3272139786
24495 451881.0165380025
24651 452061.4556849145
24722 452087.0964327399
24772 452385.9033911548
24792 452674.2946936696
24929 452722.2598629842
24935 452793.9798215253
25009 452807.3647551620
25027 452845.8679958960
25064 453175.5025599295
25126 453381.5358310391
25255 453633.4517454393
25284 453635.3094743459
25289 453681.1806671272
25301 453701.3635394984
25371 453721.6764354738
25403 453753.1231528667
25453 453911.2614740845
25467 454284.5183555412
25612 454343.7473465215
25625 454567.5363805319
26142 454798.5376188918
26210 454994.8999865483
26370 455081.1526530917
26441 455106.7444938585
26478 455249.0263140324
26503 455533.0784931335
26660 455705.7369947653
26751 456025.4538998008
26859 456291.4751020808
26943 456625.4651814161
27194 456846.1164091440
27302 457138.5693629168
27432 457179.4889169232
27442 457193.8124567529
27487 457622.0410957211
27657 457657.6648956799
27766 457870.5897362822
27868 458136.0142950179
28043 458158.1918629348
28081 458202.8735356770
28093 458268.0567979335
28095 458345.8638735010
28103 458561.3289977950
28179 458730.7588536881
28524 458834.9966131001
28584 458864.1911481499
28758 458914.8673917064
28953 458961.1748467897
29077 459127.7664868652
29183 459130.4376344971
29310 459239.7213905226
29339 459448.9082892890
29397 459552.6115120605
29449 459849.6234238005
29461 459913.6819119669
29573 459977.2088055420
29793 460270.3792118392
29908 460416.4810520643
30050 460475.3686215434
30302 460750.6730188698
30379 460893.4082929394
30433 461168.7265887824
30540 461277.7143794082
30643 461402.4658815975
31252 461437.2865350598
31395 461608.6336303662
31486 461675.9981319882
31524 461689.5038166186
31598 461807.8558387682
31899 461814.7959863897
31901 461817.1125042360
31984 462138.1282700320
32091 462147.3850790287
32219 462353.2394213299
32294 462556.0731270016
32343 462634.3142085622
32556 462837.1479300178
32913 462841.6813725728
33006 462962.9460416154
33034 463152.7448713396
33220 463286.3606472138
33319 463482.9924974837
33356 463527.4374818931
33373 463724.1617060322
33990 463845.7503312053
34288 464000.7351907174
34334 464047.0354507008
34394 464144.4774677376
34567 464243.0396805461
34605 464266.4648623401
34612 464372.7424879932
34632 464456.9509374219
34700 464485.7684961419
34716 464578.9383840044
34737 464850.6657930869
34806 464954.4275596256
34962 465000.4369203050
35228 465216.3875334767
35323 465462.8698966618
35477 465618.1480526379
35551 465843.6138486272
35680 465888.9636069224
35818 466017.7212284152
36575 466038.4287506932
36665 466089.2962966221
36682 466140.2256676435
36849 466178.2638824792
36905 466443.3229079021
37372 466613.1185152782
37852 466824.5099850908
37939 466880.1038894054
37979 467094.2048778238
38030 467124.8048250217
38037 467192.7905671097
38076 467529.5767565299
38328 467972.2854325097
38359 468127.2482801772
38488 468302.5287165640
38584 468675.4355279711
40310 468719.5151178906
40594 468727.6441311538
40667 469160.1992247576
41252 469193.1976855969
41376 469218.9987373690
41520 469261.1178965011
41765 469391.9970534475
41857 469569.7688270501
42090 469632.4032499710
42443 469708.9757550611
42968 469771.2520925550
43325 469803.4887516371
43595 469815.6073351610
44154 469838.6854062074
44222 469941.4868173816
44259 469957.6831157479
44380 470033.1592778620
44596 470384.1868257275
44843 470397.2208631561
44946 470433.8541035879
45015 470766.0056168566
45873 470895.6170659813
45926 471152.6892452830
46529 471210.7085565582
47038 471396.9862387801
47119 471647.3670993192
47408 472000.7625801934
47959 472002.4635004505
47979 472068.3606462873
48036 472325.4669917456
48637 472360.0408745656
49214 472675.9763104559
49509 472932.9134517828
50541 473076.8660044619
50661 473184.1525341597
52542 473207.0029015397
52578 473304.2194038128
53177 473351.6694315562
53242 473392.9139799277
53574 473457.9658997083
54107 473460.3294942243
54132 473514.2145511128
54251 473526.7056013279
54300 473749.6193177910
54725 473768.9216393210
54938 473961.3651209666
54946 473977.3959197238
55134 474041.9986383383
55236 474080.2599680630
55666 474096.8032027096
55988 474187.2027340162
56110 474216.8098038898
56709 474235.4885739168
57188 474279.1101432902
57300 474340.1016263333
58253 474394.1764822493
60093 474395.1300010296
60545 474463.6924956350
61383 474492.6061172545
61456 474560.3448427747
61465 474592.8341225054
61524 474611.1395014415
61580 474790.7231232543
61890 474807.2030672405
62767 474881.7496154975
62800 475043.9714005619
64020 475119.6107929690
65629 475153.0412985234
66165 475238.9815200675
66268 475293.4373550713
66414 475345.1883170281
68437 475386.1204989054
69732 475415.0087500191
70126 475533.6156971157
71306 475699.8238687886
72704 475738.5112773921
72803 475837.7114746008
73257 475889.8021843383
73952 476281.2146623714
74028 476476.4524977500
74135 476497.1264855192
74210 476499.9988859236
74228 476516.0611982697
74768 476539.4291799320
76260 476579.7178638453
76263 476600.1832844999
76575 476605.6645584765
76781 476755.7303280789
77540 476800.6796026009
79334 476842.0389766704
79584 476853.5871649985
80204 476905.4683780621
80554 476997.6254782186
80953 477022.8859656725
81986 477159.1487311437
82469 477237.6429920557
82501 477294.0740183239
82529 477326.1088788104
82541 477358.1942171888
82551 477394.3532258657
83707 477534.1600099409
85135 477831.5763091352
85457 477896.9113025219
91170 477905.9650895480
91388 477922.2113559763
96909 478050.2078786205
97520 478158.1734212466
99913 478181.1206074803
100000 478158.1734212466
