evaluations raw_y
1 -1923.0000000000
4 -1922.0000000000
7 -1921.0000000000
18 -1920.0000000000
21 -1919.0000000000
23 -1918.0000000000
30 -1916.0000000000
33 -1915.0000000000
34 -1914.0000000000
36 -1912.0000000000
38 -1911.0000000000
39 -1910.0000000000
40 -1909.0000000000
47 -1908.0000000000
60 -1907.0000000000
61 -1906.0000000000
67 -1904.0000000000
69 -1903.0000000000
73 -1902.0000000000
76 -1901.0000000000
81 -1900.0000000000
82 -1898.0000000000
87 -1896.0000000000
89 -1895.0000000000
91 -1894.0000000000
93 -1893.0000000000
95 -1890.0000000000
98 -1889.0000000000
99 -1888.0000000000
103 -1885.0000000000
105 -1884.0000000000
111 -1883.0000000000
113 -1882.0000000000
126 -1881.0000000000
132 -1879.0000000000
138 -1878.0000000000
139 -1876.0000000000
140 -1875.0000000000
141 -1874.0000000000
143 -1873.0000000000
152 -1872.0000000000
155 -1871.0000000000
161 -1870.0000000000
166 -1869.0000000000
169 -1868.0000000000
174 -1867.0000000000
177 -1866.0000000000
180 -1865.0000000000
181 -1864.0000000000
190 -1863.0000000000
193 -1862.0000000000
200 -1860.0000000000
203 -1859.0000000000
204 -1857.0000000000
207 -1856.0000000000
210 -1854.0000000000
214 -1853.0000000000
224 -1852.0000000000
235 -1850.0000000000
237 -1849.0000000000
238 -1848.0000000000
239 -1846.0000000000
241 -1845.0000000000
250 -1844.0000000000
251 -1843.0000000000
261 -1842.0000000000
263 -1841.0000000000
265 -1840.0000000000
268 -1838.0000000000
272 -1837.0000000000
273 -1836.0000000000
277 -1835.0000000000
283 -1834.0000000000
284 -1833.0000000000
293 -1832.0000000000
294 -1831.0000000000
297 -1830.0000000000
303 -1827.0000000000
311 -1826.0000000000
312 -1825.0000000000
317 -1824.0000000000
333 -1823.0000000000
338 -1822.0000000000
339 -1821.0000000000
344 -1820.0000000000
351 -1818.0000000000
358 -1817.0000000000
359 -1816.0000000000
366 -1815.0000000000
368 -1814.0000000000
371 -1813.0000000000
374 -1812.0000000000
375 -1811.0000000000
378 -1810.0000000000
379 -1809.0000000000
385 -1808.0000000000
386 -1806.0000000000
387 -1805.0000000000
389 -1804.0000000000
393 -1803.0000000000
399 -1802.0000000000
408 -1801.0000000000
410 -1800.0000000000
413 -1799.0000000000
417 -1798.0000000000
421 -1796.0000000000
422 -1794.0000000000
423 -1792.0000000000
424 -1791.0000000000
426 -1790.0000000000
429 -1789.0000000000
431 -1788.0000000000
435 -1787.0000000000
437 -1786.0000000000
441 -1785.0000000000
442 -1784.0000000000
443 -1783.0000000000
446 -1782.0000000000
449 -1781.0000000000
456 -1777.0000000000
460 -1776.0000000000
461 -1775.0000000000
462 -1774.0000000000
469 -1773.0000000000
471 -1772.0000000000
473 -1771.0000000000
479 -1769.0000000000
481 -1768.0000000000
489 -1767.0000000000
493 -1766.0000000000
495 -1765.0000000000
497 -1764.0000000000
501 -1763.0000000000
509 -1762.0000000000
511 -1761.0000000000
518 -1760.0000000000
523 -1759.0000000000
524 -1758.0000000000
528 -1757.0000000000
530 -1756.0000000000
541 -1755.0000000000
546 -1754.0000000000
555 -1752.0000000000
558 -1750.0000000000
559 -1749.0000000000
562 -1748.0000000000
565 -1747.0000000000
570 -1746.0000000000
571 -1745.0000000000
572 -1743.0000000000
575 -1742.0000000000
576 -1741.0000000000
580 -1739.0000000000
581 -1737.0000000000
582 -1735.0000000000
583 -1734.0000000000
585 -1733.0000000000
587 -1732.0000000000
589 -1731.0000000000
591 -1730.0000000000
593 -1729.0000000000
595 -1728.0000000000
602 -1727.0000000000
609 -1726.0000000000
610 -1725.0000000000
615 -1724.0000000000
620 -1722.0000000000
623 -1720.0000000000
637 -1719.0000000000
643 -1717.0000000000
646 -1716.0000000000
651 -1715.0000000000
652 -1714.0000000000
654 -1713.0000000000
658 -1712.0000000000
663 -1711.0000000000
665 -1709.0000000000
666 -1707.0000000000
683 -1706.0000000000
686 -1705.0000000000
687 -1704.0000000000
688 -1703.0000000000
691 -1702.0000000000
695 -1701.0000000000
705 -1700.0000000000
706 -1699.0000000000
708 -1698.0000000000
721 -1696.0000000000
724 -1695.0000000000
729 -1694.0000000000
735 -1692.0000000000
741 -1691.0000000000
744 -1690.0000000000
748 -1689.0000000000
749 -1687.0000000000
761 -1686.0000000000
767 -1685.0000000000
774 -1684.0000000000
777 -1683.0000000000
783 -1682.0000000000
791 -1681.0000000000
793 -1680.0000000000
802 -1679.0000000000
808 -1678.0000000000
821 -1677.0000000000
824 -1676.0000000000
826 -1675.0000000000
835 -1674.0000000000
837 -1673.0000000000
843 -1671.0000000000
846 -1670.0000000000
851 -1669.0000000000
863 -1668.0000000000
866 -1667.0000000000
868 -1666.0000000000
870 -1664.0000000000
873 -1663.0000000000
874 -1662.0000000000
877 -1661.0000000000
879 -1660.0000000000
888 -1658.0000000000
889 -1657.0000000000
893 -1656.0000000000
894 -1655.0000000000
899 -1654.0000000000
900 -1653.0000000000
902 -1652.0000000000
904 -1651.0000000000
906 -1650.0000000000
923 -1649.0000000000
927 -1647.0000000000
928 -1646.0000000000
930 -1643.0000000000
931 -1642.0000000000
936 -1641.0000000000
937 -1640.0000000000
938 -1638.0000000000
939 -1637.0000000000
943 -1635.0000000000
946 -1634.0000000000
947 -1633.0000000000
949 -1632.0000000000
950 -1631.0000000000
954 -1629.0000000000
956 -1628.0000000000
957 -1627.0000000000
958 -1625.0000000000
961 -1624.0000000000
964 -1623.0000000000
969 -1621.0000000000
975 -1620.0000000000
980 -1618.0000000000
987 -1617.0000000000
991 -1616.0000000000
993 -1614.0000000000
999 -1613.0000000000
1007 -1612.0000000000
1012 -1610.0000000000
1015 -1609.0000000000
1016 -1608.0000000000
1018 -1607.0000000000
1026 -1606.0000000000
1027 -1605.0000000000
1041 -1604.0000000000
1044 -1603.0000000000
1045 -1602.0000000000
1054 -1601.0000000000
1058 -1600.0000000000
1060 -1599.0000000000
1064 -1597.0000000000
1078 -1596.0000000000
1082 -1595.0000000000
1083 -1594.0000000000
1086 -1592.0000000000
1092 -1590.0000000000
1093 -1589.0000000000
1098 -1587.0000000000
1103 -1584.0000000000
1105 -1583.0000000000
1120 -1582.0000000000
1126 -1581.0000000000
1128 -1580.0000000000
1139 -1578.0000000000
1148 -1577.0000000000
1149 -1576.0000000000
1150 -1575.0000000000
1156 -1574.0000000000
1158 -1573.0000000000
1167 -1572.0000000000
1168 -1570.0000000000
1170 -1569.0000000000
1171 -1568.0000000000
1175 -1567.0000000000
1181 -1566.0000000000
1185 -1565.0000000000
1203 -1564.0000000000
1213 -1563.0000000000
1219 -1562.0000000000
1227 -1561.0000000000
1232 -1558.0000000000
1238 -1557.0000000000
1240 -1556.0000000000
1244 -1555.0000000000
1253 -1554.0000000000
1258 -1553.0000000000
1259 -1552.0000000000
1270 -1551.0000000000
1273 -1550.0000000000
1276 -1549.0000000000
1279 -1548.0000000000
1289 -1546.0000000000
1296 -1545.0000000000
1300 -1544.0000000000
1301 -1543.0000000000
1302 -1542.0000000000
1305 -1539.0000000000
1307 -1538.0000000000
1308 -1537.0000000000
1310 -1536.0000000000
1319 -1535.0000000000
1325 -1534.0000000000
1334 -1531.0000000000
1335 -1528.0000000000
1336 -1527.0000000000
1344 -1526.0000000000
1350 -1525.0000000000
1353 -1524.0000000000
1356 -1523.0000000000
1361 -1522.0000000000
1362 -1521.0000000000
1366 -1520.0000000000
1369 -1519.0000000000
1372 -1518.0000000000
1390 -1516.0000000000
1392 -1515.0000000000
1395 -1514.0000000000
1408 -1513.0000000000
1409 -1511.0000000000
1411 -1510.0000000000
1414 -1509.0000000000
1417 -1508.0000000000
1419 -1507.0000000000
1421 -1506.0000000000
1422 -1505.0000000000
1428 -1504.0000000000
1429 -1503.0000000000
1431 -1502.0000000000
1440 -1500.0000000000
1445 -1499.0000000000
1448 -1498.0000000000
1450 -1497.0000000000
1452 -1494.0000000000
1454 -1493.0000000000
1455 -1491.0000000000
1456 -1490.0000000000
1463 -1489.0000000000
1464 -1488.0000000000
1468 -1487.0000000000
1478 -1486.0000000000
1495 -1484.0000000000
1500 -1483.0000000000
1501 -1480.0000000000
1509 -1479.0000000000
1513 -1478.0000000000
1514 -1477.0000000000
1515 -1476.0000000000
1519 -1475.0000000000
1520 -1474.0000000000
1521 -1473.0000000000
1528 -1472.0000000000
1531 -1471.0000000000
1537 -1469.0000000000
1542 -1468.0000000000
1550 -1467.0000000000
1562 -1465.0000000000
1563 -1463.0000000000
1565 -1462.0000000000
1570 -1461.0000000000
1576 -1460.0000000000
1578 -1459.0000000000
1582 -1458.0000000000
1583 -1457.0000000000
1602 -1456.0000000000
1616 -1455.0000000000
1620 -1453.0000000000
1624 -1451.0000000000
1635 -1450.0000000000
1636 -1449.0000000000
1639 -1447.0000000000
1641 -1446.0000000000
1642 -1445.0000000000
1644 -1444.0000000000
1646 -1443.0000000000
1647 -1442.0000000000
1651 -1440.0000000000
1655 -1439.0000000000
1662 -1437.0000000000
1664 -1436.0000000000
1668 -1435.0000000000
1677 -1434.0000000000
1681 -1433.0000000000
1682 -1432.0000000000
1686 -1431.0000000000
1705 -1430.0000000000
1716 -1429.0000000000
1721 -1428.0000000000
1731 -1426.0000000000
1734 -1425.0000000000
1752 -1424.0000000000
1754 -1423.0000000000
1758 -1422.0000000000
1759 -1420.0000000000
1764 -1417.0000000000
1774 -1415.0000000000
1776 -1414.0000000000
1780 -1413.0000000000
1805 -1412.0000000000
1813 -1411.0000000000
1819 -1410.0000000000
1826 -1409.0000000000
1828 -1408.0000000000
1830 -1406.0000000000
1836 -1405.0000000000
1848 -1404.0000000000
1852 -1403.0000000000
1854 -1402.0000000000
1856 -1401.0000000000
1861 -1400.0000000000
1863 -1399.0000000000
1872 -1398.0000000000
1874 -1397.0000000000
1879 -1396.0000000000
1896 -1394.0000000000
1910 -1393.0000000000
1911 -1392.0000000000
1913 -1390.0000000000
1944 -1389.0000000000
1951 -1386.0000000000
1955 -1385.0000000000
1958 -1384.0000000000
1960 -1382.0000000000
1966 -1381.0000000000
1967 -1380.0000000000
1975 -1379.0000000000
1982 -1378.0000000000
1987 -1377.0000000000
1994 -1376.0000000000
1997 -1375.0000000000
2000 -1374.0000000000
2006 -1373.0000000000
2007 -1372.0000000000
2008 -1371.0000000000
2014 -1370.0000000000
2018 -1369.0000000000
2042 -1368.0000000000
2048 -1367.0000000000
2055 -1366.0000000000
2061 -1365.0000000000
2068 -1364.0000000000
2071 -1363.0000000000
2074 -1362.0000000000
2075 -1360.0000000000
2083 -1359.0000000000
2087 -1358.0000000000
2088 -1357.0000000000
2092 -1355.0000000000
2102 -1354.0000000000
2107 -1353.0000000000
2114 -1352.0000000000
2115 -1351.0000000000
2116 -1350.0000000000
2117 -1349.0000000000
2125 -1348.0000000000
2126 -1346.0000000000
2131 -1344.0000000000
2135 -1342.0000000000
2145 -1341.0000000000
2150 -1338.0000000000
2151 -1337.0000000000
2158 -1336.0000000000
2161 -1335.0000000000
2167 -1334.0000000000
2171 -1332.0000000000
2172 -1330.0000000000
2182 -1329.0000000000
2189 -1328.0000000000
2191 -1327.0000000000
2194 -1326.0000000000
2195 -1325.0000000000
2198 -1324.0000000000
2200 -1323.0000000000
2203 -1322.0000000000
2207 -1321.0000000000
2213 -1320.0000000000
2215 -1319.0000000000
2223 -1318.0000000000
2235 -1317.0000000000
2237 -1316.0000000000
2239 -1315.0000000000
2241 -1314.0000000000
2245 -1312.0000000000
2251 -1310.0000000000
2255 -1309.0000000000
2256 -1308.0000000000
2259 -1307.0000000000
2260 -1306.0000000000
2271 -1305.0000000000
2273 -1304.0000000000
2282 -1303.0000000000
2285 -1301.0000000000
2290 -1300.0000000000
2297 -1299.0000000000
2300 -1298.0000000000
2306 -1297.0000000000
2317 -1296.0000000000
2318 -1295.0000000000
2322 -1294.0000000000
2339 -1293.0000000000
2348 -1292.0000000000
2362 -1290.0000000000
2364 -1289.0000000000
2366 -1288.0000000000
2369 -1287.0000000000
2371 -1286.0000000000
2381 -1285.0000000000
2389 -1284.0000000000
2390 -1283.0000000000
2400 -1282.0000000000
2408 -1281.0000000000
2411 -1280.0000000000
2418 -1279.0000000000
2422 -1278.0000000000
2423 -1276.0000000000
2437 -1275.0000000000
2440 -1274.0000000000
2456 -1273.0000000000
2459 -1272.0000000000
2470 -1271.0000000000
2475 -1270.0000000000
2486 -1269.0000000000
2497 -1268.0000000000
2506 -1267.0000000000
2512 -1266.0000000000
2516 -1265.0000000000
2521 -1263.0000000000
2536 -1262.0000000000
2537 -1261.0000000000
2547 -1258.0000000000
2551 -1257.0000000000
2557 -1255.0000000000
2558 -1254.0000000000
2571 -1253.0000000000
2574 -1251.0000000000
2584 -1250.0000000000
2592 -1249.0000000000
2594 -1247.0000000000
2597 -1246.0000000000
2606 -1245.0000000000
2610 -1244.0000000000
2626 -1242.0000000000
2627 -1241.0000000000
2630 -1240.0000000000
2634 -1239.0000000000
2645 -1237.0000000000
2651 -1236.0000000000
2653 -1235.0000000000
2659 -1234.0000000000
2662 -1233.0000000000
2666 -1232.0000000000
2667 -1231.0000000000
2669 -1230.0000000000
2672 -1229.0000000000
2677 -1228.0000000000
2679 -1227.0000000000
2682 -1226.0000000000
2688 -1224.0000000000
2697 -1223.0000000000
2711 -1222.0000000000
2715 -1220.0000000000
2716 -1218.0000000000
2721 -1217.0000000000
2734 -1216.0000000000
2740 -1215.0000000000
2742 -1214.0000000000
2748 -1213.0000000000
2759 -1212.0000000000
2765 -1211.0000000000
2776 -1210.0000000000
2777 -1209.0000000000
2778 -1208.0000000000
2779 -1207.0000000000
2783 -1205.0000000000
2784 -1204.0000000000
2793 -1203.0000000000
2798 -1202.0000000000
2803 -1200.0000000000
2807 -1199.0000000000
2823 -1197.0000000000
2828 -1196.0000000000
2831 -1195.0000000000
2838 -1194.0000000000
2839 -1193.0000000000
2843 -1192.0000000000
2845 -1191.0000000000
2849 -1190.0000000000
2880 -1189.0000000000
2888 -1188.0000000000
2894 -1187.0000000000
2896 -1186.0000000000
2904 -1185.0000000000
2906 -1184.0000000000
2912 -1183.0000000000
2918 -1182.0000000000
2920 -1181.0000000000
2922 -1180.0000000000
2923 -1179.0000000000
2928 -1178.0000000000
2932 -1176.0000000000
2945 -1175.0000000000
2947 -1173.0000000000
2953 -1172.0000000000
2959 -1171.0000000000
2961 -1170.0000000000
2962 -1169.0000000000
2964 -1168.0000000000
2974 -1167.0000000000
2983 -1166.0000000000
2992 -1165.0000000000
3010 -1164.0000000000
3020 -1163.0000000000
3028 -1162.0000000000
3036 -1160.0000000000
3050 -1159.0000000000
3054 -1158.0000000000
3083 -1157.0000000000
3086 -1156.0000000000
3089 -1155.0000000000
3090 -1154.0000000000
3117 -1153.0000000000
3126 -1152.0000000000
3136 -1151.0000000000
3153 -1150.0000000000
3156 -1149.0000000000
3158 -1148.0000000000
3161 -1147.0000000000
3168 -1146.0000000000
3173 -1145.0000000000
3175 -1144.0000000000
3176 -1143.0000000000
3178 -1141.0000000000
3179 -1140.0000000000
3189 -1139.0000000000
3204 -1138.0000000000
3207 -1137.0000000000
3208 -1136.0000000000
3218 -1135.0000000000
3222 -1134.0000000000
3223 -1132.0000000000
3227 -1131.0000000000
3228 -1130.0000000000
3233 -1128.0000000000
3239 -1127.0000000000
3245 -1126.0000000000
3246 -1125.0000000000
3249 -1123.0000000000
3254 -1122.0000000000
3261 -1120.0000000000
3281 -1119.0000000000
3285 -1118.0000000000
3287 -1117.0000000000
3289 -1116.0000000000
3294 -1115.0000000000
3311 -1114.0000000000
3320 -1113.0000000000
3326 -1112.0000000000
3336 -1111.0000000000
3349 -1110.0000000000
3355 -1109.0000000000
3361 -1108.0000000000
3376 -1106.0000000000
3378 -1105.0000000000
3380 -1104.0000000000
3389 -1103.0000000000
3390 -1101.0000000000
3396 -1100.0000000000
3404 -1099.0000000000
3407 -1098.0000000000
3411 -1096.0000000000
3416 -1095.0000000000
3435 -1094.0000000000
3439 -1093.0000000000
3443 -1092.0000000000
3446 -1091.0000000000
3456 -1089.0000000000
3459 -1088.0000000000
3460 -1087.0000000000
3470 -1085.0000000000
3473 -1084.0000000000
3478 -1083.0000000000
3486 -1082.0000000000
3488 -1081.0000000000
3490 -1080.0000000000
3497 -1079.0000000000
3499 -1078.0000000000
3525 -1076.0000000000
3526 -1075.0000000000
3543 -1074.0000000000
3548 -1073.0000000000
3569 -1071.0000000000
3577 -1070.0000000000
3579 -1069.0000000000
3581 -1068.0000000000
3589 -1066.0000000000
3593 -1065.0000000000
3598 -1064.0000000000
3621 -1063.0000000000
3623 -1062.0000000000
3627 -1061.0000000000
3634 -1060.0000000000
3651 -1059.0000000000
3654 -1058.0000000000
3661 -1057.0000000000
3664 -1056.0000000000
3671 -1055.0000000000
3675 -1054.0000000000
3691 -1053.0000000000
3692 -1052.0000000000
3700 -1051.0000000000
3701 -1050.0000000000
3712 -1049.0000000000
3714 -1048.0000000000
3716 -1046.0000000000
3722 -1044.0000000000
3726 -1043.0000000000
3729 -1041.0000000000
3737 -1040.0000000000
3743 -1038.0000000000
3747 -1037.0000000000
3753 -1035.0000000000
3757 -1034.0000000000
3761 -1032.0000000000
3774 -1031.0000000000
3819 -1030.0000000000
3824 -1029.0000000000
3830 -1028.0000000000
3831 -1027.0000000000
3833 -1026.0000000000
3838 -1025.0000000000
3840 -1024.0000000000
3842 -1023.0000000000
3856 -1022.0000000000
3857 -1021.0000000000
3866 -1020.0000000000
3880 -1019.0000000000
3881 -1018.0000000000
3885 -1017.0000000000
3891 -1016.0000000000
3912 -1015.0000000000
3929 -1014.0000000000
3964 -1013.0000000000
3965 -1012.0000000000
3992 -1011.0000000000
4004 -1010.0000000000
4010 -1008.0000000000
4013 -1007.0000000000
4021 -1006.0000000000
4022 -1005.0000000000
4042 -1004.0000000000
4045 -1003.0000000000
4050 -1002.0000000000
4070 -1001.0000000000
4073 -999.0000000000
4079 -998.0000000000
4082 -997.0000000000
4083 -996.0000000000
4084 -995.0000000000
4088 -994.0000000000
4105 -993.0000000000
4115 -992.0000000000
4117 -991.0000000000
4135 -989.0000000000
4137 -988.0000000000
4149 -987.0000000000
4156 -986.0000000000
4171 -985.0000000000
4186 -984.0000000000
4198 -983.0000000000
4200 -982.0000000000
4201 -981.0000000000
4207 -980.0000000000
4210 -979.0000000000
4220 -978.0000000000
4222 -977.0000000000
4225 -975.0000000000
4230 -974.0000000000
4235 -973.0000000000
4237 -972.0000000000
4238 -971.0000000000
4239 -970.0000000000
4240 -969.0000000000
4241 -968.0000000000
4244 -967.0000000000
4258 -966.0000000000
4284 -965.0000000000
4285 -963.0000000000
4303 -962.0000000000
4311 -961.0000000000
4314 -960.0000000000
4316 -959.0000000000
4319 -958.0000000000
4322 -957.0000000000
4332 -956.0000000000
4340 -955.0000000000
4363 -954.0000000000
4366 -953.0000000000
4375 -952.0000000000
4381 -951.0000000000
4392 -950.0000000000
4402 -949.0000000000
4409 -948.0000000000
4416 -947.0000000000
4437 -945.0000000000
4438 -943.0000000000
4444 -942.0000000000
4454 -941.0000000000
4461 -940.0000000000
4471 -939.0000000000
4474 -938.0000000000
4481 -937.0000000000
4482 -936.0000000000
4489 -935.0000000000
4490 -934.0000000000
4499 -933.0000000000
4500 -932.0000000000
4506 -931.0000000000
4507 -930.0000000000
4513 -929.0000000000
4516 -928.0000000000
4560 -927.0000000000
4563 -926.0000000000
4595 -925.0000000000
4617 -924.0000000000
4624 -923.0000000000
4641 -922.0000000000
4644 -920.0000000000
4648 -919.0000000000
4657 -918.0000000000
4661 -917.0000000000
4708 -916.0000000000
4712 -915.0000000000
4729 -914.0000000000
4743 -913.0000000000
4747 -912.0000000000
4751 -910.0000000000
4756 -909.0000000000
4763 -908.0000000000
4765 -907.0000000000
4768 -906.0000000000
4804 -905.0000000000
4823 -904.0000000000
4854 -903.0000000000
4891 -901.0000000000
4897 -900.0000000000
4899 -899.0000000000
4925 -897.0000000000
4930 -896.0000000000
4939 -895.0000000000
4956 -894.0000000000
4969 -893.0000000000
4973 -892.0000000000
4977 -891.0000000000
5004 -890.0000000000
5009 -889.0000000000
5014 -887.0000000000
5017 -886.0000000000
5025 -885.0000000000
5044 -884.0000000000
5050 -883.0000000000
5051 -881.0000000000
5053 -880.0000000000
5060 -879.0000000000
5065 -878.0000000000
5067 -877.0000000000
5068 -876.0000000000
5086 -875.0000000000
5088 -874.0000000000
5091 -873.0000000000
5101 -872.0000000000
5111 -870.0000000000
5147 -869.0000000000
5155 -868.0000000000
5173 -867.0000000000
5178 -865.0000000000
5186 -864.0000000000
5199 -863.0000000000
5221 -862.0000000000
5230 -861.0000000000
5247 -860.0000000000
5256 -859.0000000000
5257 -858.0000000000
5259 -857.0000000000
5264 -856.0000000000
5265 -855.0000000000
5266 -854.0000000000
5272 -853.0000000000
5288 -852.0000000000
5295 -851.0000000000
5304 -850.0000000000
5320 -849.0000000000
5365 -848.0000000000
5383 -847.0000000000
5384 -846.0000000000
5390 -845.0000000000
5392 -844.0000000000
5409 -843.0000000000
5446 -842.0000000000
5464 -840.0000000000
5469 -838.0000000000
5497 -837.0000000000
5520 -836.0000000000
5523 -835.0000000000
5532 -834.0000000000
5539 -833.0000000000
5540 -832.0000000000
5546 -830.0000000000
5558 -829.0000000000
5564 -828.0000000000
5566 -827.0000000000
5572 -826.0000000000
5585 -825.0000000000
5589 -824.0000000000
5592 -823.0000000000
5597 -822.0000000000
5600 -820.0000000000
5632 -819.0000000000
5637 -818.0000000000
5648 -817.0000000000
5654 -816.0000000000
5655 -815.0000000000
5658 -814.0000000000
5659 -812.0000000000
5669 -811.0000000000
5677 -810.0000000000
5680 -809.0000000000
5684 -807.0000000000
5696 -806.0000000000
5710 -805.0000000000
5711 -803.0000000000
5719 -802.0000000000
5761 -801.0000000000
5784 -798.0000000000
5789 -797.0000000000
5798 -796.0000000000
5806 -795.0000000000
5807 -794.0000000000
5823 -793.0000000000
5826 -792.0000000000
5827 -791.0000000000
5840 -790.0000000000
5848 -789.0000000000
5859 -788.0000000000
5873 -787.0000000000
5874 -786.0000000000
5879 -785.0000000000
5895 -784.0000000000
5896 -783.0000000000
5904 -782.0000000000
5909 -781.0000000000
5919 -780.0000000000
5942 -779.0000000000
5959 -778.0000000000
5970 -776.0000000000
5971 -775.0000000000
5977 -774.0000000000
5999 -773.0000000000
6015 -772.0000000000
6021 -771.0000000000
6022 -770.0000000000
6029 -769.0000000000
6032 -768.0000000000
6053 -766.0000000000
6079 -765.0000000000
6085 -764.0000000000
6120 -763.0000000000
6121 -762.0000000000
6151 -761.0000000000
6159 -760.0000000000
6162 -759.0000000000
6166 -758.0000000000
6187 -757.0000000000
6189 -756.0000000000
6200 -755.0000000000
6248 -754.0000000000
6257 -752.0000000000
6258 -750.0000000000
6261 -749.0000000000
6262 -748.0000000000
6264 -747.0000000000
6283 -746.0000000000
6296 -745.0000000000
6300 -744.0000000000
6305 -743.0000000000
6314 -742.0000000000
6318 -741.0000000000
6339 -740.0000000000
6362 -738.0000000000
6380 -737.0000000000
6381 -736.0000000000
6388 -735.0000000000
6395 -734.0000000000
6410 -733.0000000000
6435 -732.0000000000
6439 -731.0000000000
6440 -730.0000000000
6452 -729.0000000000
6461 -728.0000000000
6479 -727.0000000000
6503 -725.0000000000
6507 -724.0000000000
6520 -723.0000000000
6549 -722.0000000000
6568 -720.0000000000
6573 -719.0000000000
6578 -718.0000000000
6604 -717.0000000000
6608 -716.0000000000
6611 -715.0000000000
6615 -714.0000000000
6630 -713.0000000000
6638 -712.0000000000
6640 -711.0000000000
6655 -710.0000000000
6670 -709.0000000000
6710 -707.0000000000
6719 -706.0000000000
6723 -705.0000000000
6734 -704.0000000000
6737 -703.0000000000
6742 -702.0000000000
6751 -701.0000000000
6763 -700.0000000000
6769 -699.0000000000
6777 -698.0000000000
6778 -697.0000000000
6805 -696.0000000000
6830 -695.0000000000
6831 -694.0000000000
6860 -693.0000000000
6861 -692.0000000000
6882 -691.0000000000
6892 -690.0000000000
6893 -689.0000000000
6901 -688.0000000000
6906 -687.0000000000
6924 -686.0000000000
6926 -685.0000000000
6937 -684.0000000000
6946 -683.0000000000
6952 -682.0000000000
6957 -681.0000000000
6958 -680.0000000000
6968 -679.0000000000
6993 -677.0000000000
6996 -676.0000000000
7000 -675.0000000000
7008 -674.0000000000
7013 -673.0000000000
7040 -672.0000000000
7068 -671.0000000000
7071 -670.0000000000
7073 -669.0000000000
7081 -668.0000000000
7083 -667.0000000000
7106 -666.0000000000
7108 -664.0000000000
7119 -663.0000000000
7130 -662.0000000000
7141 -661.0000000000
7148 -660.0000000000
7174 -659.0000000000
7181 -657.0000000000
7185 -656.0000000000
7195 -655.0000000000
7201 -654.0000000000
7215 -653.0000000000
7244 -652.0000000000
7252 -651.0000000000
7261 -650.0000000000
7266 -649.0000000000
7268 -648.0000000000
7272 -647.0000000000
7294 -646.0000000000
7302 -645.0000000000
7305 -643.0000000000
7324 -642.0000000000
7344 -641.0000000000
7351 -640.0000000000
7353 -639.0000000000
7358 -637.0000000000
7412 -636.0000000000
7435 -635.0000000000
7449 -633.0000000000
7503 -632.0000000000
7523 -631.0000000000
7550 -630.0000000000
7560 -629.0000000000
7578 -628.0000000000
7588 -627.0000000000
7592 -626.0000000000
7598 -625.0000000000
7632 -624.0000000000
7633 -623.0000000000
7639 -622.0000000000
7642 -621.0000000000
7643 -620.0000000000
7664 -619.0000000000
7665 -618.0000000000
7668 -617.0000000000
7671 -616.0000000000
7677 -615.0000000000
7694 -614.0000000000
7707 -613.0000000000
7709 -612.0000000000
7719 -610.0000000000
7725 -608.0000000000
7738 -607.0000000000
7740 -606.0000000000
7747 -605.0000000000
7754 -604.0000000000
7757 -603.0000000000
7775 -602.0000000000
7782 -601.0000000000
7790 -600.0000000000
7804 -599.0000000000
7820 -598.0000000000
7825 -597.0000000000
7828 -596.0000000000
7841 -595.0000000000
7865 -594.0000000000
7877 -593.0000000000
7885 -592.0000000000
7889 -591.0000000000
7910 -590.0000000000
7923 -589.0000000000
7936 -588.0000000000
7939 -587.0000000000
7940 -586.0000000000
7943 -584.0000000000
7944 -583.0000000000
7955 -582.0000000000
7964 -581.0000000000
7970 -580.0000000000
7997 -579.0000000000
8004 -578.0000000000
8027 -576.0000000000
8029 -575.0000000000
8056 -574.0000000000
8082 -573.0000000000
8099 -572.0000000000
8109 -571.0000000000
8158 -570.0000000000
8163 -569.0000000000
8169 -568.0000000000
8177 -567.0000000000
8196 -566.0000000000
8218 -565.0000000000
8224 -563.0000000000
8259 -561.0000000000
8266 -560.0000000000
8284 -559.0000000000
8322 -558.0000000000
8332 -557.0000000000
8336 -556.0000000000
8406 -555.0000000000
8408 -554.0000000000
8426 -553.0000000000
8440 -552.0000000000
8454 -551.0000000000
8459 -550.0000000000
8505 -549.0000000000
8508 -548.0000000000
8519 -547.0000000000
8564 -546.0000000000
8574 -545.0000000000
8591 -544.0000000000
8598 -543.0000000000
8602 -542.0000000000
8611 -541.0000000000
8634 -540.0000000000
8639 -539.0000000000
8644 -538.0000000000
8651 -537.0000000000
8652 -536.0000000000
8653 -535.0000000000
8655 -534.0000000000
8695 -533.0000000000
8703 -532.0000000000
8727 -531.0000000000
8736 -530.0000000000
8740 -529.0000000000
8745 -528.0000000000
8780 -527.0000000000
8791 -526.0000000000
8801 -525.0000000000
8804 -524.0000000000
8811 -523.0000000000
8818 -522.0000000000
8831 -521.0000000000
8890 -520.0000000000
8916 -519.0000000000
8972 -516.0000000000
8991 -515.0000000000
9003 -514.0000000000
9011 -513.0000000000
9012 -512.0000000000
9026 -511.0000000000
9084 -510.0000000000
9087 -509.0000000000
9095 -508.0000000000
9124 -507.0000000000
9140 -506.0000000000
9146 -505.0000000000
9161 -504.0000000000
9184 -503.0000000000
9198 -502.0000000000
9202 -501.0000000000
9262 -500.0000000000
9279 -499.0000000000
9300 -498.0000000000
9313 -497.0000000000
9320 -496.0000000000
9346 -495.0000000000
9349 -494.0000000000
9365 -493.0000000000
9368 -492.0000000000
9400 -491.0000000000
9407 -490.0000000000
9425 -489.0000000000
9441 -488.0000000000
9456 -487.0000000000
9460 -486.0000000000
9549 -485.0000000000
9567 -484.0000000000
9588 -483.0000000000
9654 -482.0000000000
9671 -481.0000000000
9696 -479.0000000000
9720 -478.0000000000
9787 -477.0000000000
9808 -476.0000000000
9855 -475.0000000000
9861 -474.0000000000
9872 -473.0000000000
9907 -472.0000000000
9918 -471.0000000000
9930 -470.0000000000
9941 -469.0000000000
9954 -468.0000000000
9958 -467.0000000000
9963 -466.0000000000
10000 -468.0000000000
