evaluations raw_y
1 -373.0000000000
19 -370.0000000000
21 -368.0000000000
25 -367.0000000000
32 -366.0000000000
41 -365.0000000000
48 -363.0000000000
50 -361.0000000000
57 -360.0000000000
65 -359.0000000000
73 -358.0000000000
75 -357.0000000000
78 -356.0000000000
88 -355.0000000000
101 -354.0000000000
102 -351.0000000000
103 -349.0000000000
106 -348.0000000000
113 -347.0000000000
117 -346.0000000000
120 -345.0000000000
123 -344.0000000000
127 -343.0000000000
130 -342.0000000000
131 -341.0000000000
133 -340.0000000000
144 -338.0000000000
145 -337.0000000000
146 -336.0000000000
148 -335.0000000000
156 -334.0000000000
162 -332.0000000000
163 -331.0000000000
165 -330.0000000000
166 -329.0000000000
171 -328.0000000000
172 -326.0000000000
175 -325.0000000000
177 -324.0000000000
180 -323.0000000000
182 -320.0000000000
188 -319.0000000000
196 -317.0000000000
200 -316.0000000000
204 -315.0000000000
209 -314.0000000000
217 -313.0000000000
225 -312.0000000000
227 -309.0000000000
231 -308.0000000000
247 -307.0000000000
249 -305.0000000000
250 -304.0000000000
264 -303.0000000000
273 -302.0000000000
277 -301.0000000000
280 -300.0000000000
296 -299.0000000000
305 -298.0000000000
307 -297.0000000000
328 -296.0000000000
333 -294.0000000000
334 -293.0000000000
335 -292.0000000000
344 -291.0000000000
348 -290.0000000000
349 -289.0000000000
359 -288.0000000000
367 -286.0000000000
373 -283.0000000000
376 -282.0000000000
384 -281.0000000000
394 -280.0000000000
395 -278.0000000000
401 -276.0000000000
403 -274.0000000000
408 -273.0000000000
409 -272.0000000000
411 -271.0000000000
416 -270.0000000000
431 -269.0000000000
437 -268.0000000000
440 -267.0000000000
441 -266.0000000000
443 -265.0000000000
462 -264.0000000000
465 -262.0000000000
468 -261.0000000000
470 -260.0000000000
478 -259.0000000000
483 -258.0000000000
485 -256.0000000000
490 -255.0000000000
494 -254.0000000000
497 -253.0000000000
503 -251.0000000000
506 -250.0000000000
509 -249.0000000000
514 -248.0000000000
516 -247.0000000000
526 -246.0000000000
543 -245.0000000000
556 -244.0000000000
562 -243.0000000000
579 -242.0000000000
582 -241.0000000000
585 -240.0000000000
587 -239.0000000000
591 -237.0000000000
599 -236.0000000000
605 -235.0000000000
614 -232.0000000000
625 -231.0000000000
626 -230.0000000000
649 -228.0000000000
657 -227.0000000000
670 -225.0000000000
673 -224.0000000000
675 -223.0000000000
679 -222.0000000000
681 -221.0000000000
689 -220.0000000000
705 -219.0000000000
721 -218.0000000000
735 -217.0000000000
744 -216.0000000000
752 -215.0000000000
756 -214.0000000000
757 -213.0000000000
767 -212.0000000000
783 -211.0000000000
784 -209.0000000000
792 -208.0000000000
796 -207.0000000000
805 -206.0000000000
818 -205.0000000000
821 -204.0000000000
822 -203.0000000000
828 -202.0000000000
832 -201.0000000000
833 -200.0000000000
841 -198.0000000000
843 -196.0000000000
845 -195.0000000000
848 -194.0000000000
854 -193.0000000000
855 -192.0000000000
859 -191.0000000000
867 -190.0000000000
883 -189.0000000000
890 -188.0000000000
897 -187.0000000000
898 -186.0000000000
900 -185.0000000000
901 -184.0000000000
903 -183.0000000000
910 -181.0000000000
914 -180.0000000000
917 -179.0000000000
921 -178.0000000000
929 -177.0000000000
938 -176.0000000000
940 -175.0000000000
944 -173.0000000000
964 -172.0000000000
979 -171.0000000000
984 -170.0000000000
986 -169.0000000000
997 -168.0000000000
1000 -167.0000000000
1002 -166.0000000000
1028 -165.0000000000
1031 -164.0000000000
1033 -163.0000000000
1040 -162.0000000000
1042 -161.0000000000
1046 -160.0000000000
1047 -159.0000000000
1051 -158.0000000000
1063 -157.0000000000
1080 -156.0000000000
1085 -155.0000000000
1117 -154.0000000000
1118 -153.0000000000
1121 -152.0000000000
1133 -151.0000000000
1150 -150.0000000000
1152 -149.0000000000
1156 -148.0000000000
1159 -147.0000000000
1162 -146.0000000000
1171 -145.0000000000
1180 -144.0000000000
1187 -143.0000000000
1202 -142.0000000000
1218 -141.0000000000
1242 -140.0000000000
1243 -139.0000000000
1254 -138.0000000000
1261 -136.0000000000
1268 -135.0000000000
1304 -134.0000000000
1316 -133.0000000000
1322 -132.0000000000
1325 -131.0000000000
1338 -130.0000000000
1347 -129.0000000000
1370 -128.0000000000
1382 -127.0000000000
1401 -126.0000000000
1412 -125.0000000000
1414 -124.0000000000
1437 -123.0000000000
1464 -122.0000000000
1470 -121.0000000000
1481 -120.0000000000
1489 -119.0000000000
1511 -118.0000000000
1513 -116.0000000000
1516 -115.0000000000
1523 -114.0000000000
1529 -113.0000000000
1611 -112.0000000000
1621 -111.0000000000
1625 -110.0000000000
1628 -109.0000000000
1635 -108.0000000000
1692 -107.0000000000
1747 -105.0000000000
1756 -104.0000000000
1772 -103.0000000000
1792 -102.0000000000
1806 -101.0000000000
1820 -100.0000000000
1830 -99.0000000000
1851 -97.0000000000
1859 -96.0000000000
1862 -95.0000000000
1893 -94.0000000000
1895 -93.0000000000
1901 -92.0000000000
1917 -91.0000000000
1922 -90.0000000000
1930 -89.0000000000
1984 -88.0000000000
2000 -87.0000000000
2008 -86.0000000000
2013 -85.0000000000
2020 -84.0000000000
2034 -83.0000000000
2042 -82.0000000000
2058 -81.0000000000
2060 -80.0000000000
2088 -79.0000000000
2095 -78.0000000000
2119 -77.0000000000
2140 -76.0000000000
2164 -75.0000000000
2193 -74.0000000000
2202 -73.0000000000
2217 -72.0000000000
2274 -71.0000000000
2305 -70.0000000000
2396 -69.0000000000
2403 -68.0000000000
2428 -67.0000000000
2452 -66.0000000000
2471 -65.0000000000
2560 -64.0000000000
2585 -63.0000000000
2596 -62.0000000000
2599 -61.0000000000
2620 -60.0000000000
2652 -59.0000000000
2654 -57.0000000000
2663 -56.0000000000
2686 -55.0000000000
2740 -54.0000000000
2796 -53.0000000000
2807 -52.0000000000
2829 -51.0000000000
2898 -50.0000000000
2954 -49.0000000000
3127 -48.0000000000
3145 -47.0000000000
3206 -46.0000000000
3208 -45.0000000000
3301 -44.0000000000
3341 -43.0000000000
3353 -42.0000000000
3385 -41.0000000000
3401 -40.0000000000
3420 -39.0000000000
3470 -38.0000000000
3498 -37.0000000000
3595 -36.0000000000
3764 -35.0000000000
3766 -34.0000000000
3828 -33.0000000000
3838 -32.0000000000
3864 -31.0000000000
3896 -30.0000000000
3974 -29.0000000000
4066 -28.0000000000
4113 -27.0000000000
4348 -26.0000000000
4364 -25.0000000000
4480 -24.0000000000
4513 -23.0000000000
4530 -22.0000000000
4555 -21.0000000000
4604 -20.0000000000
5063 -19.0000000000
5064 -18.0000000000
5108 -17.0000000000
5140 -16.0000000000
5229 -15.0000000000
5360 -14.0000000000
5409 -13.0000000000
5420 -12.0000000000
5571 -11.0000000000
5734 -10.0000000000
5779 -9.0000000000
6170 -7.0000000000
6481 -6.0000000000
6496 -5.0000000000
6578 -4.0000000000
6785 -3.0000000000
7035 -2.0000000000
7120 -1.0000000000
7159 603.0000000000
8103 606.0000000000
8106 611.0000000000
8113 612.0000000000
8127 619.0000000000
8141 620.0000000000
8216 626.0000000000
8277 629.0000000000
8671 636.0000000000
9143 638.0000000000
9188 640.0000000000
9218 641.0000000000
9287 642.0000000000
9297 649.0000000000
9373 654.0000000000
9764 656.0000000000
9773 667.0000000000
10000 546.0000000000
