evaluations raw_y
1 -1978.0000000000
2 -1977.0000000000
3 -1975.0000000000
7 -1974.0000000000
9 -1973.0000000000
17 -1972.0000000000
20 -1971.0000000000
21 -1970.0000000000
24 -1969.0000000000
26 -1968.0000000000
32 -1967.0000000000
34 -1965.0000000000
36 -1964.0000000000
37 -1963.0000000000
52 -1962.0000000000
57 -1961.0000000000
59 -1960.0000000000
61 -1959.0000000000
71 -1956.0000000000
78 -1954.0000000000
84 -1952.0000000000
86 -1951.0000000000
87 -1950.0000000000
93 -1949.0000000000
94 -1948.0000000000
97 -1947.0000000000
99 -1946.0000000000
100 -1945.0000000000
101 -1944.0000000000
104 -1943.0000000000
106 -1942.0000000000
108 -1941.0000000000
109 -1940.0000000000
113 -1939.0000000000
136 -1938.0000000000
141 -1937.0000000000
143 -1936.0000000000
145 -1934.0000000000
146 -1933.0000000000
148 -1932.0000000000
154 -1931.0000000000
158 -1930.0000000000
160 -1928.0000000000
164 -1927.0000000000
165 -1925.0000000000
169 -1923.0000000000
171 -1922.0000000000
175 -1921.0000000000
180 -1920.0000000000
182 -1919.0000000000
198 -1918.0000000000
199 -1917.0000000000
203 -1916.0000000000
205 -1915.0000000000
208 -1913.0000000000
213 -1911.0000000000
215 -1910.0000000000
216 -1909.0000000000
218 -1908.0000000000
230 -1906.0000000000
239 -1905.0000000000
240 -1904.0000000000
246 -1903.0000000000
248 -1902.0000000000
251 -1899.0000000000
252 -1898.0000000000
254 -1897.0000000000
255 -1896.0000000000
256 -1895.0000000000
272 -1893.0000000000
273 -1890.0000000000
287 -1889.0000000000
294 -1888.0000000000
304 -1887.0000000000
308 -1885.0000000000
309 -1884.0000000000
313 -1882.0000000000
316 -1880.0000000000
319 -1879.0000000000
322 -1878.0000000000
325 -1877.0000000000
327 -1876.0000000000
330 -1875.0000000000
333 -1874.0000000000
335 -1873.0000000000
337 -1872.0000000000
343 -1871.0000000000
346 -1870.0000000000
349 -1869.0000000000
361 -1868.0000000000
366 -1865.0000000000
371 -1864.0000000000
372 -1862.0000000000
374 -1861.0000000000
375 -1860.0000000000
384 -1859.0000000000
396 -1858.0000000000
397 -1857.0000000000
403 -1856.0000000000
407 -1854.0000000000
410 -1852.0000000000
412 -1851.0000000000
416 -1850.0000000000
417 -1849.0000000000
422 -1848.0000000000
424 -1847.0000000000
425 -1846.0000000000
427 -1845.0000000000
431 -1844.0000000000
432 -1843.0000000000
433 -1842.0000000000
435 -1841.0000000000
441 -1840.0000000000
443 -1838.0000000000
444 -1837.0000000000
446 -1836.0000000000
449 -1835.0000000000
451 -1833.0000000000
453 -1832.0000000000
456 -1831.0000000000
459 -1830.0000000000
464 -1829.0000000000
465 -1828.0000000000
473 -1827.0000000000
478 -1826.0000000000
485 -1825.0000000000
494 -1822.0000000000
501 -1821.0000000000
504 -1819.0000000000
508 -1818.0000000000
510 -1817.0000000000
516 -1816.0000000000
517 -1815.0000000000
519 -1814.0000000000
521 -1813.0000000000
525 -1812.0000000000
529 -1811.0000000000
534 -1810.0000000000
537 -1809.0000000000
545 -1808.0000000000
549 -1806.0000000000
551 -1805.0000000000
552 -1804.0000000000
554 -1802.0000000000
555 -1801.0000000000
556 -1798.0000000000
559 -1797.0000000000
561 -1796.0000000000
562 -1795.0000000000
583 -1794.0000000000
586 -1793.0000000000
589 -1791.0000000000
594 -1790.0000000000
596 -1788.0000000000
597 -1787.0000000000
600 -1786.0000000000
602 -1785.0000000000
608 -1784.0000000000
615 -1782.0000000000
616 -1781.0000000000
629 -1780.0000000000
633 -1778.0000000000
640 -1777.0000000000
643 -1776.0000000000
646 -1774.0000000000
648 -1773.0000000000
652 -1772.0000000000
662 -1770.0000000000
666 -1769.0000000000
668 -1768.0000000000
669 -1767.0000000000
675 -1766.0000000000
682 -1765.0000000000
691 -1764.0000000000
693 -1762.0000000000
696 -1761.0000000000
698 -1760.0000000000
702 -1759.0000000000
719 -1758.0000000000
722 -1757.0000000000
725 -1756.0000000000
731 -1755.0000000000
746 -1754.0000000000
748 -1753.0000000000
749 -1750.0000000000
750 -1749.0000000000
752 -1747.0000000000
755 -1746.0000000000
766 -1745.0000000000
775 -1744.0000000000
776 -1743.0000000000
785 -1742.0000000000
787 -1741.0000000000
788 -1740.0000000000
792 -1738.0000000000
793 -1737.0000000000
794 -1736.0000000000
797 -1735.0000000000
798 -1734.0000000000
799 -1733.0000000000
805 -1732.0000000000
809 -1731.0000000000
816 -1730.0000000000
828 -1728.0000000000
835 -1727.0000000000
837 -1726.0000000000
841 -1725.0000000000
844 -1724.0000000000
851 -1723.0000000000
860 -1722.0000000000
863 -1721.0000000000
872 -1720.0000000000
877 -1718.0000000000
878 -1717.0000000000
882 -1716.0000000000
895 -1715.0000000000
897 -1714.0000000000
907 -1713.0000000000
908 -1712.0000000000
911 -1710.0000000000
917 -1708.0000000000
923 -1707.0000000000
924 -1706.0000000000
925 -1705.0000000000
926 -1704.0000000000
935 -1703.0000000000
938 -1702.0000000000
939 -1701.0000000000
943 -1700.0000000000
944 -1699.0000000000
952 -1697.0000000000
953 -1696.0000000000
958 -1695.0000000000
961 -1693.0000000000
962 -1692.0000000000
964 -1691.0000000000
965 -1690.0000000000
970 -1689.0000000000
983 -1688.0000000000
989 -1687.0000000000
998 -1686.0000000000
1002 -1685.0000000000
1005 -1684.0000000000
1006 -1682.0000000000
1007 -1681.0000000000
1015 -1680.0000000000
1018 -1679.0000000000
1033 -1677.0000000000
1040 -1675.0000000000
1047 -1674.0000000000
1051 -1673.0000000000
1059 -1671.0000000000
1060 -1670.0000000000
1061 -1669.0000000000
1079 -1668.0000000000
1082 -1665.0000000000
1089 -1664.0000000000
1091 -1663.0000000000
1093 -1662.0000000000
1094 -1660.0000000000
1096 -1659.0000000000
1098 -1656.0000000000
1104 -1655.0000000000
1113 -1654.0000000000
1114 -1653.0000000000
1117 -1652.0000000000
1118 -1651.0000000000
1127 -1650.0000000000
1129 -1649.0000000000
1133 -1648.0000000000
1143 -1646.0000000000
1144 -1644.0000000000
1147 -1643.0000000000
1148 -1640.0000000000
1151 -1639.0000000000
1152 -1638.0000000000
1154 -1637.0000000000
1155 -1636.0000000000
1163 -1634.0000000000
1166 -1633.0000000000
1167 -1632.0000000000
1169 -1631.0000000000
1170 -1630.0000000000
1177 -1629.0000000000
1180 -1628.0000000000
1183 -1627.0000000000
1187 -1626.0000000000
1190 -1625.0000000000
1191 -1624.0000000000
1194 -1623.0000000000
1195 -1622.0000000000
1196 -1621.0000000000
1201 -1620.0000000000
1213 -1619.0000000000
1215 -1616.0000000000
1217 -1615.0000000000
1222 -1614.0000000000
1223 -1612.0000000000
1224 -1611.0000000000
1243 -1610.0000000000
1244 -1609.0000000000
1247 -1608.0000000000
1249 -1606.0000000000
1251 -1605.0000000000
1253 -1604.0000000000
1261 -1603.0000000000
1263 -1602.0000000000
1267 -1601.0000000000
1269 -1600.0000000000
1271 -1599.0000000000
1290 -1598.0000000000
1303 -1597.0000000000
1309 -1596.0000000000
1310 -1595.0000000000
1311 -1594.0000000000
1319 -1592.0000000000
1320 -1591.0000000000
1327 -1590.0000000000
1337 -1589.0000000000
1340 -1588.0000000000
1343 -1587.0000000000
1353 -1586.0000000000
1359 -1585.0000000000
1361 -1584.0000000000
1364 -1582.0000000000
1365 -1581.0000000000
1367 -1580.0000000000
1373 -1579.0000000000
1375 -1578.0000000000
1377 -1577.0000000000
1386 -1576.0000000000
1389 -1575.0000000000
1391 -1574.0000000000
1393 -1573.0000000000
1414 -1571.0000000000
1418 -1570.0000000000
1422 -1569.0000000000
1424 -1568.0000000000
1427 -1567.0000000000
1438 -1566.0000000000
1452 -1565.0000000000
1453 -1564.0000000000
1460 -1563.0000000000
1470 -1562.0000000000
1477 -1561.0000000000
1484 -1560.0000000000
1505 -1558.0000000000
1508 -1557.0000000000
1517 -1555.0000000000
1519 -1554.0000000000
1521 -1553.0000000000
1527 -1552.0000000000
1534 -1551.0000000000
1536 -1550.0000000000
1537 -1549.0000000000
1543 -1548.0000000000
1553 -1547.0000000000
1556 -1546.0000000000
1558 -1545.0000000000
1565 -1544.0000000000
1568 -1543.0000000000
1574 -1542.0000000000
1575 -1540.0000000000
1583 -1539.0000000000
1584 -1538.0000000000
1590 -1537.0000000000
1592 -1535.0000000000
1596 -1534.0000000000
1610 -1533.0000000000
1614 -1532.0000000000
1615 -1531.0000000000
1622 -1530.0000000000
1623 -1528.0000000000
1624 -1526.0000000000
1627 -1525.0000000000
1676 -1524.0000000000
1682 -1522.0000000000
1683 -1521.0000000000
1692 -1520.0000000000
1704 -1519.0000000000
1708 -1518.0000000000
1711 -1517.0000000000
1713 -1516.0000000000
1715 -1514.0000000000
1726 -1513.0000000000
1730 -1512.0000000000
1732 -1510.0000000000
1733 -1509.0000000000
1741 -1507.0000000000
1751 -1505.0000000000
1757 -1503.0000000000
1761 -1502.0000000000
1766 -1501.0000000000
1771 -1500.0000000000
1772 -1499.0000000000
1773 -1498.0000000000
1788 -1496.0000000000
1792 -1494.0000000000
1793 -1493.0000000000
1798 -1492.0000000000
1820 -1491.0000000000
1828 -1490.0000000000
1830 -1489.0000000000
1833 -1488.0000000000
1835 -1486.0000000000
1839 -1485.0000000000
1847 -1484.0000000000
1849 -1483.0000000000
1852 -1482.0000000000
1855 -1481.0000000000
1857 -1480.0000000000
1876 -1479.0000000000
1881 -1478.0000000000
1891 -1477.0000000000
1899 -1476.0000000000
1914 -1475.0000000000
1938 -1474.0000000000
1939 -1473.0000000000
1940 -1472.0000000000
1941 -1470.0000000000
1942 -1469.0000000000
1947 -1468.0000000000
1950 -1467.0000000000
1963 -1466.0000000000
1964 -1465.0000000000
1971 -1464.0000000000
1973 -1463.0000000000
1984 -1462.0000000000
1995 -1459.0000000000
2004 -1457.0000000000
2009 -1455.0000000000
2010 -1454.0000000000
2012 -1453.0000000000
2013 -1452.0000000000
2014 -1451.0000000000
2015 -1450.0000000000
2017 -1449.0000000000
2018 -1448.0000000000
2020 -1447.0000000000
2021 -1446.0000000000
2024 -1445.0000000000
2029 -1444.0000000000
2035 -1443.0000000000
2037 -1442.0000000000
2051 -1441.0000000000
2069 -1440.0000000000
2077 -1437.0000000000
2088 -1436.0000000000
2092 -1434.0000000000
2100 -1433.0000000000
2105 -1432.0000000000
2106 -1431.0000000000
2119 -1430.0000000000
2126 -1429.0000000000
2130 -1428.0000000000
2144 -1427.0000000000
2148 -1426.0000000000
2174 -1425.0000000000
2177 -1424.0000000000
2179 -1422.0000000000
2183 -1421.0000000000
2188 -1420.0000000000
2191 -1419.0000000000
2193 -1418.0000000000
2194 -1417.0000000000
2197 -1416.0000000000
2213 -1415.0000000000
2214 -1414.0000000000
2216 -1413.0000000000
2218 -1412.0000000000
2222 -1411.0000000000
2224 -1410.0000000000
2227 -1409.0000000000
2244 -1408.0000000000
2249 -1407.0000000000
2255 -1406.0000000000
2261 -1405.0000000000
2268 -1404.0000000000
2276 -1403.0000000000
2292 -1402.0000000000
2301 -1401.0000000000
2311 -1399.0000000000
2313 -1398.0000000000
2318 -1397.0000000000
2319 -1396.0000000000
2344 -1393.0000000000
2350 -1392.0000000000
2357 -1391.0000000000
2358 -1390.0000000000
2369 -1389.0000000000
2382 -1387.0000000000
2402 -1386.0000000000
2418 -1385.0000000000
2431 -1384.0000000000
2432 -1382.0000000000
2435 -1379.0000000000
2440 -1378.0000000000
2443 -1377.0000000000
2458 -1376.0000000000
2466 -1375.0000000000
2469 -1374.0000000000
2480 -1373.0000000000
2481 -1372.0000000000
2488 -1371.0000000000
2491 -1370.0000000000
2492 -1369.0000000000
2493 -1368.0000000000
2495 -1367.0000000000
2507 -1366.0000000000
2510 -1365.0000000000
2512 -1364.0000000000
2517 -1363.0000000000
2518 -1362.0000000000
2520 -1361.0000000000
2529 -1360.0000000000
2533 -1359.0000000000
2536 -1358.0000000000
2562 -1357.0000000000
2571 -1356.0000000000
2579 -1355.0000000000
2583 -1354.0000000000
2589 -1353.0000000000
2590 -1352.0000000000
2595 -1351.0000000000
2602 -1350.0000000000
2607 -1349.0000000000
2608 -1348.0000000000
2614 -1347.0000000000
2621 -1346.0000000000
2625 -1345.0000000000
2634 -1344.0000000000
2642 -1342.0000000000
2647 -1341.0000000000
2649 -1340.0000000000
2652 -1339.0000000000
2656 -1337.0000000000
2664 -1336.0000000000
2668 -1335.0000000000
2680 -1334.0000000000
2681 -1332.0000000000
2689 -1331.0000000000
2690 -1330.0000000000
2692 -1329.0000000000
2708 -1328.0000000000
2714 -1327.0000000000
2715 -1326.0000000000
2725 -1325.0000000000
2728 -1324.0000000000
2741 -1322.0000000000
2744 -1320.0000000000
2759 -1318.0000000000
2767 -1316.0000000000
2768 -1315.0000000000
2789 -1312.0000000000
2790 -1310.0000000000
2806 -1309.0000000000
2809 -1308.0000000000
2817 -1307.0000000000
2821 -1306.0000000000
2831 -1305.0000000000
2840 -1304.0000000000
2841 -1303.0000000000
2846 -1302.0000000000
2855 -1301.0000000000
2860 -1300.0000000000
2865 -1299.0000000000
2883 -1298.0000000000
2885 -1297.0000000000
2897 -1296.0000000000
2900 -1294.0000000000
2926 -1293.0000000000
2932 -1292.0000000000
2955 -1291.0000000000
2958 -1290.0000000000
2959 -1289.0000000000
2960 -1288.0000000000
2968 -1285.0000000000
2992 -1284.0000000000
2994 -1283.0000000000
2999 -1282.0000000000
3004 -1281.0000000000
3008 -1280.0000000000
3025 -1278.0000000000
3030 -1277.0000000000
3034 -1276.0000000000
3038 -1275.0000000000
3046 -1274.0000000000
3083 -1272.0000000000
3085 -1271.0000000000
3089 -1270.0000000000
3097 -1269.0000000000
3099 -1268.0000000000
3110 -1267.0000000000
3129 -1266.0000000000
3130 -1264.0000000000
3138 -1263.0000000000
3150 -1262.0000000000
3156 -1261.0000000000
3164 -1260.0000000000
3170 -1259.0000000000
3178 -1258.0000000000
3180 -1257.0000000000
3186 -1256.0000000000
3189 -1255.0000000000
3195 -1254.0000000000
3204 -1253.0000000000
3207 -1252.0000000000
3218 -1251.0000000000
3229 -1250.0000000000
3250 -1249.0000000000
3255 -1247.0000000000
3262 -1246.0000000000
3297 -1245.0000000000
3305 -1244.0000000000
3310 -1243.0000000000
3314 -1242.0000000000
3315 -1241.0000000000
3321 -1240.0000000000
3331 -1238.0000000000
3336 -1237.0000000000
3363 -1235.0000000000
3373 -1234.0000000000
3378 -1233.0000000000
3382 -1232.0000000000
3398 -1231.0000000000
3410 -1230.0000000000
3413 -1229.0000000000
3425 -1228.0000000000
3428 -1226.0000000000
3430 -1225.0000000000
3431 -1224.0000000000
3440 -1223.0000000000
3453 -1222.0000000000
3455 -1221.0000000000
3459 -1220.0000000000
3463 -1219.0000000000
3467 -1218.0000000000
3469 -1217.0000000000
3475 -1216.0000000000
3478 -1215.0000000000
3499 -1214.0000000000
3500 -1212.0000000000
3501 -1211.0000000000
3505 -1210.0000000000
3507 -1209.0000000000
3509 -1208.0000000000
3510 -1207.0000000000
3517 -1206.0000000000
3532 -1204.0000000000
3534 -1203.0000000000
3542 -1202.0000000000
3544 -1200.0000000000
3556 -1199.0000000000
3558 -1198.0000000000
3559 -1197.0000000000
3561 -1196.0000000000
3562 -1195.0000000000
3564 -1194.0000000000
3573 -1192.0000000000
3574 -1191.0000000000
3575 -1190.0000000000
3579 -1188.0000000000
3586 -1187.0000000000
3593 -1185.0000000000
3595 -1183.0000000000
3600 -1181.0000000000
3639 -1180.0000000000
3647 -1179.0000000000
3649 -1178.0000000000
3650 -1176.0000000000
3656 -1173.0000000000
3657 -1172.0000000000
3659 -1171.0000000000
3663 -1170.0000000000
3664 -1169.0000000000
3670 -1168.0000000000
3674 -1167.0000000000
3678 -1166.0000000000
3683 -1165.0000000000
3690 -1163.0000000000
3694 -1160.0000000000
3709 -1159.0000000000
3716 -1158.0000000000
3719 -1157.0000000000
3722 -1156.0000000000
3732 -1154.0000000000
3737 -1153.0000000000
3766 -1152.0000000000
3769 -1151.0000000000
3772 -1150.0000000000
3773 -1149.0000000000
3807 -1148.0000000000
3811 -1146.0000000000
3815 -1143.0000000000
3818 -1141.0000000000
3823 -1140.0000000000
3833 -1139.0000000000
3835 -1138.0000000000
3855 -1137.0000000000
3857 -1136.0000000000
3858 -1135.0000000000
3868 -1134.0000000000
3878 -1133.0000000000
3886 -1131.0000000000
3887 -1130.0000000000
3894 -1129.0000000000
3906 -1128.0000000000
3908 -1127.0000000000
3914 -1126.0000000000
3920 -1125.0000000000
3929 -1124.0000000000
3933 -1123.0000000000
3935 -1122.0000000000
3960 -1121.0000000000
3973 -1120.0000000000
3977 -1119.0000000000
3993 -1118.0000000000
3998 -1116.0000000000
4010 -1115.0000000000
4011 -1114.0000000000
4012 -1113.0000000000
4022 -1112.0000000000
4025 -1111.0000000000
4034 -1110.0000000000
4050 -1109.0000000000
4054 -1108.0000000000
4055 -1107.0000000000
4065 -1106.0000000000
4066 -1105.0000000000
4070 -1104.0000000000
4072 -1103.0000000000
4079 -1102.0000000000
4087 -1101.0000000000
4093 -1099.0000000000
4098 -1097.0000000000
4101 -1096.0000000000
4106 -1095.0000000000
4115 -1094.0000000000
4117 -1093.0000000000
4144 -1092.0000000000
4153 -1091.0000000000
4156 -1090.0000000000
4163 -1089.0000000000
4174 -1088.0000000000
4175 -1087.0000000000
4177 -1086.0000000000
4180 -1083.0000000000
4182 -1082.0000000000
4193 -1081.0000000000
4199 -1080.0000000000
4221 -1079.0000000000
4232 -1078.0000000000
4247 -1077.0000000000
4252 -1076.0000000000
4259 -1075.0000000000
4277 -1074.0000000000
4286 -1073.0000000000
4288 -1072.0000000000
4299 -1070.0000000000
4300 -1069.0000000000
4308 -1068.0000000000
4320 -1067.0000000000
4324 -1066.0000000000
4326 -1065.0000000000
4331 -1064.0000000000
4346 -1063.0000000000
4351 -1062.0000000000
4367 -1061.0000000000
4379 -1060.0000000000
4387 -1059.0000000000
4391 -1058.0000000000
4396 -1057.0000000000
4399 -1056.0000000000
4400 -1054.0000000000
4407 -1052.0000000000
4417 -1051.0000000000
4427 -1048.0000000000
4431 -1047.0000000000
4440 -1046.0000000000
4475 -1045.0000000000
4477 -1044.0000000000
4479 -1043.0000000000
4483 -1041.0000000000
4504 -1040.0000000000
4533 -1039.0000000000
4535 -1038.0000000000
4539 -1037.0000000000
4550 -1036.0000000000
4557 -1035.0000000000
4560 -1033.0000000000
4566 -1031.0000000000
4580 -1030.0000000000
4582 -1029.0000000000
4586 -1028.0000000000
4589 -1027.0000000000
4602 -1026.0000000000
4616 -1025.0000000000
4618 -1024.0000000000
4634 -1023.0000000000
4658 -1022.0000000000
4663 -1021.0000000000
4673 -1020.0000000000
4680 -1019.0000000000
4693 -1018.0000000000
4704 -1017.0000000000
4710 -1016.0000000000
4716 -1015.0000000000
4727 -1014.0000000000
4728 -1013.0000000000
4749 -1012.0000000000
4768 -1011.0000000000
4769 -1010.0000000000
4783 -1009.0000000000
4785 -1008.0000000000
4808 -1006.0000000000
4820 -1005.0000000000
4838 -1004.0000000000
4845 -1003.0000000000
4849 -1002.0000000000
4852 -1001.0000000000
4860 -1000.0000000000
4866 -999.0000000000
4870 -998.0000000000
4872 -997.0000000000
4881 -996.0000000000
4885 -995.0000000000
4891 -993.0000000000
4892 -991.0000000000
4898 -990.0000000000
4902 -989.0000000000
4936 -987.0000000000
4938 -986.0000000000
4940 -985.0000000000
4941 -984.0000000000
4942 -983.0000000000
4955 -982.0000000000
4963 -981.0000000000
4966 -980.0000000000
4979 -979.0000000000
4986 -978.0000000000
5002 -977.0000000000
5007 -976.0000000000
5008 -974.0000000000
5012 -973.0000000000
5028 -972.0000000000
5048 -971.0000000000
5059 -970.0000000000
5063 -969.0000000000
5091 -967.0000000000
5092 -966.0000000000
5094 -965.0000000000
5095 -964.0000000000
5102 -963.0000000000
5115 -961.0000000000
5125 -960.0000000000
5132 -959.0000000000
5153 -956.0000000000
5166 -955.0000000000
5168 -953.0000000000
5170 -952.0000000000
5172 -951.0000000000
5177 -950.0000000000
5193 -949.0000000000
5200 -948.0000000000
5215 -947.0000000000
5247 -946.0000000000
5249 -945.0000000000
5250 -944.0000000000
5264 -943.0000000000
5270 -942.0000000000
5275 -941.0000000000
5278 -939.0000000000
5279 -938.0000000000
5280 -936.0000000000
5290 -935.0000000000
5292 -934.0000000000
5314 -933.0000000000
5337 -931.0000000000
5345 -930.0000000000
5356 -929.0000000000
5369 -928.0000000000
5404 -927.0000000000
5406 -926.0000000000
5412 -924.0000000000
5421 -923.0000000000
5429 -922.0000000000
5430 -921.0000000000
5443 -920.0000000000
5445 -918.0000000000
5455 -917.0000000000
5466 -916.0000000000
5469 -915.0000000000
5473 -914.0000000000
5475 -913.0000000000
5486 -912.0000000000
5493 -911.0000000000
5498 -910.0000000000
5506 -909.0000000000
5524 -908.0000000000
5532 -906.0000000000
5537 -905.0000000000
5545 -904.0000000000
5570 -903.0000000000
5579 -902.0000000000
5583 -901.0000000000
5606 -900.0000000000
5616 -899.0000000000
5617 -897.0000000000
5619 -896.0000000000
5623 -895.0000000000
5625 -893.0000000000
5630 -892.0000000000
5644 -891.0000000000
5645 -890.0000000000
5647 -889.0000000000
5661 -888.0000000000
5677 -887.0000000000
5680 -886.0000000000
5682 -885.0000000000
5689 -884.0000000000
5694 -882.0000000000
5701 -881.0000000000
5711 -880.0000000000
5751 -879.0000000000
5757 -878.0000000000
5763 -877.0000000000
5781 -875.0000000000
5786 -874.0000000000
5793 -873.0000000000
5807 -872.0000000000
5857 -871.0000000000
5861 -870.0000000000
5906 -868.0000000000
5924 -867.0000000000
5933 -866.0000000000
5950 -865.0000000000
5970 -864.0000000000
5983 -863.0000000000
5988 -862.0000000000
5990 -861.0000000000
6001 -860.0000000000
6036 -859.0000000000
6046 -858.0000000000
6052 -857.0000000000
6062 -856.0000000000
6076 -855.0000000000
6081 -854.0000000000
6095 -853.0000000000
6103 -851.0000000000
6108 -850.0000000000
6109 -849.0000000000
6136 -847.0000000000
6137 -846.0000000000
6138 -845.0000000000
6142 -844.0000000000
6146 -843.0000000000
6150 -842.0000000000
6151 -841.0000000000
6153 -840.0000000000
6166 -839.0000000000
6185 -838.0000000000
6207 -837.0000000000
6218 -836.0000000000
6223 -835.0000000000
6225 -834.0000000000
6229 -833.0000000000
6240 -832.0000000000
6259 -831.0000000000
6260 -830.0000000000
6261 -829.0000000000
6292 -828.0000000000
6298 -827.0000000000
6321 -826.0000000000
6331 -825.0000000000
6338 -824.0000000000
6339 -823.0000000000
6353 -822.0000000000
6375 -821.0000000000
6381 -820.0000000000
6404 -819.0000000000
6417 -818.0000000000
6429 -817.0000000000
6432 -816.0000000000
6446 -814.0000000000
6467 -813.0000000000
6479 -812.0000000000
6485 -811.0000000000
6491 -810.0000000000
6495 -809.0000000000
6505 -808.0000000000
6509 -807.0000000000
6512 -805.0000000000
6523 -804.0000000000
6533 -803.0000000000
6539 -802.0000000000
6557 -801.0000000000
6560 -800.0000000000
6565 -799.0000000000
6569 -798.0000000000
6575 -797.0000000000
6577 -796.0000000000
6583 -795.0000000000
6589 -794.0000000000
6598 -793.0000000000
6619 -791.0000000000
6633 -790.0000000000
6637 -789.0000000000
6638 -788.0000000000
6644 -787.0000000000
6658 -786.0000000000
6669 -785.0000000000
6694 -784.0000000000
6698 -783.0000000000
6700 -781.0000000000
6711 -780.0000000000
6718 -779.0000000000
6724 -778.0000000000
6737 -777.0000000000
6747 -776.0000000000
6749 -775.0000000000
6760 -774.0000000000
6780 -773.0000000000
6786 -772.0000000000
6794 -771.0000000000
6815 -770.0000000000
6843 -769.0000000000
6852 -768.0000000000
6856 -767.0000000000
6885 -764.0000000000
6904 -763.0000000000
6932 -762.0000000000
6937 -761.0000000000
6955 -760.0000000000
6957 -759.0000000000
7000 -757.0000000000
7016 -756.0000000000
7046 -755.0000000000
7048 -754.0000000000
7069 -753.0000000000
7103 -752.0000000000
7104 -751.0000000000
7116 -749.0000000000
7124 -748.0000000000
7128 -747.0000000000
7137 -746.0000000000
7149 -744.0000000000
7169 -743.0000000000
7194 -742.0000000000
7198 -741.0000000000
7204 -740.0000000000
7213 -739.0000000000
7217 -738.0000000000
7218 -737.0000000000
7225 -736.0000000000
7230 -735.0000000000
7239 -734.0000000000
7240 -731.0000000000
7253 -730.0000000000
7270 -729.0000000000
7273 -728.0000000000
7278 -727.0000000000
7281 -726.0000000000
7299 -725.0000000000
7313 -724.0000000000
7316 -723.0000000000
7329 -722.0000000000
7346 -721.0000000000
7347 -720.0000000000
7388 -719.0000000000
7445 -718.0000000000
7454 -717.0000000000
7457 -716.0000000000
7484 -715.0000000000
7497 -713.0000000000
7511 -712.0000000000
7539 -711.0000000000
7572 -710.0000000000
7582 -709.0000000000
7624 -708.0000000000
7637 -707.0000000000
7638 -706.0000000000
7656 -705.0000000000
7657 -704.0000000000
7664 -702.0000000000
7678 -701.0000000000
7704 -700.0000000000
7710 -699.0000000000
7738 -698.0000000000
7754 -697.0000000000
7760 -696.0000000000
7768 -695.0000000000
7811 -694.0000000000
7824 -693.0000000000
7841 -692.0000000000
7842 -691.0000000000
7851 -689.0000000000
7863 -688.0000000000
7872 -687.0000000000
7900 -686.0000000000
7933 -685.0000000000
7979 -684.0000000000
7987 -683.0000000000
7997 -682.0000000000
7998 -680.0000000000
8007 -679.0000000000
8013 -678.0000000000
8026 -677.0000000000
8050 -676.0000000000
8052 -675.0000000000
8083 -674.0000000000
8102 -673.0000000000
8133 -672.0000000000
8142 -671.0000000000
8148 -670.0000000000
8149 -669.0000000000
8151 -668.0000000000
8160 -667.0000000000
8174 -666.0000000000
8187 -664.0000000000
8193 -663.0000000000
8203 -662.0000000000
8221 -661.0000000000
8251 -660.0000000000
8252 -659.0000000000
8262 -658.0000000000
8286 -657.0000000000
8305 -656.0000000000
8319 -655.0000000000
8320 -654.0000000000
8329 -653.0000000000
8353 -652.0000000000
8370 -651.0000000000
8391 -650.0000000000
8398 -649.0000000000
8442 -648.0000000000
8446 -647.0000000000
8453 -646.0000000000
8473 -645.0000000000
8485 -644.0000000000
8489 -643.0000000000
8499 -642.0000000000
8529 -641.0000000000
8530 -640.0000000000
8580 -639.0000000000
8581 -638.0000000000
8593 -637.0000000000
8600 -636.0000000000
8606 -635.0000000000
8607 -634.0000000000
8618 -633.0000000000
8630 -632.0000000000
8648 -631.0000000000
8661 -630.0000000000
8674 -629.0000000000
8681 -628.0000000000
8722 -627.0000000000
8727 -625.0000000000
8731 -624.0000000000
8763 -623.0000000000
8771 -622.0000000000
8775 -621.0000000000
8776 -620.0000000000
8813 -619.0000000000
8818 -618.0000000000
8831 -617.0000000000
8835 -616.0000000000
8849 -615.0000000000
8855 -612.0000000000
8857 -611.0000000000
8866 -610.0000000000
8878 -609.0000000000
8879 -608.0000000000
8900 -607.0000000000
8903 -606.0000000000
8910 -605.0000000000
8921 -604.0000000000
8922 -602.0000000000
8941 -601.0000000000
8949 -600.0000000000
8951 -599.0000000000
8961 -598.0000000000
8969 -597.0000000000
8971 -596.0000000000
8972 -595.0000000000
9027 -594.0000000000
9047 -593.0000000000
9081 -592.0000000000
9094 -591.0000000000
9095 -590.0000000000
9130 -589.0000000000
9153 -588.0000000000
9154 -587.0000000000
9205 -585.0000000000
9244 -584.0000000000
9249 -583.0000000000
9257 -582.0000000000
9263 -580.0000000000
9286 -579.0000000000
9343 -578.0000000000
9373 -577.0000000000
9375 -576.0000000000
9386 -575.0000000000
9387 -574.0000000000
9430 -573.0000000000
9455 -572.0000000000
9475 -570.0000000000
9505 -569.0000000000
9533 -568.0000000000
9542 -567.0000000000
9543 -566.0000000000
9555 -564.0000000000
9574 -563.0000000000
9594 -562.0000000000
9627 -561.0000000000
9649 -560.0000000000
9667 -559.0000000000
9679 -558.0000000000
9683 -557.0000000000
9692 -556.0000000000
9721 -555.0000000000
9734 -554.0000000000
9747 -553.0000000000
9749 -552.0000000000
9761 -551.0000000000
9766 -550.0000000000
9781 -549.0000000000
9782 -548.0000000000
9822 -547.0000000000
9833 -546.0000000000
9834 -545.0000000000
9851 -544.0000000000
9859 -543.0000000000
9872 -542.0000000000
9879 -540.0000000000
9881 -538.0000000000
9919 -537.0000000000
9937 -536.0000000000
9948 -535.0000000000
9955 -534.0000000000
9960 -533.0000000000
9973 -532.0000000000
10000 -534.0000000000
