evaluations raw_y
1 681678.4040697153
3 684244.2518883637
4 691385.6290214588
6 695508.7615874930
7 729486.6036172806
29 729883.7760397148
41 730133.2278655017
43 732818.7695097699
52 742889.1740295591
55 751646.0211097799
83 752423.4533421954
86 754097.9236711637
102 758377.7850648309
116 764850.4029073440
138 765163.5243920282
141 771092.0928837640
163 778101.0558967219
174 782220.0282820286
186 786641.6263768144
217 787340.2882663438
224 789045.4563283242
240 792211.7889805867
246 792653.1827510634
254 798094.7448702306
284 798854.2638773432
305 800070.5881472342
307 802816.4930499550
323 803138.6175018725
327 803605.1419339332
341 804618.4288994574
349 804734.3888008099
354 805554.3490302794
355 805988.4342964099
375 808162.0436547449
383 808372.0729114731
386 810018.7188993518
405 810045.3166586700
430 810221.2948819927
432 810298.3064274313
440 810360.2912739118
444 810810.4208383769
446 811281.6981823849
461 812127.6441206106
489 812861.7450140716
490 813234.4290944232
503 813339.6110118425
505 814679.2209336408
507 814860.9925033845
528 814976.0371706142
530 815654.1727279148
541 817364.2983478697
566 817836.3106455819
575 819106.6740020576
580 819191.9407902161
583 819370.1572465425
589 820550.8127439793
601 821459.3936150911
614 823356.7036277227
624 823977.8939612617
641 824260.9203714218
644 824702.7202687259
652 825023.5062801937
661 825556.1283089400
666 826411.4734932471
702 827096.9975687076
725 827270.2932603977
745 827270.6951176691
748 827844.7239178956
755 829483.1633292155
776 831551.5853710658
783 831680.1443278312
789 832655.3302631804
798 832707.3564362070
810 832860.3248133603
815 833530.9746831270
819 833810.7355564494
829 833995.5738473759
833 834603.0430427500
843 834730.4428329645
850 836718.2973061817
862 837672.3533059974
896 838199.0796345648
904 838425.8065577144
922 838725.4195782206
923 838871.4400323142
924 839976.8343864866
944 840431.2772251837
952 840755.3279704686
976 841716.1586660640
987 841985.8360818431
1010 842175.7017851379
1014 843288.7222300896
1021 843424.6431669949
1027 843657.4033914981
1038 844360.6822979859
1045 845230.8488938649
1058 845563.8150687523
1064 846171.9291336256
1071 846174.6668714966
1074 846773.8049429315
1083 847855.3826206964
1097 848341.6395761076
1101 848357.1394896846
1103 848566.0055215653
1121 848571.6661194884
1123 848867.8973131800
1124 848901.3014481951
1139 849381.9231152392
1141 850339.0083324796
1156 850684.0174529785
1181 851031.1987038761
1183 851502.4143437442
1186 852122.1517615189
1195 852467.5141610331
1205 852623.9729367384
1216 852938.2030499750
1229 853441.1005125553
1233 854443.1499398476
1244 854712.1015159525
1257 855665.2444123270
1287 856651.7426143142
1288 857567.2393338942
1307 857836.1202153660
1324 858534.9905932056
1336 858599.9003091493
1341 858972.9653888933
1345 860095.9369145527
1350 861256.7974224077
1364 861532.9083108323
1372 861585.3970364730
1381 861871.6253564778
1383 863035.2263191363
1430 863431.8939259530
1432 865146.8255653757
1461 865444.8019921784
1465 865879.5816202504
1471 866084.6351311192
1483 866964.3077490833
1501 867025.4250958143
1505 867280.5856425094
1513 867323.5728230374
1516 867665.4341719293
1523 868853.6660805547
1553 869329.0594872260
1563 869804.5715088976
1567 870017.7063312130
1575 870598.1679813127
1581 870803.4369447475
1582 871588.7725594752
1602 871767.2595237507
1603 872100.6967337511
1606 872729.3646922613
1638 874331.9752770115
1660 874477.5598659813
1666 875529.4785104541
1687 876523.9669082162
1717 877011.3407364514
1724 877194.6017962612
1741 878013.0188402770
1765 878092.3518334258
1766 878427.1381693268
1787 879959.5176506441
1803 880190.7102287038
1828 880437.2708275396
1840 880600.4897167291
1861 880643.2348984698
1865 881023.2819585688
1869 883078.7665276774
1904 883582.8805049198
1905 883811.3746312099
1926 884921.7714891731
1942 885347.3499801152
1946 885707.4955986498
1961 886703.0533517693
1974 887020.6798294566
1987 888517.8582745738
2012 889104.6846566951
2021 890207.5961981530
2023 890587.7661036492
2060 891479.2504257780
2089 892221.5832009362
2093 892569.7541087746
2104 892587.6714390859
2118 892650.6290876117
2128 893313.3575321683
2135 893789.0102227477
2142 895333.3215476718
2171 896153.9670037864
2176 896353.5728841516
2187 896674.3842563769
2188 897657.3844575672
2210 897992.0797708294
2212 899774.9675725232
2268 899989.3148688446
2272 901045.0704691426
2286 901173.5091776249
2296 901426.1459180105
2303 901850.5327108877
2308 902427.7440538324
2319 902743.6602671476
2325 903570.3565571153
2327 903670.8016164997
2346 903804.0886921834
2347 903975.1594293775
2355 904050.4635454814
2359 904119.6002371921
2361 904132.9608097802
2362 904311.2796147750
2363 904332.9032214980
2365 905477.1194289086
2376 906139.6130865245
2384 906511.3248112847
2420 907306.8924296203
2421 907709.1391163700
2430 907978.7542511298
2440 908068.3712693092
2458 908661.6863837572
2464 909017.8854564131
2465 909528.4025861576
2472 909756.0412496339
2499 911257.4577086524
2504 912152.1864897087
2524 912900.2874402473
2527 913771.6895111777
2546 915090.9746488188
2580 915461.3493046447
2582 916225.9952896637
2586 916358.1952940911
2606 918111.1109592672
2630 918532.4762876178
2643 919000.4474795092
2657 920321.2750003386
2666 920839.0094243448
2692 921382.6929117335
2699 921697.6888147556
2707 922444.0549749767
2717 923389.7552764735
2723 923912.9806936189
2728 925548.5230948810
2758 926185.3140899199
2784 928579.9261056450
2810 930002.9566073603
2815 930070.1525679266
2821 930254.1400214739
2843 931721.7226316747
2874 932606.1293608946
2883 932882.7321696108
2889 933503.3583988419
2899 933994.8641835140
2905 934851.6786678806
2921 934990.0292573937
2925 935300.4199632390
2930 936803.2546221908
2971 937017.3794446882
2972 937779.3520984437
2980 938005.9795216316
2985 938484.1694596139
2989 939504.0450328034
3001 940232.1738789845
3008 941378.0098651268
3039 941610.0422170614
3042 942063.0387550639
3044 942560.1923528950
3069 942574.8750620794
3074 942871.9112255902
3082 943000.2789849532
3084 943929.7927266971
3102 944022.7725807832
3110 944112.0853289182
3126 944403.6103802724
3129 944480.7392680502
3150 945071.9484682627
3160 945196.3366846088
3163 946901.1391101291
3222 946949.0536548430
3229 948016.7053832061
3252 948591.8126780964
3276 948866.1633865660
3282 949371.0397256184
3318 949612.1482802486
3320 950011.7421973408
3321 950127.2926574297
3332 950469.5527184500
3333 952035.6474417839
3361 952518.3196024036
3381 953074.5229041601
3389 953331.0326653416
3405 953589.1509252881
3409 953732.7095885357
3426 954132.3109955167
3427 954303.0722592184
3437 954522.5744424104
3441 955892.7631247428
3464 956999.0082780765
3501 957101.2052171117
3506 957692.8544925422
3522 958898.4312747595
3547 959017.7729811751
3550 959980.1131876237
3561 960266.3892336700
3571 960481.7351372403
3580 961630.0545629485
3585 961773.5450764056
3609 962119.7160640390
3611 962687.4805688246
3634 963369.2734900847
3641 963505.9334313093
3664 963550.9138660311
3673 963967.0377976063
3675 964491.5888405746
3700 964506.8661163840
3701 965848.8847126124
3719 966446.7051545270
3724 966555.7130507316
3728 967114.2805404471
3747 967152.3139903065
3748 967785.8450625238
3754 967788.7171615628
3772 967831.2501428991
3779 968321.3034807167
3796 968460.2806064581
3802 968754.7340687620
3811 968922.9693830069
3817 969246.5470119879
3821 969285.9985937594
3835 969989.5591138119
3842 970819.6169310362
3866 970860.2264625401
3868 971057.3785760186
3873 971301.3733564368
3895 972561.9511891133
3901 973173.1088207753
3924 974399.7093075773
3964 974715.2485659079
4002 974784.7586950604
4005 974870.2631159517
4011 975269.8478079472
4021 975411.2237364431
4026 975943.1010597880
4051 976513.0493867865
4059 976783.3084038640
4072 977564.3534118510
4088 978121.6117807339
4107 978128.1329017187
4116 978601.2088557169
4121 979857.2177087567
4152 980414.1033434459
4165 981059.2866514588
4167 981276.8715925521
4184 981311.2733954646
4186 983537.3434414730
4212 983879.3695294145
4237 984205.8463943107
4248 984403.4929714927
4264 984939.5199531120
4272 985173.9062665825
4287 985890.5656137938
4289 986041.8584707050
4299 986048.0617731770
4306 986756.6576224390
4311 986909.2327690135
4332 987380.0441889743
4336 987381.6323788523
4337 988926.0533767976
4342 989955.8380281879
4362 990100.7882718998
4369 990588.0880609769
4381 991171.5200088698
4398 991206.1069693718
4399 992036.0270792854
4423 992638.4574144247
4428 992678.6647082283
4444 992722.1269099136
4446 993964.4515531015
4466 994685.7162599383
4484 994975.5906514912
4502 995681.8602299019
4521 995953.5170612648
4525 996082.3263300621
4543 996393.8694686597
4552 996433.9338319858
4558 997298.2663809314
4563 997654.5271408395
4592 998235.7581541082
4622 1000281.0109821152
4646 1000657.3105250767
4684 1001037.4010186536
4691 1001391.3750912090
4703 1002141.2689561504
4722 1003219.3306074163
4766 1004080.2739638586
4788 1004142.3899340970
4790 1004351.2447982347
4799 1004902.3939311651
4818 1005922.3630471908
4839 1006182.9173662425
4842 1006708.8580650967
4860 1006945.2234305955
4862 1006989.1644259358
4865 1007187.0682710739
4870 1007212.1083574236
4879 1007399.6941330411
4892 1007526.5795540476
4898 1007594.8583792546
4902 1009859.4881359007
4938 1009871.6997060593
4946 1010238.1647390161
4962 1011230.1088406157
4966 1011513.0281388775
4986 1012976.0172002006
5006 1012980.2335905632
5025 1013008.1406815194
5029 1013073.4299697657
5032 1014028.2494309613
5042 1014756.2780006073
5083 1014757.8915243583
5091 1014961.0485612972
5099 1015764.2898599625
5110 1016244.2765224911
5122 1016732.5028979100
5141 1017040.1060056429
5146 1017182.9603709846
5148 1017205.0186599295
5156 1017501.7346499179
5179 1017537.5541315337
5189 1018627.3271410861
5210 1018740.5840617459
5211 1018816.7918484524
5234 1019734.1877848129
5260 1020126.6703908481
5266 1020172.4248917861
5283 1021128.7942327110
5299 1021331.2128914442
5308 1021398.1734877047
5313 1021621.5764220796
5328 1021942.7892541719
5344 1022046.4767548272
5346 1022670.2705862988
5367 1022910.2932405521
5368 1022968.8022311445
5378 1022984.3699819304
5383 1023597.7139394454
5387 1023680.9895091850
5397 1023832.0354582240
5405 1024992.2818007958
5414 1025518.7654732182
5430 1025930.3433718904
5436 1026883.3028626157
5441 1027122.2078728160
5465 1027165.2230211000
5469 1027779.7395317451
5474 1028677.1740589292
5491 1029681.6643008223
5524 1031929.5949512123
5568 1033450.4736909689
5588 1033784.8928151665
5602 1034522.8801275387
5615 1034648.4653584110
5622 1034691.5039853952
5632 1035027.5949251935
5640 1036432.7489708657
5662 1036820.8707059034
5663 1037660.1854382860
5701 1037702.3769334374
5702 1038731.9770446321
5745 1038909.3825407913
5752 1039386.0331833956
5773 1039977.7023854081
5775 1040007.2457242634
5784 1040308.2679540465
5795 1040544.9867722759
5796 1040851.5445899265
5801 1041288.7419567738
5802 1042475.0721392065
5863 1043435.9190462932
5888 1044352.1326610772
5919 1044681.2361381727
5921 1044841.3446977751
5936 1045376.7888725529
5947 1045721.2865336158
5958 1047224.3492514067
5981 1047230.4687891621
6001 1048713.0575753329
6034 1049287.6308909934
6041 1049357.4575244228
6075 1049457.1451959962
6084 1049915.6449133803
6093 1050255.1511527561
6096 1050614.3614564622
6107 1050642.3137023353
6136 1050798.2323560368
6137 1050908.1650135231
6145 1052077.4114598222
6169 1052317.7066305964
6181 1052668.8571340591
6203 1053371.4849279129
6224 1053947.5407788714
6247 1054374.2026505528
6267 1054702.7592685106
6274 1055345.1475543666
6287 1055415.8056003801
6298 1056465.9718448445
6315 1057711.0277993693
6324 1057837.1527482630
6343 1059142.6982289285
6386 1059702.6582541578
6416 1060383.3504901929
6419 1061566.5632778509
6430 1061685.5057784677
6437 1061965.0434846184
6445 1062341.7002689990
6471 1062933.9822435104
6485 1064544.4861775017
6526 1065221.8746264360
6547 1065814.6345226537
6565 1066136.6494680974
6572 1066708.1328872556
6609 1067531.4376563812
6626 1068099.4690405561
6641 1068367.3717087987
6649 1069146.9287991968
6661 1070015.2876342102
6662 1070325.1020539110
6694 1070929.1710261314
6703 1071123.1074166312
6724 1071568.4797975211
6757 1072553.7649054592
6766 1072979.3283204725
6775 1073852.5415234806
6797 1074345.1128444872
6805 1074874.8353463474
6822 1076031.8754859373
6844 1076374.3343390501
6853 1076922.7254076146
6861 1077604.1920111256
6884 1077763.7569398694
6920 1078287.6928738058
6921 1079037.9288988055
6945 1079202.3863384489
6961 1079341.3783976976
6964 1079487.2776307687
6980 1080479.4529642980
7027 1081529.1857257690
7067 1082751.1038351955
7089 1083255.6136372446
7110 1083359.5361530313
7121 1083799.1298764839
7126 1083913.2396902291
7131 1084039.6240306138
7142 1084167.2535418710
7151 1084428.6965088204
7155 1084488.7221293820
7160 1084956.1320450979
7165 1085084.7703646035
7166 1085740.6559007368
7181 1086453.6627200276
7201 1086889.5230049090
7203 1087257.9269985373
7242 1088222.3809205079
7248 1088711.1424758811
7264 1088753.5528678412
7286 1089192.8377074108
7317 1089570.6101383641
7321 1090885.9195172989
7340 1090966.6012622314
7342 1091500.9411642442
7353 1091685.4705560012
7365 1092161.9052293049
7375 1092300.4876255246
7381 1093359.9349122199
7394 1094025.4347517879
7409 1094498.0453740358
7431 1094644.4156039055
7442 1095638.5390882466
7462 1096218.5347957497
7474 1096951.7661207784
7500 1097275.1436109047
7509 1097615.4030773649
7531 1098275.4371175200
7535 1098750.2859654992
7542 1098980.0821043737
7543 1100016.2115799736
7563 1100331.5054599771
7597 1100342.7973844223
7602 1100656.8353495318
7603 1101638.5590640518
7665 1102271.3212632958
7688 1102347.8968325150
7690 1103171.9468288857
7719 1103513.4135233189
7722 1103652.1703900218
7730 1104015.5609877021
7742 1105840.8202162450
7779 1106222.5867554778
7784 1107113.3233310871
7808 1107249.8845624595
7815 1107306.0391051071
7824 1107531.4711565743
7839 1107647.4205481247
7849 1108058.5676994878
7863 1108805.4244847789
7882 1108963.5208915183
7884 1109459.5001607239
7925 1109518.5464177618
7948 1110499.8903529022
7952 1110738.4242822614
7975 1110750.5195318770
7988 1110837.9856179541
7989 1110983.9787888248
7993 1111287.6789793929
8010 1111336.0178942801
8016 1111680.4329990910
8018 1111686.5988984790
8026 1111929.7356160346
8047 1112539.9830036284
8057 1113099.9913388337
8061 1113201.9845986078
8077 1113257.0901843207
8083 1113319.2876989117
8092 1113563.2655571438
8099 1113710.1170043051
8104 1114498.3182149297
8119 1114519.5786674772
8123 1114662.5611476938
8124 1115246.8608033145
8143 1116065.7173486648
8163 1117324.5289632769
8199 1117450.3644154700
8205 1117854.3667945331
8232 1119515.8270246806
8237 1119529.6741986976
8253 1119774.3497983634
8271 1119872.7749852051
8287 1120005.1469085126
8294 1121666.7312910201
8310 1122184.1658573400
8312 1122511.6721597763
8337 1122797.1773322984
8346 1123924.6881776690
8392 1124482.9769987769
8396 1124909.5573286151
8438 1125709.0449737832
8442 1126618.4835833507
8479 1126801.1934052489
8494 1126805.3435140653
8504 1127243.2784041171
8512 1127250.8023855223
8522 1127456.0611892473
8525 1127980.7874595856
8558 1128080.7432875407
8560 1128132.0856015875
8561 1128265.1628563872
8573 1128558.7448989691
8582 1129281.4736559635
8632 1131015.5792546570
8662 1131156.9867359728
8689 1131273.9190409500
8697 1131408.3212850259
8702 1131889.9616525662
8727 1132013.6257511673
8738 1132148.2843995339
8741 1132194.2437859632
8759 1132646.9523028964
8766 1133051.1824726134
8768 1133310.1369956085
8779 1133395.5884179103
8782 1133804.4482960813
8793 1134072.6082658097
8806 1134175.4570416869
8813 1134350.1335003404
8827 1134709.3584658310
8831 1134854.8801070312
8841 1134969.6410610313
8842 1135509.8836977610
8868 1135808.0829666483
8889 1136868.0848006834
8898 1137802.3252588094
8902 1137895.1384587483
8911 1138976.7101270291
8928 1139703.6150990182
8982 1140468.6655376246
9002 1141544.8764535128
9022 1141713.7089888868
9047 1142058.7674242335
9079 1142703.2487502596
9089 1142748.5136376889
9101 1143325.5791232148
9128 1143680.3752260867
9156 1144510.1328233499
9194 1144691.2929775240
9204 1145259.9614016763
9216 1145291.6400359173
9221 1145917.1920389349
9223 1146312.2923181495
9243 1146321.8975051756
9246 1146635.1793083767
9256 1147092.2520109855
9289 1147207.3986126138
9293 1147354.1858002322
9302 1147968.9952241078
9307 1147970.0104790069
9324 1148122.6993918605
9338 1148157.0792358373
9344 1148211.5838411092
9354 1148813.4967399854
9376 1149299.6629702144
9382 1149610.4857468617
9402 1149921.9073352262
9419 1150080.5264107743
9429 1150371.9187743159
9487 1150592.0456339347
9495 1150882.8946768991
9512 1151210.5114847266
9522 1151425.3647447783
9533 1151890.7593230689
9573 1152053.7360895660
9579 1152371.1677092011
9586 1152487.7722242926
9602 1152608.0086473352
9612 1152690.0155729612
9624 1152873.4337483253
9637 1153042.1031868854
9640 1153097.3048936652
9643 1153163.0738226471
9655 1153267.2678369754
9662 1153615.0570684467
9671 1153977.3971137484
9673 1154266.9404682256
9690 1154353.1164054563
9702 1154475.7823882918
9712 1154853.6947503067
9727 1155229.4083716199
9746 1155824.8754845713
9785 1156022.0531058847
9788 1156822.2447873922
9835 1156867.3339338638
9844 1157184.7240185477
9873 1157600.1634907797
9880 1157927.2364206270
9888 1157962.6316814886
9896 1158170.0531840646
9908 1158433.0564951682
9923 1158546.3678518110
9924 1159574.6915330996
9940 1160354.9095285737
9966 1161095.9369891796
9983 1161427.0256278913
10002 1161463.4252980622
10010 1162219.8586183055
10033 1162368.2020951204
10042 1162387.8881397061
10047 1162420.5411894575
10060 1162957.3387985851
10067 1162983.8925923812
10075 1163166.0734796729
10084 1163177.1692501821
10085 1163308.1100818303
10093 1163322.3940758051
10106 1163333.9111217468
10116 1163885.5408917237
10129 1164055.9743708135
10144 1164116.9493881511
10154 1164149.6416299136
10168 1164159.6524561744
10169 1164468.4399286003
10170 1165054.4461553586
10192 1165367.0433634343
10197 1165931.4033117029
10222 1166350.8175602236
10226 1166373.1914390533
10244 1166897.5121168287
10253 1167192.2672108279
10262 1167539.4723913274
10281 1167791.2949828219
10290 1168366.9117432451
10299 1168449.1121475480
10301 1168781.5314032668
10334 1169966.1640726523
10361 1170617.6321996250
10390 1170856.9376320778
10429 1171130.0989152181
10447 1172199.0650238472
10477 1172228.4647956577
10485 1172260.7164113030
10491 1172271.3120542972
10500 1173054.7076737611
10503 1173198.2853192673
10534 1173448.2257940371
10535 1174276.8963983050
10543 1174498.7062136810
10572 1174737.4454247195
10575 1174881.1896454850
10589 1174951.9554111529
10592 1176806.9591567088
10654 1177418.2111774043
10671 1177603.3100213071
10682 1177699.4171777600
10693 1177790.9251702963
10709 1178163.8625383633
10722 1178309.1237344705
10731 1178311.1188298243
10742 1178719.7947269666
10756 1178928.6868138406
10768 1179195.5593833923
10782 1179370.8820157927
10801 1179430.3625852519
10805 1179527.8519640947
10812 1179594.2419849844
10816 1180468.5179057736
10851 1181843.4959724550
10895 1184217.4733499058
10921 1184421.1452549896
10944 1184650.4922554465
10947 1184855.4701876086
10957 1184917.5394822592
10976 1185661.0696149669
10986 1185709.1481845761
10990 1185862.0520820953
10996 1186354.9575577970
11006 1186619.8589007184
11011 1186730.5963442384
11019 1187379.9650444838
11059 1187621.0782741627
11065 1188142.1069576107
11076 1188348.6323559545
11104 1188707.6027453244
11114 1189074.7014210830
11122 1189712.6322516012
11142 1189774.9212667625
11161 1190339.3711395981
11203 1190975.6082672908
11211 1191232.4808356359
11225 1191940.8162704268
11246 1191964.5882039287
11253 1192006.3956155945
11262 1192305.3305942162
11266 1192603.1021597607
11301 1193017.6266078423
11316 1193377.3754923926
11342 1193609.2636426713
11359 1193897.6649554048
11360 1193980.3827990689
11388 1194265.2391953247
11390 1194642.2050445341
11401 1194719.1466326702
11404 1195227.3058058256
11446 1195656.9043183306
11452 1196155.1307403315
11461 1196522.6103804740
11502 1197358.2971042311
11528 1197444.7378581169
11529 1198162.1557347884
11542 1198189.9819747931
11554 1198488.9655307117
11582 1198969.9989314496
11585 1199434.3002422396
11625 1199612.3313894828
11648 1199795.8620429575
11655 1199984.7467668278
11691 1200855.9060021173
11702 1201173.3201283531
11718 1201182.6650027432
11722 1201405.1225302222
11741 1201562.4001581841
11751 1201726.7452580777
11763 1201815.9519976655
11766 1202173.1502207313
11780 1202204.7251911180
11787 1202655.8783176104
11797 1203079.6943837760
11801 1203646.5969339341
11858 1203714.0424397185
11866 1203986.2022384496
11867 1204535.9375372403
11891 1204558.0652794244
11893 1204985.8461450506
11909 1205186.3553215710
11936 1205658.4170566858
11938 1205660.4487047717
11940 1206150.2573358968
11969 1206278.4933919727
11982 1206827.0391117076
12040 1207144.1693452739
12071 1207161.8167037086
12073 1207538.2559173787
12082 1207539.9386617502
12104 1207581.6884598141
12128 1207872.1895960195
12131 1208013.9748959076
12134 1208021.1485081881
12145 1208414.4873139099
12151 1208459.2136284960
12161 1208511.0296668774
12167 1208674.6248777506
12181 1208682.9416183908
12191 1208786.9945235890
12192 1209335.6261584784
12217 1209575.9036266841
12220 1210371.7905946784
12246 1210699.8437328192
12267 1211022.5738921587
12271 1211530.1463728147
12287 1212148.8792469848
12323 1212468.1942625730
12341 1212991.1924325565
12376 1213009.5853260837
12381 1213115.1311556369
12396 1213136.4927241327
12417 1213573.8909715100
12425 1213746.5892457070
12435 1213839.5732068710
12443 1213842.8370358550
12455 1213913.4498277418
12473 1214640.1056155087
12507 1214681.8915447178
12512 1214707.9201621059
12518 1214831.1424715882
12523 1215156.3883141382
12528 1215285.1549014326
12547 1215361.1787752726
12554 1215386.1366771376
12561 1215947.2391803011
12563 1215996.4000399441
12578 1216084.5245879448
12584 1216186.5457692563
12587 1216609.8812348342
12602 1216776.6079802448
12634 1217138.4761053810
12642 1217190.9338721973
12644 1217534.8090852033
12669 1217571.8276073921
12679 1217572.5509630374
12691 1217833.5363939127
12702 1218029.8852989422
12709 1218515.8199099870
12728 1218835.3395940533
12744 1218903.8308077625
12751 1219034.3872090895
12755 1219080.0074612163
12769 1219405.4051931438
12781 1219547.5561869536
12789 1219582.4679263236
12806 1219599.5302636321
12823 1219953.1668420127
12834 1220109.6041077503
12835 1220897.8296273192
12877 1221113.9317654516
12888 1221630.6346495142
12894 1221692.9113552927
12897 1221716.5836896610
12917 1222160.2203508837
12947 1222461.2324160221
12975 1222879.7050782021
12998 1223013.3728577469
12999 1223185.7940187876
13024 1223430.6811100419
13042 1223433.6999563500
13045 1223543.7189518898
13061 1223882.5011380538
13084 1223950.4509374285
13093 1224063.4968028818
13110 1224339.3435025762
13135 1224669.6919014179
13163 1224789.7241008512
13169 1225009.0183840517
13181 1225257.4875070069
13183 1225354.1137051752
13192 1225447.1916628235
13197 1225653.3571139777
13215 1226173.9383106998
13221 1226275.1291906857
13243 1226585.2539581710
13274 1226877.7350016646
13277 1227698.6668473384
13283 1227720.3164445171
13303 1228006.8321918782
13342 1228330.5522171047
13349 1228718.5227773848
13377 1228819.6266264529
13392 1229555.0253811167
13406 1229576.6008645520
13410 1229888.7960161890
13412 1230311.8777318248
13437 1231498.4673020046
13463 1232353.1190426084
13483 1232530.5389499017
13519 1232690.0340628424
13546 1232813.6569732993
13583 1232947.9063875540
13586 1233446.6574042209
13603 1233468.0061130919
13615 1233762.0310684966
13626 1233974.9606860403
13629 1234039.4312773710
13644 1234558.8761350519
13673 1234672.0837635437
13694 1234949.4886641228
13699 1235082.8097343252
13706 1235143.7219974680
13711 1235426.0800738712
13746 1236156.6935518349
13772 1237008.6625328390
13792 1237244.1004056321
13804 1237960.1381591172
13835 1238269.0768375366
13837 1238786.2485092538
13857 1238912.4082711588
13870 1239437.4829476650
13900 1239611.0539782867
13901 1239840.1391777443
13922 1240220.2422745400
13931 1240283.8799232121
13943 1241062.8491023132
14035 1241642.2293299511
14057 1241748.3055648026
14069 1241922.8272393276
14072 1242081.7121653836
14075 1242451.1707392777
14091 1242745.1685979618
14133 1243310.3169416932
14169 1243359.7047195574
14174 1243599.2246035568
14194 1243910.8430392635
14217 1244268.3113315683
14224 1244828.7143472743
14247 1245170.8879104285
14277 1246234.1931675698
14296 1246614.0010582095
14301 1246863.9638605872
14304 1246995.3786554134
14318 1247848.2905253852
14353 1247899.8672789936
14356 1248348.0790128477
14371 1248373.8854161783
14391 1248705.4765482238
14407 1249608.4774167829
14451 1249639.6951248951
14472 1249707.5172577088
14474 1249710.6209191249
14483 1250161.6761079633
14501 1250740.0404503851
14527 1250878.6605301416
14546 1250963.3970539393
14561 1251299.6585016339
14562 1251506.8150653855
14586 1252081.6261584160
14616 1252087.5043983641
14621 1252441.2320973310
14644 1252889.0125567957
14692 1253061.7915110562
14720 1253210.0275979650
14724 1253305.9453380550
14729 1253569.2215343695
14747 1253860.7522821506
14784 1254020.6609469503
14792 1254205.8264149504
14799 1254269.5237640727
14808 1254575.2660319661
14810 1254723.2277363932
14829 1254861.1283275611
14830 1254906.3090539824
14846 1255147.8462053905
14873 1255497.1347865367
14875 1255699.3789137353
14881 1255740.8091911289
14914 1255878.1460452946
14924 1256106.1441163295
14941 1256191.2456576163
14959 1256422.7083004152
14994 1256469.3353014654
14995 1256650.1676993940
15000 1256705.1359696703
15008 1256806.6657387104
15028 1257038.0729037831
15048 1257357.4232497166
15083 1257400.6135107570
15088 1257612.8865071367
15114 1258064.1703333831
15130 1258331.9120424779
15132 1258438.8941742165
15144 1259167.5339952318
15154 1259264.4688466671
15163 1259482.2164556913
15187 1260611.6992076244
15210 1260920.3640139808
15226 1261363.8837937294
15265 1261728.4613738658
15269 1262080.3648701776
15286 1262202.0209909019
15319 1262691.7164987384
15322 1263241.3429886354
15346 1263313.0982412861
15353 1263607.9645989256
15377 1263786.0983235771
15395 1264147.7717350447
15429 1264336.9700500402
15450 1264878.7804137268
15515 1265504.2351505433
15520 1265703.9908682774
15601 1265858.9008392165
15605 1265866.6164110636
15607 1265924.6125433042
15623 1266017.1183063849
15636 1266058.6379304822
15642 1266087.2214873836
15653 1266279.2351706554
15665 1266438.2180298651
15702 1267209.1908870731
15738 1267394.6146614575
15759 1267487.5508759168
15764 1267507.5484265492
15768 1267559.2430261848
15771 1267723.9812897339
15781 1267898.2418168457
15812 1267991.1451937216
15838 1268492.7685792746
15861 1268574.7873166548
15879 1268898.8278686434
15909 1269076.8010723586
15933 1269164.0982929661
15935 1269413.6194635562
15941 1270018.0493806384
15964 1270434.4974589553
16002 1270596.3043002796
16023 1270790.3972185052
16049 1270973.8840006383
16053 1271370.6069417319
16071 1271636.7669735199
16094 1271823.9629001976
16128 1272241.2228740240
16150 1272331.7351141456
16168 1272466.2121309610
16185 1272650.0824530693
16202 1272723.1252540196
16205 1273174.9690106879
16252 1273208.8348098730
16287 1273840.0910568302
16341 1274230.9316723705
16366 1274514.7232225176
16396 1274852.9468517597
16410 1274898.6586051271
16433 1275296.5367221173
16434 1275473.0182232172
16442 1275493.0040484185
16445 1275513.1929330810
16468 1275640.6496449029
16470 1275700.6791324210
16482 1276705.1251933139
16504 1277068.8462327530
16507 1277152.4024686059
16536 1277890.2926040634
16568 1278196.3422976171
16599 1278505.7965254609
16604 1278622.3795696637
16611 1279086.8717953134
16650 1280137.0306171784
16688 1280237.9826715447
16740 1280374.2974532163
16752 1280565.9767003499
16774 1280650.8823433672
16801 1280744.2208046885
16802 1280990.0497924644
16826 1281020.8037848289
16849 1281604.2032899288
16877 1281974.2458092920
16908 1282280.1633176310
16910 1282283.3166950117
16921 1282468.9441859494
16950 1282809.6404361266
16963 1283206.2335834829
17058 1283494.1677667145
17093 1283545.7663605816
17106 1283954.4262531786
17112 1283967.1696724868
17121 1284022.8673851499
17129 1284199.4798482649
17153 1284492.3709933404
17158 1284804.7631668206
17169 1285218.0012599165
17236 1285291.0844003642
17238 1285311.1024718184
17244 1285425.0353974898
17252 1285876.1411370011
17265 1285920.0280142287
17289 1286001.4442346846
17301 1286440.2471117545
17332 1286654.8641463921
17370 1286736.0532532532
17380 1286819.1638203596
17390 1287109.9419915976
17397 1287341.2766649367
17461 1287470.2848173941
17492 1287808.9139323491
17494 1288060.7604825883
17522 1288208.2484653725
17534 1288467.6803278797
17572 1288879.9260854921
17581 1289075.4654282243
17583 1289182.6836636693
17640 1289295.5996370993
17658 1289680.4079403183
17665 1289919.6138808024
17704 1290198.3398123509
17725 1290418.4686565730
17729 1291153.0774876729
17766 1291373.2037206679
17784 1291420.4246257716
17789 1291562.3912675104
17803 1291688.8540775762
17819 1291972.6142374538
17820 1292118.5544170358
17834 1292307.6956996676
17864 1292645.4095446053
17890 1292980.4847743667
17907 1293087.1151804188
17917 1293620.1634485864
17947 1293939.8836842128
17953 1294008.1240547765
17969 1294022.3020205218
17990 1294061.8407212496
18002 1294449.7824345848
18029 1294463.9545380513
18053 1294683.0257646097
18113 1294784.6648693064
18135 1294937.5743922815
18141 1295085.4514060230
18192 1295314.2667000436
18198 1295804.1314022928
18206 1296055.4935859449
18226 1296417.5914867825
18242 1296487.8905749484
18272 1296586.4324083016
18293 1296632.3093558357
18303 1296905.9591964968
18305 1297021.8550037148
18312 1297227.5121055089
18391 1297241.4976206513
18403 1297263.4026218955
18430 1297463.4247801532
18433 1297533.4515723411
18457 1297550.9819978732
18464 1297598.9720084744
18481 1297751.0003185328
18490 1298056.3220442422
18503 1298273.7656488873
18535 1298629.9296483353
18582 1298832.0559116346
18611 1298869.2141457854
18624 1298878.2848651374
18636 1298984.2061140216
18647 1299539.8705972382
18693 1299779.0942054503
18702 1299979.0835098594
18713 1300175.3647707254
18737 1300186.5076419418
18755 1300219.6397571641
18756 1300501.5778262718
18776 1300627.0033638156
18786 1300826.9743816382
18792 1300962.4319660435
18821 1301262.0054480212
18831 1301376.0995102639
18849 1301992.0117509705
18868 1302050.5099395146
18883 1302068.4899943299
18906 1302352.1881717930
18920 1302427.2106520345
18943 1302736.0062509791
18948 1303002.6792019228
18971 1303361.4009292566
18988 1303598.0664774347
19004 1303958.0421585643
19024 1304052.8873474475
19030 1304315.5983370414
19058 1304725.0964587100
19092 1304947.0731753688
19097 1305460.5550345469
19147 1305599.3964527261
19173 1305893.8528945143
19185 1305998.6063902620
19214 1306407.6980857258
19243 1306941.9892236744
19289 1307010.7373716363
19297 1307335.2668772649
19304 1307335.3118468092
19329 1307703.2773427418
19337 1307840.3851538929
19381 1307840.4655847976
19383 1308275.9645156926
19484 1308857.8970271880
19526 1308947.2887566276
19530 1308952.5228882062
19580 1309063.5054984286
19602 1309068.7514078706
19617 1309260.3466138095
19626 1309271.3474856922
19637 1309417.5345542107
19643 1309683.9665865640
19670 1310101.0162942798
19681 1310369.1519150101
19732 1310608.4564739645
19748 1311275.5527151045
19782 1311725.4005988638
19802 1312064.4069112514
19830 1312222.1797826323
19841 1312723.8378965349
19893 1312952.7380903889
19895 1313020.5846007110
19904 1313366.1996590919
19989 1313545.6649985162
19994 1314000.7741986366
20004 1314695.1355976197
20082 1314802.8686597655
20120 1314950.4687178838
20121 1315589.5136047211
20164 1315747.8887515301
20167 1316173.1095147680
20215 1316258.6471671376
20224 1316446.2500325129
20225 1316532.2190579579
20244 1317093.6025720702
20298 1318259.3641265177
20357 1318859.9612518267
20371 1318898.7576279892
20425 1318904.5908056595
20434 1319293.5178458216
20448 1319490.9759877513
20482 1319492.2591853375
20498 1320004.1161262731
20507 1320048.7125416640
20511 1320671.6799730675
20590 1320719.0692398562
20603 1321086.4812618010
20637 1321164.5895808721
20722 1321187.6101518106
20744 1321588.7459843063
20768 1321729.9962978964
20805 1322503.8212122128
20859 1323069.5074438958
20865 1323274.2588685430
20932 1323653.4566203400
20934 1324428.0267761876
20970 1325081.5491612144
21010 1325343.9024488416
21020 1325362.0467035186
21039 1325459.9966100361
21068 1325490.5132381245
21069 1325508.6455117329
21086 1325722.3483749756
21121 1325770.9949803192
21138 1325782.2991017841
21156 1326058.7215936028
21176 1326107.3317312470
21212 1326128.5913852542
21221 1326456.1796668479
21279 1326526.0452102793
21355 1326869.3855530845
21390 1327450.8365578570
21438 1327756.7276570287
21443 1327766.9088718311
21464 1327794.1067306246
21465 1327926.0275310394
21471 1328009.0239707280
21492 1328178.2659986347
21509 1328203.5012238836
21554 1328378.6517644152
21566 1328403.8834141877
21570 1328455.6331681546
21590 1328660.1895095916
21631 1328912.2977957078
21668 1329150.0585159080
21674 1329205.0266389567
21683 1329208.2747067162
21710 1329442.7879727662
21714 1329468.3488196225
21743 1329772.1758345303
21760 1329791.1156259235
21769 1330202.5141213983
21792 1330208.6867910123
21796 1330327.4411746571
21809 1330517.7538288943
21835 1330561.9518750850
21849 1330664.7012158381
21874 1330744.3247347416
21896 1330818.1811210189
21940 1330838.5766304231
21987 1330843.2350323237
22002 1331342.0084105374
22078 1331402.7894808156
22102 1331594.6260684012
22127 1331684.1569361915
22160 1331720.6410734951
22171 1331756.2258320032
22180 1331849.6144288878
22191 1331939.1300735974
22224 1331993.6986282682
22229 1332064.2414226839
22230 1332298.7023632927
22263 1332423.7783199225
22288 1332705.8980460060
22331 1332731.6945650261
22353 1332758.5860477157
22365 1332802.3968714746
22366 1332969.0181863760
22373 1333151.6013256456
22401 1333380.2254451744
22407 1333618.4461308985
22424 1333784.7689440292
22452 1334146.8896732549
22551 1334149.1959825389
22599 1334157.3757481952
22606 1334468.3734752589
22641 1334476.5554595236
22682 1334478.8228985558
22716 1334630.5213467893
22734 1334675.5401563388
22753 1334677.8596250871
22776 1334839.9979059089
22827 1334941.4428059689
22834 1334996.2910768813
22850 1335066.1758616648
22891 1335385.2322916558
22940 1335455.1126380456
22988 1335455.5511277933
23018 1335525.4593398976
23055 1335674.4763210206
23080 1335879.3247868710
23152 1336258.7153266196
23200 1336377.1962228266
23558 1336761.0063238337
24268 1336817.2296974286
24388 1337228.9629338356
24573 1337344.3318247206
24593 1337725.8298579424
24868 1338008.0254577161
25127 1338010.6377794319
25258 1338067.2397394644
25302 1338369.1105909429
25338 1338425.7111666403
25442 1338461.8307437329
25570 1338483.0493253302
25624 1338713.8245949561
25660 1338971.4358930204
25689 1338985.9698058737
25718 1339022.3556157523
25727 1339216.8014248391
25728 1339301.7246498528
25764 1339349.8935884638
25808 1339403.6017399342
25832 1339435.7304434709
25860 1339476.7279513392
25872 1339524.9236179562
25897 1339607.9785177126
25904 1339770.1381968446
25949 1340002.7097289904
25971 1340040.8671849386
25972 1340056.5595144846
26007 1340094.7009829199
26017 1340456.0831485558
26046 1340494.2142116954
26058 1341047.0336327157
26084 1341225.3115057165
26182 1341273.4447049294
26849 1341282.6784181020
26891 1341283.3581986658
26911 1341409.7981319595
26954 1341627.5329459859
26963 1341729.1877792792
27093 1342026.7916580338
27176 1342119.5291074598
27186 1342125.3927456897
27187 1342198.5068274802
27237 1342395.8160321156
27438 1342511.4324016909
27543 1342814.0718784600
28642 1342904.0618864167
28742 1342931.7624017196
28923 1342990.8761204481
28962 1343101.9048329450
29040 1343364.2164204316
29910 1343368.9267522621
30015 1343374.1838315534
30048 1343379.0679516920
30073 1343402.8233375321
30085 1343743.5619857504
30092 1343816.2982300785
30104 1343855.3112387650
30110 1344052.0421626915
30122 1344084.0122993416
30152 1344297.3387602542
30223 1344394.3755437941
30304 1344415.3767254350
30750 1344441.0453983922
30835 1344537.4965523526
30895 1344791.1769805211
31057 1345082.3200315493
31124 1345153.9154194249
31253 1345164.9119969662
31566 1345172.9045099206
31639 1345443.1049577601
31679 1345678.6630369683
32271 1345899.9619270335
32492 1345934.1836269249
32558 1345934.9440545544
32620 1345993.6356861992
32629 1346156.0666823408
32655 1346190.2887370551
32806 1346318.8762551923
32856 1346443.2654405390
32916 1346519.2083557488
32922 1346630.5778514114
32991 1346644.8786659488
33161 1346989.1235312652
33519 1347088.8466524365
34257 1347089.3757890675
34658 1347218.3315805523
34680 1347249.7294549041
35018 1347407.7352662263
35366 1347468.3001384081
36390 1347484.9588532618
36583 1347522.9490033542
36616 1347540.7329765316
36712 1347608.7902227952
36788 1347673.7614626957
36855 1347680.4746232782
36923 1347907.1507848338
37041 1348114.1791703918
37104 1348184.1159837123
37172 1348212.2732764678
37217 1348243.2346374455
37650 1348440.4928806820
37984 1348553.8755965985
38206 1348692.6689803691
38426 1348713.8179767278
39190 1348875.7699120340
39323 1348907.5375075284
39381 1348936.6133933514
39628 1348951.9971530638
39931 1349073.3101796170
39946 1349111.0964884062
39978 1349266.4914117961
39982 1349310.0943470781
39984 1349337.8894409284
40033 1349434.4731274168
41014 1349481.1588837402
41211 1349578.8744009365
41449 1349864.0515100604
42086 1349864.1801423193
42167 1349931.2628336588
42171 1350026.1256194299
42575 1350127.0146675042
43401 1350330.8513739011
43614 1350578.4838124232
43635 1350641.3014682210
43954 1350643.8040156690
43970 1350836.4993082045
44060 1351229.7255892071
44146 1351380.7812756696
44268 1351490.9409566463
44398 1351590.3075006667
45239 1351667.5749622562
45259 1352138.1176318938
45290 1352226.7109433869
45334 1352329.0187560664
45382 1352426.0802242304
46080 1352557.7580379259
48261 1352597.5547371674
48783 1352765.1644399713
48875 1352875.1810067964
49320 1352971.2264225229
49528 1353043.2513620255
50769 1353044.7665167125
50905 1353145.6794151410
50948 1353399.2192658600
50988 1353576.4315469211
51031 1353771.1146319057
51048 1353787.6889455291
51102 1353870.9967045465
51176 1353890.0688178800
51842 1353895.4841260377
52017 1353909.8196958795
52292 1354077.2645046599
52453 1354223.7464212761
52512 1354259.5585021379
52575 1354308.4517875109
53165 1354469.0864274357
53503 1354567.3549154128
53717 1354728.0885346904
55580 1354813.1610709080
55665 1354961.2626610405
59007 1355097.6401627508
59119 1355294.8848585535
59506 1355406.8614636285
60905 1355414.3951132882
61832 1355423.9750194768
61958 1355505.8822929917
61972 1355775.4904193296
63638 1355829.6391368823
63749 1355858.2488247145
63861 1355957.8552941568
66547 1355992.9147639223
67598 1356147.6238653432
67725 1356208.6883747468
68487 1356407.9931347403
69265 1356511.4139561760
71331 1356614.8187565377
72058 1356682.3640172484
74001 1356882.6171959050
74326 1356947.3381203513
74964 1357070.1477542908
78443 1357080.3935264931
78736 1357115.1841274682
78866 1357251.2853540650
80341 1357290.5063213247
80991 1357329.0354985881
81041 1357370.6543785073
81103 1357416.7645007460
81148 1357516.9295235062
81310 1357983.1363620078
82066 1358018.9720405107
82095 1358137.2833567944
82292 1358208.6492729392
84571 1358284.1454001667
84614 1358316.4198052336
84750 1358316.8860126690
84780 1358608.8285664588
86673 1358692.4489205929
88224 1358759.1433945254
89253 1358771.0224894031
91074 1358803.6199263970
93771 1358849.1479164397
93782 1358997.6955542851
93880 1359009.5105970416
95571 1359075.9351530327
95648 1359114.0145706940
95772 1359114.3722975410
95818 1359197.4928396423
97140 1359223.6876132959
98447 1359280.6357603094
100000 1358692.6023909447
