evaluations raw_y
1 -1922.0000000000
4 -1921.0000000000
11 -1920.0000000000
14 -1919.0000000000
19 -1917.0000000000
23 -1916.0000000000
24 -1913.0000000000
26 -1912.0000000000
29 -1911.0000000000
30 -1910.0000000000
31 -1909.0000000000
32 -1908.0000000000
33 -1907.0000000000
38 -1904.0000000000
40 -1902.0000000000
54 -1901.0000000000
56 -1899.0000000000
57 -1898.0000000000
61 -1897.0000000000
70 -1896.0000000000
76 -1895.0000000000
78 -1894.0000000000
82 -1893.0000000000
84 -1892.0000000000
89 -1890.0000000000
90 -1889.0000000000
93 -1888.0000000000
98 -1887.0000000000
99 -1886.0000000000
101 -1885.0000000000
103 -1884.0000000000
104 -1881.0000000000
107 -1880.0000000000
108 -1879.0000000000
115 -1878.0000000000
121 -1876.0000000000
124 -1875.0000000000
125 -1873.0000000000
135 -1871.0000000000
142 -1869.0000000000
143 -1868.0000000000
153 -1867.0000000000
155 -1866.0000000000
157 -1865.0000000000
158 -1864.0000000000
162 -1863.0000000000
166 -1862.0000000000
167 -1861.0000000000
176 -1860.0000000000
177 -1858.0000000000
182 -1857.0000000000
183 -1856.0000000000
185 -1855.0000000000
189 -1854.0000000000
191 -1853.0000000000
192 -1852.0000000000
193 -1851.0000000000
199 -1850.0000000000
203 -1848.0000000000
209 -1847.0000000000
214 -1846.0000000000
216 -1845.0000000000
217 -1844.0000000000
235 -1843.0000000000
236 -1842.0000000000
237 -1839.0000000000
243 -1837.0000000000
245 -1836.0000000000
247 -1835.0000000000
249 -1834.0000000000
250 -1833.0000000000
254 -1831.0000000000
257 -1830.0000000000
265 -1829.0000000000
274 -1828.0000000000
280 -1826.0000000000
281 -1824.0000000000
286 -1823.0000000000
291 -1822.0000000000
294 -1820.0000000000
298 -1819.0000000000
303 -1818.0000000000
305 -1817.0000000000
318 -1815.0000000000
319 -1814.0000000000
320 -1811.0000000000
321 -1809.0000000000
324 -1808.0000000000
325 -1807.0000000000
328 -1806.0000000000
329 -1804.0000000000
336 -1803.0000000000
337 -1802.0000000000
340 -1801.0000000000
342 -1800.0000000000
344 -1799.0000000000
347 -1798.0000000000
350 -1797.0000000000
351 -1794.0000000000
355 -1793.0000000000
361 -1792.0000000000
362 -1791.0000000000
364 -1790.0000000000
367 -1788.0000000000
370 -1787.0000000000
373 -1786.0000000000
383 -1785.0000000000
387 -1784.0000000000
391 -1783.0000000000
400 -1782.0000000000
403 -1780.0000000000
405 -1779.0000000000
412 -1778.0000000000
416 -1777.0000000000
417 -1776.0000000000
418 -1775.0000000000
423 -1774.0000000000
424 -1771.0000000000
431 -1770.0000000000
436 -1769.0000000000
439 -1768.0000000000
445 -1767.0000000000
447 -1764.0000000000
451 -1763.0000000000
455 -1762.0000000000
460 -1761.0000000000
463 -1760.0000000000
464 -1759.0000000000
465 -1758.0000000000
467 -1757.0000000000
482 -1756.0000000000
484 -1755.0000000000
486 -1754.0000000000
492 -1752.0000000000
501 -1751.0000000000
505 -1749.0000000000
509 -1747.0000000000
510 -1746.0000000000
516 -1745.0000000000
519 -1744.0000000000
520 -1743.0000000000
522 -1742.0000000000
523 -1741.0000000000
525 -1740.0000000000
530 -1738.0000000000
532 -1737.0000000000
542 -1736.0000000000
549 -1735.0000000000
552 -1734.0000000000
561 -1733.0000000000
562 -1731.0000000000
563 -1730.0000000000
572 -1729.0000000000
581 -1728.0000000000
582 -1727.0000000000
583 -1726.0000000000
585 -1725.0000000000
595 -1724.0000000000
602 -1723.0000000000
604 -1722.0000000000
606 -1720.0000000000
608 -1719.0000000000
609 -1718.0000000000
615 -1717.0000000000
634 -1716.0000000000
637 -1715.0000000000
643 -1714.0000000000
645 -1713.0000000000
647 -1711.0000000000
648 -1710.0000000000
653 -1709.0000000000
659 -1708.0000000000
660 -1707.0000000000
661 -1706.0000000000
664 -1705.0000000000
668 -1704.0000000000
678 -1703.0000000000
679 -1702.0000000000
684 -1700.0000000000
686 -1699.0000000000
691 -1698.0000000000
692 -1696.0000000000
695 -1695.0000000000
701 -1694.0000000000
706 -1693.0000000000
712 -1692.0000000000
715 -1690.0000000000
718 -1689.0000000000
724 -1688.0000000000
728 -1687.0000000000
729 -1686.0000000000
732 -1685.0000000000
747 -1683.0000000000
748 -1682.0000000000
752 -1681.0000000000
753 -1680.0000000000
754 -1679.0000000000
757 -1678.0000000000
761 -1677.0000000000
767 -1676.0000000000
768 -1674.0000000000
770 -1672.0000000000
773 -1669.0000000000
775 -1668.0000000000
776 -1667.0000000000
778 -1666.0000000000
783 -1665.0000000000
785 -1664.0000000000
791 -1663.0000000000
796 -1661.0000000000
799 -1659.0000000000
800 -1657.0000000000
808 -1656.0000000000
812 -1655.0000000000
818 -1654.0000000000
825 -1653.0000000000
830 -1651.0000000000
833 -1650.0000000000
835 -1649.0000000000
838 -1648.0000000000
839 -1647.0000000000
841 -1645.0000000000
843 -1644.0000000000
850 -1643.0000000000
857 -1642.0000000000
859 -1641.0000000000
861 -1639.0000000000
865 -1638.0000000000
869 -1636.0000000000
878 -1635.0000000000
891 -1634.0000000000
903 -1633.0000000000
907 -1632.0000000000
908 -1631.0000000000
909 -1630.0000000000
913 -1628.0000000000
918 -1627.0000000000
922 -1626.0000000000
924 -1625.0000000000
925 -1622.0000000000
931 -1620.0000000000
933 -1619.0000000000
934 -1618.0000000000
936 -1616.0000000000
945 -1615.0000000000
946 -1614.0000000000
950 -1613.0000000000
953 -1611.0000000000
955 -1608.0000000000
956 -1607.0000000000
959 -1606.0000000000
965 -1604.0000000000
967 -1603.0000000000
971 -1602.0000000000
973 -1601.0000000000
977 -1600.0000000000
990 -1599.0000000000
996 -1598.0000000000
997 -1597.0000000000
999 -1596.0000000000
1007 -1595.0000000000
1012 -1594.0000000000
1014 -1593.0000000000
1025 -1592.0000000000
1029 -1591.0000000000
1032 -1590.0000000000
1036 -1589.0000000000
1049 -1588.0000000000
1052 -1587.0000000000
1053 -1585.0000000000
1055 -1583.0000000000
1057 -1582.0000000000
1062 -1581.0000000000
1063 -1579.0000000000
1077 -1578.0000000000
1080 -1577.0000000000
1093 -1576.0000000000
1094 -1575.0000000000
1097 -1574.0000000000
1101 -1572.0000000000
1103 -1571.0000000000
1106 -1570.0000000000
1107 -1569.0000000000
1109 -1568.0000000000
1121 -1567.0000000000
1126 -1566.0000000000
1128 -1564.0000000000
1136 -1561.0000000000
1139 -1560.0000000000
1140 -1557.0000000000
1145 -1556.0000000000
1146 -1555.0000000000
1148 -1553.0000000000
1149 -1552.0000000000
1158 -1550.0000000000
1166 -1549.0000000000
1177 -1546.0000000000
1181 -1545.0000000000
1184 -1544.0000000000
1185 -1543.0000000000
1189 -1541.0000000000
1201 -1540.0000000000
1202 -1539.0000000000
1207 -1538.0000000000
1208 -1537.0000000000
1209 -1536.0000000000
1210 -1534.0000000000
1212 -1533.0000000000
1216 -1532.0000000000
1225 -1531.0000000000
1230 -1530.0000000000
1232 -1529.0000000000
1235 -1528.0000000000
1240 -1527.0000000000
1241 -1525.0000000000
1244 -1524.0000000000
1245 -1523.0000000000
1247 -1522.0000000000
1248 -1521.0000000000
1251 -1520.0000000000
1255 -1519.0000000000
1261 -1517.0000000000
1267 -1516.0000000000
1270 -1515.0000000000
1271 -1514.0000000000
1272 -1513.0000000000
1277 -1512.0000000000
1278 -1511.0000000000
1291 -1510.0000000000
1305 -1509.0000000000
1308 -1508.0000000000
1309 -1507.0000000000
1313 -1506.0000000000
1314 -1505.0000000000
1318 -1504.0000000000
1327 -1503.0000000000
1333 -1502.0000000000
1339 -1501.0000000000
1343 -1500.0000000000
1344 -1499.0000000000
1350 -1498.0000000000
1351 -1497.0000000000
1354 -1496.0000000000
1356 -1495.0000000000
1377 -1494.0000000000
1378 -1493.0000000000
1379 -1491.0000000000
1382 -1490.0000000000
1394 -1489.0000000000
1399 -1488.0000000000
1400 -1487.0000000000
1410 -1486.0000000000
1412 -1485.0000000000
1417 -1482.0000000000
1419 -1481.0000000000
1423 -1480.0000000000
1431 -1479.0000000000
1433 -1478.0000000000
1436 -1477.0000000000
1437 -1475.0000000000
1438 -1473.0000000000
1439 -1471.0000000000
1440 -1470.0000000000
1448 -1469.0000000000
1454 -1467.0000000000
1462 -1466.0000000000
1463 -1465.0000000000
1466 -1464.0000000000
1470 -1463.0000000000
1471 -1462.0000000000
1481 -1461.0000000000
1492 -1459.0000000000
1493 -1457.0000000000
1495 -1456.0000000000
1497 -1455.0000000000
1501 -1453.0000000000
1519 -1452.0000000000
1522 -1450.0000000000
1531 -1449.0000000000
1534 -1448.0000000000
1535 -1446.0000000000
1538 -1445.0000000000
1542 -1444.0000000000
1543 -1443.0000000000
1544 -1440.0000000000
1551 -1439.0000000000
1561 -1438.0000000000
1568 -1437.0000000000
1569 -1435.0000000000
1580 -1434.0000000000
1584 -1433.0000000000
1585 -1432.0000000000
1587 -1431.0000000000
1592 -1430.0000000000
1596 -1429.0000000000
1597 -1428.0000000000
1600 -1425.0000000000
1604 -1423.0000000000
1605 -1422.0000000000
1613 -1421.0000000000
1618 -1418.0000000000
1619 -1417.0000000000
1621 -1416.0000000000
1625 -1415.0000000000
1627 -1414.0000000000
1632 -1413.0000000000
1637 -1411.0000000000
1644 -1410.0000000000
1648 -1409.0000000000
1652 -1408.0000000000
1667 -1406.0000000000
1671 -1404.0000000000
1673 -1403.0000000000
1680 -1402.0000000000
1696 -1401.0000000000
1697 -1399.0000000000
1700 -1398.0000000000
1701 -1397.0000000000
1706 -1396.0000000000
1710 -1395.0000000000
1721 -1394.0000000000
1723 -1391.0000000000
1731 -1390.0000000000
1747 -1389.0000000000
1751 -1388.0000000000
1754 -1387.0000000000
1759 -1386.0000000000
1762 -1385.0000000000
1767 -1384.0000000000
1778 -1383.0000000000
1781 -1382.0000000000
1789 -1381.0000000000
1793 -1380.0000000000
1798 -1379.0000000000
1802 -1378.0000000000
1806 -1377.0000000000
1811 -1376.0000000000
1819 -1375.0000000000
1831 -1374.0000000000
1833 -1373.0000000000
1836 -1372.0000000000
1837 -1371.0000000000
1840 -1370.0000000000
1841 -1369.0000000000
1845 -1368.0000000000
1847 -1367.0000000000
1848 -1364.0000000000
1849 -1363.0000000000
1851 -1362.0000000000
1855 -1361.0000000000
1861 -1360.0000000000
1885 -1359.0000000000
1891 -1358.0000000000
1894 -1357.0000000000
1899 -1356.0000000000
1901 -1355.0000000000
1903 -1354.0000000000
1906 -1352.0000000000
1909 -1351.0000000000
1912 -1350.0000000000
1929 -1349.0000000000
1930 -1348.0000000000
1939 -1347.0000000000
1942 -1346.0000000000
1954 -1344.0000000000
1959 -1343.0000000000
1961 -1342.0000000000
1963 -1341.0000000000
1968 -1340.0000000000
1969 -1339.0000000000
1976 -1338.0000000000
1978 -1337.0000000000
1983 -1336.0000000000
1986 -1335.0000000000
1988 -1334.0000000000
2012 -1333.0000000000
2014 -1332.0000000000
2026 -1331.0000000000
2028 -1330.0000000000
2029 -1329.0000000000
2043 -1328.0000000000
2046 -1327.0000000000
2058 -1326.0000000000
2059 -1325.0000000000
2070 -1324.0000000000
2093 -1323.0000000000
2105 -1322.0000000000
2109 -1321.0000000000
2110 -1319.0000000000
2112 -1316.0000000000
2121 -1315.0000000000
2134 -1314.0000000000
2135 -1313.0000000000
2144 -1312.0000000000
2147 -1311.0000000000
2149 -1310.0000000000
2150 -1309.0000000000
2154 -1308.0000000000
2155 -1307.0000000000
2157 -1306.0000000000
2158 -1304.0000000000
2173 -1299.0000000000
2175 -1296.0000000000
2188 -1295.0000000000
2192 -1294.0000000000
2202 -1293.0000000000
2203 -1292.0000000000
2210 -1291.0000000000
2236 -1290.0000000000
2240 -1289.0000000000
2254 -1288.0000000000
2258 -1287.0000000000
2284 -1286.0000000000
2293 -1285.0000000000
2302 -1284.0000000000
2310 -1283.0000000000
2314 -1282.0000000000
2317 -1281.0000000000
2326 -1280.0000000000
2334 -1279.0000000000
2335 -1278.0000000000
2336 -1277.0000000000
2339 -1276.0000000000
2349 -1275.0000000000
2355 -1274.0000000000
2360 -1273.0000000000
2361 -1272.0000000000
2367 -1271.0000000000
2376 -1270.0000000000
2379 -1269.0000000000
2386 -1268.0000000000
2402 -1267.0000000000
2406 -1266.0000000000
2408 -1265.0000000000
2429 -1264.0000000000
2443 -1263.0000000000
2452 -1262.0000000000
2461 -1260.0000000000
2462 -1259.0000000000
2468 -1258.0000000000
2476 -1257.0000000000
2478 -1256.0000000000
2492 -1255.0000000000
2498 -1254.0000000000
2501 -1253.0000000000
2513 -1252.0000000000
2514 -1251.0000000000
2519 -1250.0000000000
2523 -1249.0000000000
2526 -1247.0000000000
2551 -1246.0000000000
2568 -1244.0000000000
2570 -1243.0000000000
2578 -1241.0000000000
2584 -1240.0000000000
2585 -1239.0000000000
2593 -1237.0000000000
2603 -1236.0000000000
2616 -1235.0000000000
2624 -1234.0000000000
2627 -1232.0000000000
2633 -1231.0000000000
2635 -1230.0000000000
2644 -1228.0000000000
2649 -1225.0000000000
2654 -1222.0000000000
2668 -1221.0000000000
2676 -1218.0000000000
2682 -1217.0000000000
2684 -1216.0000000000
2690 -1215.0000000000
2705 -1214.0000000000
2709 -1213.0000000000
2718 -1212.0000000000
2723 -1211.0000000000
2725 -1209.0000000000
2743 -1208.0000000000
2752 -1207.0000000000
2757 -1206.0000000000
2759 -1205.0000000000
2768 -1204.0000000000
2770 -1203.0000000000
2774 -1202.0000000000
2786 -1201.0000000000
2792 -1200.0000000000
2793 -1199.0000000000
2804 -1198.0000000000
2805 -1197.0000000000
2825 -1196.0000000000
2827 -1195.0000000000
2828 -1194.0000000000
2833 -1193.0000000000
2856 -1191.0000000000
2860 -1190.0000000000
2864 -1189.0000000000
2884 -1188.0000000000
2887 -1187.0000000000
2891 -1186.0000000000
2892 -1185.0000000000
2895 -1184.0000000000
2896 -1183.0000000000
2901 -1181.0000000000
2907 -1180.0000000000
2908 -1177.0000000000
2915 -1174.0000000000
2921 -1172.0000000000
2929 -1171.0000000000
2946 -1170.0000000000
2949 -1169.0000000000
2950 -1168.0000000000
2956 -1165.0000000000
2957 -1164.0000000000
2973 -1163.0000000000
2974 -1162.0000000000
2979 -1161.0000000000
2991 -1160.0000000000
2996 -1158.0000000000
2998 -1157.0000000000
2999 -1156.0000000000
3005 -1155.0000000000
3008 -1154.0000000000
3015 -1153.0000000000
3022 -1152.0000000000
3031 -1151.0000000000
3037 -1150.0000000000
3042 -1149.0000000000
3045 -1148.0000000000
3053 -1147.0000000000
3056 -1146.0000000000
3060 -1145.0000000000
3070 -1144.0000000000
3078 -1143.0000000000
3083 -1142.0000000000
3087 -1141.0000000000
3092 -1140.0000000000
3104 -1139.0000000000
3120 -1137.0000000000
3123 -1136.0000000000
3125 -1135.0000000000
3153 -1134.0000000000
3161 -1133.0000000000
3162 -1132.0000000000
3171 -1131.0000000000
3172 -1130.0000000000
3177 -1129.0000000000
3178 -1127.0000000000
3179 -1126.0000000000
3200 -1125.0000000000
3214 -1123.0000000000
3215 -1122.0000000000
3218 -1120.0000000000
3226 -1119.0000000000
3227 -1118.0000000000
3233 -1116.0000000000
3234 -1115.0000000000
3238 -1114.0000000000
3255 -1113.0000000000
3262 -1112.0000000000
3268 -1111.0000000000
3274 -1110.0000000000
3276 -1109.0000000000
3277 -1108.0000000000
3282 -1107.0000000000
3285 -1106.0000000000
3303 -1105.0000000000
3304 -1104.0000000000
3332 -1103.0000000000
3336 -1100.0000000000
3337 -1099.0000000000
3343 -1098.0000000000
3345 -1097.0000000000
3351 -1096.0000000000
3354 -1095.0000000000
3367 -1094.0000000000
3371 -1093.0000000000
3390 -1092.0000000000
3393 -1091.0000000000
3401 -1089.0000000000
3402 -1088.0000000000
3403 -1087.0000000000
3409 -1086.0000000000
3417 -1085.0000000000
3418 -1084.0000000000
3442 -1083.0000000000
3448 -1082.0000000000
3464 -1081.0000000000
3467 -1079.0000000000
3476 -1078.0000000000
3478 -1077.0000000000
3499 -1076.0000000000
3520 -1075.0000000000
3530 -1074.0000000000
3532 -1073.0000000000
3543 -1072.0000000000
3548 -1071.0000000000
3549 -1070.0000000000
3560 -1069.0000000000
3563 -1068.0000000000
3573 -1067.0000000000
3575 -1066.0000000000
3580 -1064.0000000000
3581 -1063.0000000000
3588 -1060.0000000000
3604 -1059.0000000000
3616 -1058.0000000000
3619 -1057.0000000000
3628 -1056.0000000000
3637 -1055.0000000000
3644 -1054.0000000000
3650 -1052.0000000000
3651 -1051.0000000000
3654 -1050.0000000000
3666 -1049.0000000000
3667 -1048.0000000000
3674 -1047.0000000000
3678 -1046.0000000000
3680 -1045.0000000000
3718 -1044.0000000000
3732 -1043.0000000000
3734 -1042.0000000000
3735 -1041.0000000000
3760 -1040.0000000000
3773 -1039.0000000000
3778 -1038.0000000000
3790 -1037.0000000000
3791 -1036.0000000000
3796 -1035.0000000000
3797 -1034.0000000000
3800 -1033.0000000000
3803 -1032.0000000000
3809 -1030.0000000000
3810 -1029.0000000000
3813 -1028.0000000000
3814 -1027.0000000000
3825 -1026.0000000000
3843 -1025.0000000000
3853 -1024.0000000000
3855 -1023.0000000000
3865 -1022.0000000000
3871 -1021.0000000000
3913 -1020.0000000000
3915 -1019.0000000000
3931 -1017.0000000000
3939 -1016.0000000000
3940 -1014.0000000000
3948 -1013.0000000000
3954 -1012.0000000000
3958 -1010.0000000000
3965 -1009.0000000000
3989 -1008.0000000000
3994 -1007.0000000000
3998 -1005.0000000000
4000 -1004.0000000000
4014 -1003.0000000000
4027 -1002.0000000000
4045 -1001.0000000000
4052 -1000.0000000000
4061 -999.0000000000
4064 -998.0000000000
4066 -997.0000000000
4077 -996.0000000000
4091 -994.0000000000
4096 -993.0000000000
4103 -992.0000000000
4110 -991.0000000000
4114 -990.0000000000
4118 -988.0000000000
4119 -987.0000000000
4127 -986.0000000000
4134 -985.0000000000
4135 -984.0000000000
4137 -982.0000000000
4140 -981.0000000000
4143 -980.0000000000
4152 -979.0000000000
4156 -977.0000000000
4176 -976.0000000000
4179 -975.0000000000
4183 -974.0000000000
4186 -973.0000000000
4190 -972.0000000000
4191 -971.0000000000
4202 -970.0000000000
4213 -969.0000000000
4214 -968.0000000000
4221 -967.0000000000
4229 -966.0000000000
4249 -965.0000000000
4252 -964.0000000000
4257 -963.0000000000
4259 -962.0000000000
4273 -961.0000000000
4285 -960.0000000000
4288 -959.0000000000
4293 -958.0000000000
4296 -957.0000000000
4303 -956.0000000000
4310 -955.0000000000
4312 -954.0000000000
4329 -953.0000000000
4335 -952.0000000000
4352 -951.0000000000
4355 -950.0000000000
4361 -949.0000000000
4371 -947.0000000000
4376 -946.0000000000
4385 -945.0000000000
4395 -944.0000000000
4397 -943.0000000000
4403 -942.0000000000
4416 -941.0000000000
4422 -940.0000000000
4437 -938.0000000000
4457 -937.0000000000
4459 -936.0000000000
4462 -935.0000000000
4473 -934.0000000000
4478 -933.0000000000
4488 -932.0000000000
4490 -931.0000000000
4491 -930.0000000000
4497 -928.0000000000
4499 -927.0000000000
4504 -926.0000000000
4507 -925.0000000000
4519 -924.0000000000
4523 -923.0000000000
4538 -922.0000000000
4541 -921.0000000000
4542 -920.0000000000
4552 -918.0000000000
4567 -917.0000000000
4587 -916.0000000000
4591 -915.0000000000
4593 -914.0000000000
4596 -913.0000000000
4597 -911.0000000000
4602 -910.0000000000
4606 -908.0000000000
4627 -907.0000000000
4629 -905.0000000000
4632 -904.0000000000
4645 -903.0000000000
4648 -902.0000000000
4662 -901.0000000000
4667 -900.0000000000
4670 -899.0000000000
4676 -898.0000000000
4692 -897.0000000000
4699 -896.0000000000
4706 -894.0000000000
4715 -893.0000000000
4733 -892.0000000000
4734 -891.0000000000
4752 -890.0000000000
4753 -889.0000000000
4754 -887.0000000000
4763 -886.0000000000
4769 -885.0000000000
4778 -884.0000000000
4784 -882.0000000000
4807 -881.0000000000
4809 -880.0000000000
4810 -879.0000000000
4833 -878.0000000000
4836 -876.0000000000
4841 -875.0000000000
4849 -874.0000000000
4858 -873.0000000000
4871 -872.0000000000
4872 -871.0000000000
4881 -870.0000000000
4892 -868.0000000000
4898 -867.0000000000
4901 -866.0000000000
4913 -865.0000000000
4914 -864.0000000000
4925 -863.0000000000
4933 -862.0000000000
4939 -861.0000000000
4945 -860.0000000000
4959 -859.0000000000
4962 -858.0000000000
4964 -857.0000000000
4971 -856.0000000000
4989 -855.0000000000
4996 -854.0000000000
5009 -853.0000000000
5010 -852.0000000000
5025 -851.0000000000
5026 -850.0000000000
5028 -849.0000000000
5038 -848.0000000000
5042 -847.0000000000
5048 -846.0000000000
5063 -845.0000000000
5084 -844.0000000000
5095 -843.0000000000
5098 -842.0000000000
5099 -841.0000000000
5105 -839.0000000000
5107 -838.0000000000
5110 -837.0000000000
5142 -836.0000000000
5145 -835.0000000000
5148 -834.0000000000
5151 -833.0000000000
5158 -832.0000000000
5198 -831.0000000000
5215 -830.0000000000
5219 -829.0000000000
5225 -828.0000000000
5235 -827.0000000000
5236 -826.0000000000
5247 -825.0000000000
5268 -824.0000000000
5269 -823.0000000000
5270 -822.0000000000
5288 -821.0000000000
5294 -820.0000000000
5297 -819.0000000000
5300 -818.0000000000
5311 -817.0000000000
5322 -816.0000000000
5335 -813.0000000000
5338 -810.0000000000
5339 -809.0000000000
5354 -808.0000000000
5356 -807.0000000000
5364 -806.0000000000
5368 -805.0000000000
5370 -804.0000000000
5373 -803.0000000000
5390 -802.0000000000
5395 -801.0000000000
5405 -799.0000000000
5424 -798.0000000000
5425 -797.0000000000
5433 -796.0000000000
5449 -795.0000000000
5452 -794.0000000000
5489 -793.0000000000
5494 -792.0000000000
5501 -790.0000000000
5504 -789.0000000000
5505 -788.0000000000
5520 -787.0000000000
5548 -786.0000000000
5563 -785.0000000000
5580 -784.0000000000
5593 -783.0000000000
5598 -782.0000000000
5616 -781.0000000000
5622 -779.0000000000
5627 -778.0000000000
5629 -777.0000000000
5635 -775.0000000000
5640 -773.0000000000
5643 -772.0000000000
5683 -771.0000000000
5702 -770.0000000000
5719 -769.0000000000
5720 -768.0000000000
5727 -767.0000000000
5731 -766.0000000000
5736 -765.0000000000
5741 -764.0000000000
5743 -763.0000000000
5751 -762.0000000000
5756 -761.0000000000
5768 -760.0000000000
5770 -758.0000000000
5793 -757.0000000000
5794 -756.0000000000
5831 -755.0000000000
5834 -754.0000000000
5836 -753.0000000000
5859 -752.0000000000
5860 -751.0000000000
5885 -750.0000000000
5888 -749.0000000000
5903 -747.0000000000
5904 -746.0000000000
5906 -745.0000000000
5932 -744.0000000000
5936 -743.0000000000
5940 -742.0000000000
5949 -741.0000000000
5952 -739.0000000000
5955 -738.0000000000
5956 -737.0000000000
5978 -736.0000000000
5990 -735.0000000000
5998 -734.0000000000
6000 -733.0000000000
6001 -732.0000000000
6028 -731.0000000000
6035 -730.0000000000
6039 -729.0000000000
6043 -728.0000000000
6052 -727.0000000000
6063 -726.0000000000
6068 -725.0000000000
6071 -724.0000000000
6085 -723.0000000000
6089 -722.0000000000
6113 -721.0000000000
6134 -720.0000000000
6148 -719.0000000000
6169 -718.0000000000
6187 -717.0000000000
6188 -716.0000000000
6193 -715.0000000000
6199 -714.0000000000
6229 -713.0000000000
6231 -712.0000000000
6241 -711.0000000000
6244 -710.0000000000
6246 -709.0000000000
6265 -708.0000000000
6290 -707.0000000000
6304 -706.0000000000
6313 -705.0000000000
6339 -704.0000000000
6341 -702.0000000000
6343 -701.0000000000
6345 -700.0000000000
6346 -699.0000000000
6348 -698.0000000000
6350 -697.0000000000
6392 -696.0000000000
6397 -695.0000000000
6400 -694.0000000000
6423 -693.0000000000
6424 -691.0000000000
6430 -690.0000000000
6431 -689.0000000000
6436 -688.0000000000
6443 -687.0000000000
6444 -686.0000000000
6446 -685.0000000000
6467 -683.0000000000
6470 -682.0000000000
6494 -681.0000000000
6498 -680.0000000000
6526 -678.0000000000
6533 -677.0000000000
6562 -675.0000000000
6563 -674.0000000000
6580 -672.0000000000
6627 -671.0000000000
6637 -670.0000000000
6648 -669.0000000000
6658 -668.0000000000
6661 -667.0000000000
6676 -666.0000000000
6680 -665.0000000000
6703 -664.0000000000
6704 -663.0000000000
6716 -662.0000000000
6717 -661.0000000000
6723 -659.0000000000
6735 -658.0000000000
6753 -657.0000000000
6763 -656.0000000000
6775 -655.0000000000
6794 -654.0000000000
6797 -653.0000000000
6820 -652.0000000000
6841 -651.0000000000
6842 -650.0000000000
6845 -649.0000000000
6853 -648.0000000000
6854 -647.0000000000
6860 -646.0000000000
6861 -644.0000000000
6880 -643.0000000000
6887 -641.0000000000
6896 -640.0000000000
6900 -639.0000000000
6911 -638.0000000000
6931 -637.0000000000
6937 -636.0000000000
6943 -635.0000000000
6955 -634.0000000000
6956 -633.0000000000
6958 -632.0000000000
6959 -631.0000000000
6963 -630.0000000000
6970 -629.0000000000
6984 -628.0000000000
6986 -627.0000000000
6988 -626.0000000000
6995 -625.0000000000
7030 -624.0000000000
7067 -623.0000000000
7070 -622.0000000000
7110 -621.0000000000
7117 -620.0000000000
7133 -619.0000000000
7152 -618.0000000000
7166 -617.0000000000
7169 -616.0000000000
7174 -615.0000000000
7189 -614.0000000000
7199 -613.0000000000
7208 -612.0000000000
7232 -611.0000000000
7234 -610.0000000000
7266 -609.0000000000
7276 -608.0000000000
7279 -607.0000000000
7297 -606.0000000000
7308 -605.0000000000
7333 -604.0000000000
7372 -603.0000000000
7379 -602.0000000000
7396 -601.0000000000
7402 -599.0000000000
7407 -598.0000000000
7418 -597.0000000000
7436 -596.0000000000
7443 -595.0000000000
7456 -594.0000000000
7459 -593.0000000000
7460 -592.0000000000
7481 -590.0000000000
7488 -589.0000000000
7500 -588.0000000000
7504 -587.0000000000
7529 -586.0000000000
7544 -584.0000000000
7566 -583.0000000000
7567 -582.0000000000
7591 -581.0000000000
7616 -580.0000000000
7632 -579.0000000000
7643 -578.0000000000
7668 -577.0000000000
7670 -576.0000000000
7677 -575.0000000000
7686 -574.0000000000
7724 -573.0000000000
7741 -572.0000000000
7742 -571.0000000000
7748 -570.0000000000
7761 -568.0000000000
7762 -567.0000000000
7769 -566.0000000000
7776 -564.0000000000
7798 -562.0000000000
7818 -561.0000000000
7824 -560.0000000000
7827 -559.0000000000
7829 -558.0000000000
7832 -557.0000000000
7863 -556.0000000000
7905 -555.0000000000
7906 -554.0000000000
7920 -553.0000000000
7929 -552.0000000000
7937 -551.0000000000
7962 -550.0000000000
7965 -549.0000000000
8029 -548.0000000000
8031 -547.0000000000
8066 -546.0000000000
8075 -545.0000000000
8082 -544.0000000000
8083 -543.0000000000
8087 -542.0000000000
8103 -541.0000000000
8117 -540.0000000000
8133 -539.0000000000
8137 -538.0000000000
8146 -536.0000000000
8150 -535.0000000000
8153 -534.0000000000
8154 -533.0000000000
8197 -532.0000000000
8204 -531.0000000000
8218 -530.0000000000
8225 -529.0000000000
8229 -528.0000000000
8243 -527.0000000000
8256 -526.0000000000
8295 -524.0000000000
8298 -523.0000000000
8320 -522.0000000000
8325 -521.0000000000
8326 -520.0000000000
8350 -519.0000000000
8360 -518.0000000000
8362 -517.0000000000
8375 -516.0000000000
8397 -515.0000000000
8406 -514.0000000000
8412 -513.0000000000
8420 -512.0000000000
8421 -511.0000000000
8430 -510.0000000000
8433 -509.0000000000
8440 -508.0000000000
8520 -507.0000000000
8553 -506.0000000000
8575 -505.0000000000
8592 -504.0000000000
8597 -503.0000000000
8646 -502.0000000000
8654 -501.0000000000
8676 -500.0000000000
8687 -499.0000000000
8696 -498.0000000000
8700 -496.0000000000
8733 -495.0000000000
8742 -494.0000000000
8743 -493.0000000000
8772 -492.0000000000
8790 -491.0000000000
8797 -489.0000000000
8813 -488.0000000000
8821 -487.0000000000
8832 -486.0000000000
8844 -484.0000000000
8852 -483.0000000000
8879 -482.0000000000
8900 -481.0000000000
8907 -480.0000000000
8940 -479.0000000000
8971 -478.0000000000
8972 -477.0000000000
8979 -476.0000000000
8990 -475.0000000000
9001 -474.0000000000
9009 -473.0000000000
9028 -472.0000000000
9085 -471.0000000000
9105 -470.0000000000
9110 -469.0000000000
9127 -468.0000000000
9143 -467.0000000000
9156 -465.0000000000
9168 -464.0000000000
9175 -463.0000000000
9180 -462.0000000000
9182 -461.0000000000
9199 -460.0000000000
9207 -459.0000000000
9261 -458.0000000000
9286 -457.0000000000
9322 -455.0000000000
9335 -454.0000000000
9368 -453.0000000000
9393 -452.0000000000
9423 -451.0000000000
9433 -450.0000000000
9442 -449.0000000000
9443 -448.0000000000
9458 -447.0000000000
9485 -446.0000000000
9498 -445.0000000000
9499 -444.0000000000
9506 -443.0000000000
9544 -441.0000000000
9570 -440.0000000000
9574 -439.0000000000
9585 -438.0000000000
9623 -436.0000000000
9640 -435.0000000000
9691 -434.0000000000
9703 -433.0000000000
9730 -432.0000000000
9762 -431.0000000000
9763 -430.0000000000
9765 -429.0000000000
9788 -428.0000000000
9852 -427.0000000000
9887 -426.0000000000
9903 -425.0000000000
9989 -424.0000000000
10000 -427.0000000000
