evaluations raw_y
1 -1976.0000000000
2 -1961.0000000000
11 -1951.0000000000
23 -1927.0000000000
52 -1925.0000000000
60 -1902.0000000000
68 -1899.0000000000
76 -1898.0000000000
79 -1882.0000000000
83 -1880.0000000000
89 -1868.0000000000
112 -1867.0000000000
121 -1849.0000000000
154 -1838.0000000000
156 -1837.0000000000
164 -1828.0000000000
184 -1826.0000000000
214 -1821.0000000000
234 -1819.0000000000
241 -1818.0000000000
243 -1809.0000000000
253 -1799.0000000000
266 -1797.0000000000
287 -1794.0000000000
292 -1790.0000000000
306 -1786.0000000000
323 -1784.0000000000
331 -1779.0000000000
345 -1777.0000000000
362 -1776.0000000000
365 -1760.0000000000
401 -1755.0000000000
427 -1752.0000000000
436 -1750.0000000000
463 -1749.0000000000
479 -1747.0000000000
481 -1742.0000000000
524 -1741.0000000000
542 -1737.0000000000
561 -1736.0000000000
568 -1734.0000000000
582 -1733.0000000000
583 -1732.0000000000
611 -1730.0000000000
628 -1729.0000000000
649 -1727.0000000000
656 -1726.0000000000
663 -1725.0000000000
677 -1724.0000000000
682 -1721.0000000000
701 -1719.0000000000
725 -1718.0000000000
726 -1717.0000000000
739 -1716.0000000000
749 -1713.0000000000
767 -1712.0000000000
782 -1711.0000000000
793 -1710.0000000000
802 -1707.0000000000
822 -1706.0000000000
843 -1705.0000000000
853 -1704.0000000000
859 -1703.0000000000
864 -1702.0000000000
869 -1701.0000000000
889 -1699.0000000000
904 -1697.0000000000
943 -1695.0000000000
946 -1694.0000000000
992 -1691.0000000000
1005 -1690.0000000000
1037 -1689.0000000000
1050 -1688.0000000000
1070 -1685.0000000000
1081 -1683.0000000000
1083 -1682.0000000000
1103 -1681.0000000000
1104 -1678.0000000000
1129 -1677.0000000000
1148 -1676.0000000000
1152 -1675.0000000000
1161 -1673.0000000000
1168 -1671.0000000000
1185 -1670.0000000000
1196 -1669.0000000000
1211 -1666.0000000000
1260 -1665.0000000000
1261 -1663.0000000000
1275 -1661.0000000000
1303 -1660.0000000000
1321 -1658.0000000000
1340 -1656.0000000000
1365 -1655.0000000000
1366 -1654.0000000000
1369 -1652.0000000000
1383 -1651.0000000000
1387 -1650.0000000000
1401 -1648.0000000000
1434 -1647.0000000000
1446 -1645.0000000000
1448 -1644.0000000000
1470 -1641.0000000000
1488 -1636.0000000000
1561 -1635.0000000000
1571 -1632.0000000000
1592 -1631.0000000000
1601 -1630.0000000000
1602 -1628.0000000000
1606 -1626.0000000000
1635 -1624.0000000000
1642 -1622.0000000000
1670 -1621.0000000000
1699 -1620.0000000000
1704 -1619.0000000000
1723 -1618.0000000000
1743 -1614.0000000000
1783 -1613.0000000000
1799 -1612.0000000000
1801 -1611.0000000000
1823 -1610.0000000000
1847 -1609.0000000000
1852 -1607.0000000000
1875 -1606.0000000000
1886 -1605.0000000000
1900 -1604.0000000000
1911 -1603.0000000000
1925 -1602.0000000000
1926 -1601.0000000000
1952 -1599.0000000000
1965 -1597.0000000000
1988 -1596.0000000000
2002 -1595.0000000000
2021 -1594.0000000000
2041 -1593.0000000000
2063 -1592.0000000000
2069 -1590.0000000000
2082 -1588.0000000000
2123 -1587.0000000000
2142 -1586.0000000000
2143 -1585.0000000000
2147 -1582.0000000000
2173 -1581.0000000000
2210 -1580.0000000000
2229 -1579.0000000000
2239 -1578.0000000000
2257 -1577.0000000000
2262 -1574.0000000000
2307 -1573.0000000000
2308 -1572.0000000000
2336 -1571.0000000000
2347 -1570.0000000000
2352 -1568.0000000000
2361 -1567.0000000000
2383 -1566.0000000000
2405 -1565.0000000000
2407 -1564.0000000000
2443 -1563.0000000000
2449 -1559.0000000000
2495 -1558.0000000000
2501 -1557.0000000000
2506 -1556.0000000000
2522 -1555.0000000000
2530 -1554.0000000000
2544 -1553.0000000000
2562 -1552.0000000000
2576 -1550.0000000000
2600 -1548.0000000000
2624 -1546.0000000000
2634 -1545.0000000000
2645 -1543.0000000000
2671 -1542.0000000000
2674 -1541.0000000000
2675 -1539.0000000000
2692 -1538.0000000000
2707 -1537.0000000000
2713 -1536.0000000000
2724 -1535.0000000000
2753 -1534.0000000000
2758 -1533.0000000000
2788 -1532.0000000000
2804 -1531.0000000000
2824 -1528.0000000000
2841 -1527.0000000000
2871 -1524.0000000000
2887 -1523.0000000000
2892 -1521.0000000000
2935 -1520.0000000000
2948 -1517.0000000000
2966 -1516.0000000000
2998 -1515.0000000000
3002 -1514.0000000000
3032 -1511.0000000000
3051 -1510.0000000000
3068 -1509.0000000000
3083 -1508.0000000000
3109 -1507.0000000000
3124 -1505.0000000000
3146 -1504.0000000000
3157 -1503.0000000000
3184 -1502.0000000000
3205 -1501.0000000000
3206 -1500.0000000000
3207 -1498.0000000000
3223 -1497.0000000000
3265 -1495.0000000000
3290 -1494.0000000000
3294 -1493.0000000000
3321 -1492.0000000000
3336 -1491.0000000000
3343 -1490.0000000000
3352 -1488.0000000000
3381 -1487.0000000000
3383 -1485.0000000000
3402 -1484.0000000000
3416 -1483.0000000000
3424 -1482.0000000000
3442 -1481.0000000000
3465 -1480.0000000000
3476 -1479.0000000000
3507 -1478.0000000000
3519 -1476.0000000000
3523 -1475.0000000000
3556 -1474.0000000000
3566 -1472.0000000000
3581 -1469.0000000000
3604 -1465.0000000000
3638 -1463.0000000000
3646 -1462.0000000000
3656 -1461.0000000000
3664 -1460.0000000000
3679 -1459.0000000000
3706 -1458.0000000000
3719 -1457.0000000000
3739 -1455.0000000000
3763 -1454.0000000000
3773 -1453.0000000000
3791 -1452.0000000000
3803 -1451.0000000000
3822 -1450.0000000000
3823 -1449.0000000000
3863 -1448.0000000000
3866 -1446.0000000000
3873 -1445.0000000000
3897 -1444.0000000000
3902 -1441.0000000000
3964 -1440.0000000000
3969 -1439.0000000000
3984 -1436.0000000000
4004 -1434.0000000000
4039 -1433.0000000000
4041 -1428.0000000000
4088 -1427.0000000000
4092 -1426.0000000000
4111 -1424.0000000000
4126 -1423.0000000000
4133 -1422.0000000000
4161 -1419.0000000000
4192 -1417.0000000000
4223 -1416.0000000000
4242 -1414.0000000000
4253 -1413.0000000000
4281 -1412.0000000000
4292 -1410.0000000000
4307 -1409.0000000000
4338 -1407.0000000000
4352 -1406.0000000000
4361 -1403.0000000000
4403 -1398.0000000000
4457 -1397.0000000000
4459 -1396.0000000000
4470 -1395.0000000000
4483 -1394.0000000000
4486 -1392.0000000000
4508 -1391.0000000000
4514 -1390.0000000000
4542 -1389.0000000000
4552 -1386.0000000000
4601 -1385.0000000000
4607 -1383.0000000000
4622 -1381.0000000000
4687 -1379.0000000000
4713 -1378.0000000000
4721 -1377.0000000000
4742 -1376.0000000000
4747 -1375.0000000000
4768 -1371.0000000000
4786 -1369.0000000000
4810 -1367.0000000000
4821 -1366.0000000000
4860 -1364.0000000000
4864 -1363.0000000000
4893 -1362.0000000000
4922 -1361.0000000000
4929 -1360.0000000000
4951 -1359.0000000000
4966 -1358.0000000000
4982 -1357.0000000000
4993 -1356.0000000000
5007 -1355.0000000000
5019 -1353.0000000000
5021 -1350.0000000000
5061 -1347.0000000000
5084 -1344.0000000000
5124 -1343.0000000000
5126 -1342.0000000000
5142 -1341.0000000000
5186 -1339.0000000000
5210 -1338.0000000000
5227 -1337.0000000000
5242 -1336.0000000000
5254 -1335.0000000000
5263 -1333.0000000000
5296 -1332.0000000000
5303 -1331.0000000000
5334 -1329.0000000000
5342 -1328.0000000000
5362 -1327.0000000000
5383 -1326.0000000000
5407 -1324.0000000000
5422 -1323.0000000000
5448 -1322.0000000000
5471 -1321.0000000000
5483 -1320.0000000000
5505 -1319.0000000000
5527 -1318.0000000000
5546 -1317.0000000000
5548 -1316.0000000000
5563 -1315.0000000000
5588 -1313.0000000000
5611 -1312.0000000000
5622 -1311.0000000000
5653 -1310.0000000000
5661 -1308.0000000000
5684 -1306.0000000000
5702 -1304.0000000000
5731 -1303.0000000000
5754 -1302.0000000000
5764 -1301.0000000000
5795 -1300.0000000000
5802 -1299.0000000000
5821 -1296.0000000000
5865 -1295.0000000000
5884 -1293.0000000000
5904 -1292.0000000000
5918 -1291.0000000000
5945 -1290.0000000000
5962 -1288.0000000000
5983 -1287.0000000000
6003 -1286.0000000000
6019 -1285.0000000000
6034 -1284.0000000000
6053 -1283.0000000000
6074 -1282.0000000000
6092 -1279.0000000000
6126 -1277.0000000000
6135 -1276.0000000000
6145 -1274.0000000000
6186 -1272.0000000000
6221 -1267.0000000000
6293 -1265.0000000000
6300 -1264.0000000000
6325 -1262.0000000000
6341 -1261.0000000000
6383 -1260.0000000000
6400 -1259.0000000000
6401 -1258.0000000000
6441 -1256.0000000000
6463 -1255.0000000000
6489 -1253.0000000000
6501 -1251.0000000000
6532 -1249.0000000000
6543 -1248.0000000000
6564 -1246.0000000000
6583 -1245.0000000000
6584 -1242.0000000000
6610 -1241.0000000000
6621 -1240.0000000000
6628 -1237.0000000000
6667 -1236.0000000000
6703 -1234.0000000000
6706 -1233.0000000000
6722 -1231.0000000000
6753 -1230.0000000000
6762 -1229.0000000000
6797 -1228.0000000000
6798 -1227.0000000000
6813 -1226.0000000000
6842 -1224.0000000000
6855 -1223.0000000000
6868 -1222.0000000000
6894 -1221.0000000000
6912 -1220.0000000000
6921 -1219.0000000000
6949 -1215.0000000000
6993 -1214.0000000000
7005 -1213.0000000000
7028 -1211.0000000000
7041 -1210.0000000000
7069 -1208.0000000000
7090 -1207.0000000000
7119 -1206.0000000000
7127 -1205.0000000000
7141 -1203.0000000000
7162 -1202.0000000000
7186 -1201.0000000000
7224 -1200.0000000000
7225 -1199.0000000000
7244 -1198.0000000000
7261 -1196.0000000000
7287 -1195.0000000000
7305 -1194.0000000000
7332 -1193.0000000000
7342 -1192.0000000000
7359 -1190.0000000000
7394 -1189.0000000000
7403 -1188.0000000000
7430 -1187.0000000000
7444 -1186.0000000000
7451 -1185.0000000000
7469 -1181.0000000000
7491 -1180.0000000000
7525 -1177.0000000000
7564 -1174.0000000000
7584 -1173.0000000000
7607 -1172.0000000000
7626 -1171.0000000000
7649 -1170.0000000000
7662 -1169.0000000000
7666 -1168.0000000000
7692 -1166.0000000000
7708 -1164.0000000000
7763 -1163.0000000000
7780 -1162.0000000000
7786 -1159.0000000000
7812 -1158.0000000000
7826 -1156.0000000000
7881 -1155.0000000000
7903 -1154.0000000000
7904 -1153.0000000000
7944 -1152.0000000000
7971 -1150.0000000000
8000 -1149.0000000000
8008 -1148.0000000000
8033 -1147.0000000000
8044 -1146.0000000000
8046 -1145.0000000000
8071 -1143.0000000000
8082 -1141.0000000000
8108 -1140.0000000000
8143 -1138.0000000000
8169 -1137.0000000000
8200 -1136.0000000000
8203 -1135.0000000000
8208 -1134.0000000000
8230 -1132.0000000000
8265 -1131.0000000000
8315 -1130.0000000000
8317 -1129.0000000000
8325 -1128.0000000000
8359 -1127.0000000000
8368 -1126.0000000000
8401 -1125.0000000000
8410 -1124.0000000000
8412 -1123.0000000000
8422 -1122.0000000000
8436 -1121.0000000000
8462 -1120.0000000000
8497 -1119.0000000000
8543 -1116.0000000000
8591 -1115.0000000000
8608 -1112.0000000000
8635 -1111.0000000000
8659 -1110.0000000000
8675 -1109.0000000000
8700 -1107.0000000000
8723 -1103.0000000000
8763 -1102.0000000000
8789 -1101.0000000000
8804 -1100.0000000000
8811 -1099.0000000000
8842 -1098.0000000000
8846 -1097.0000000000
8863 -1096.0000000000
8868 -1094.0000000000
8906 -1093.0000000000
8909 -1090.0000000000
8951 -1087.0000000000
8972 -1086.0000000000
8997 -1085.0000000000
9008 -1084.0000000000
9035 -1083.0000000000
9045 -1081.0000000000
9064 -1079.0000000000
9110 -1077.0000000000
9124 -1076.0000000000
9143 -1075.0000000000
9165 -1074.0000000000
9181 -1073.0000000000
9196 -1072.0000000000
9221 -1070.0000000000
9277 -1066.0000000000
9309 -1063.0000000000
9323 -1062.0000000000
9344 -1060.0000000000
9396 -1059.0000000000
9403 -1058.0000000000
9416 -1056.0000000000
9438 -1055.0000000000
9475 -1054.0000000000
9479 -1053.0000000000
9505 -1052.0000000000
9521 -1051.0000000000
9552 -1049.0000000000
9565 -1048.0000000000
9600 -1047.0000000000
9611 -1046.0000000000
9647 -1045.0000000000
9656 -1044.0000000000
9693 -1043.0000000000
9711 -1041.0000000000
9721 -1039.0000000000
9752 -1038.0000000000
9769 -1037.0000000000
9786 -1036.0000000000
9825 -1035.0000000000
9828 -1033.0000000000
9858 -1032.0000000000
9871 -1029.0000000000
9914 -1027.0000000000
9943 -1026.0000000000
9945 -1025.0000000000
9973 -1024.0000000000
10000 -1026.0000000000
