evaluations raw_y
1 -2002.0000000000
3 -1995.0000000000
4 -1992.0000000000
7 -1972.0000000000
10 -1965.0000000000
24 -1931.0000000000
42 -1930.0000000000
56 -1925.0000000000
60 -1906.0000000000
62 -1903.0000000000
66 -1894.0000000000
85 -1882.0000000000
104 -1872.0000000000
134 -1845.0000000000
148 -1843.0000000000
181 -1840.0000000000
183 -1834.0000000000
193 -1832.0000000000
195 -1831.0000000000
201 -1825.0000000000
202 -1805.0000000000
232 -1792.0000000000
242 -1791.0000000000
265 -1780.0000000000
280 -1770.0000000000
312 -1768.0000000000
320 -1767.0000000000
323 -1763.0000000000
327 -1755.0000000000
343 -1754.0000000000
363 -1744.0000000000
387 -1741.0000000000
404 -1739.0000000000
408 -1737.0000000000
412 -1736.0000000000
422 -1735.0000000000
424 -1734.0000000000
428 -1732.0000000000
434 -1728.0000000000
457 -1727.0000000000
467 -1726.0000000000
485 -1724.0000000000
502 -1723.0000000000
510 -1722.0000000000
530 -1721.0000000000
538 -1720.0000000000
543 -1718.0000000000
561 -1715.0000000000
585 -1713.0000000000
632 -1712.0000000000
639 -1711.0000000000
642 -1707.0000000000
666 -1703.0000000000
710 -1700.0000000000
735 -1699.0000000000
760 -1698.0000000000
761 -1697.0000000000
764 -1696.0000000000
795 -1695.0000000000
803 -1694.0000000000
813 -1692.0000000000
825 -1688.0000000000
875 -1687.0000000000
887 -1686.0000000000
889 -1685.0000000000
904 -1684.0000000000
937 -1683.0000000000
947 -1682.0000000000
965 -1680.0000000000
987 -1679.0000000000
1003 -1678.0000000000
1008 -1675.0000000000
1055 -1672.0000000000
1091 -1670.0000000000
1141 -1669.0000000000
1143 -1668.0000000000
1178 -1667.0000000000
1186 -1666.0000000000
1202 -1665.0000000000
1210 -1664.0000000000
1227 -1663.0000000000
1233 -1661.0000000000
1243 -1659.0000000000
1274 -1657.0000000000
1279 -1655.0000000000
1288 -1654.0000000000
1306 -1653.0000000000
1321 -1652.0000000000
1338 -1649.0000000000
1361 -1648.0000000000
1390 -1647.0000000000
1405 -1645.0000000000
1415 -1644.0000000000
1434 -1643.0000000000
1445 -1639.0000000000
1473 -1638.0000000000
1514 -1637.0000000000
1524 -1634.0000000000
1551 -1633.0000000000
1566 -1632.0000000000
1586 -1630.0000000000
1603 -1628.0000000000
1612 -1627.0000000000
1628 -1626.0000000000
1647 -1625.0000000000
1665 -1623.0000000000
1695 -1622.0000000000
1703 -1621.0000000000
1730 -1620.0000000000
1748 -1616.0000000000
1783 -1615.0000000000
1793 -1613.0000000000
1805 -1608.0000000000
1866 -1605.0000000000
1886 -1604.0000000000
1907 -1603.0000000000
1921 -1601.0000000000
1946 -1598.0000000000
1963 -1596.0000000000
1983 -1595.0000000000
2024 -1594.0000000000
2039 -1593.0000000000
2042 -1591.0000000000
2051 -1590.0000000000
2100 -1588.0000000000
2123 -1587.0000000000
2142 -1584.0000000000
2164 -1582.0000000000
2197 -1581.0000000000
2225 -1578.0000000000
2263 -1577.0000000000
2266 -1575.0000000000
2282 -1574.0000000000
2302 -1573.0000000000
2331 -1571.0000000000
2361 -1570.0000000000
2375 -1569.0000000000
2396 -1568.0000000000
2408 -1566.0000000000
2442 -1564.0000000000
2448 -1563.0000000000
2485 -1561.0000000000
2509 -1560.0000000000
2510 -1559.0000000000
2531 -1558.0000000000
2538 -1557.0000000000
2556 -1556.0000000000
2561 -1555.0000000000
2568 -1553.0000000000
2582 -1550.0000000000
2583 -1549.0000000000
2622 -1548.0000000000
2649 -1547.0000000000
2651 -1546.0000000000
2681 -1544.0000000000
2685 -1542.0000000000
2716 -1541.0000000000
2745 -1540.0000000000
2759 -1539.0000000000
2786 -1538.0000000000
2824 -1537.0000000000
2841 -1536.0000000000
2864 -1535.0000000000
2876 -1534.0000000000
2907 -1533.0000000000
2908 -1532.0000000000
2910 -1531.0000000000
2950 -1529.0000000000
2953 -1528.0000000000
2966 -1527.0000000000
3005 -1526.0000000000
3014 -1525.0000000000
3036 -1524.0000000000
3055 -1522.0000000000
3069 -1521.0000000000
3088 -1520.0000000000
3100 -1519.0000000000
3112 -1518.0000000000
3135 -1516.0000000000
3143 -1515.0000000000
3144 -1514.0000000000
3168 -1511.0000000000
3202 -1509.0000000000
3221 -1507.0000000000
3239 -1506.0000000000
3240 -1505.0000000000
3265 -1504.0000000000
3278 -1503.0000000000
3290 -1502.0000000000
3328 -1500.0000000000
3341 -1499.0000000000
3344 -1498.0000000000
3367 -1496.0000000000
3382 -1493.0000000000
3432 -1491.0000000000
3464 -1490.0000000000
3492 -1488.0000000000
3523 -1486.0000000000
3555 -1485.0000000000
3562 -1482.0000000000
3622 -1479.0000000000
3647 -1476.0000000000
3693 -1475.0000000000
3699 -1474.0000000000
3705 -1473.0000000000
3724 -1470.0000000000
3746 -1468.0000000000
3767 -1465.0000000000
3796 -1464.0000000000
3811 -1463.0000000000
3840 -1462.0000000000
3872 -1461.0000000000
3877 -1460.0000000000
3901 -1459.0000000000
3929 -1458.0000000000
3931 -1457.0000000000
3958 -1456.0000000000
3965 -1455.0000000000
3981 -1452.0000000000
4004 -1450.0000000000
4009 -1448.0000000000
4038 -1447.0000000000
4047 -1446.0000000000
4080 -1444.0000000000
4081 -1443.0000000000
4094 -1441.0000000000
4102 -1438.0000000000
4147 -1436.0000000000
4174 -1435.0000000000
4191 -1434.0000000000
4209 -1433.0000000000
4212 -1432.0000000000
4216 -1429.0000000000
4231 -1428.0000000000
4283 -1427.0000000000
4286 -1426.0000000000
4311 -1425.0000000000
4325 -1424.0000000000
4338 -1423.0000000000
4349 -1422.0000000000
4364 -1421.0000000000
4381 -1420.0000000000
4382 -1419.0000000000
4392 -1418.0000000000
4407 -1417.0000000000
4423 -1416.0000000000
4433 -1413.0000000000
4441 -1412.0000000000
4467 -1410.0000000000
4493 -1409.0000000000
4503 -1408.0000000000
4542 -1407.0000000000
4550 -1405.0000000000
4562 -1404.0000000000
4582 -1403.0000000000
4601 -1401.0000000000
4606 -1400.0000000000
4622 -1398.0000000000
4643 -1397.0000000000
4644 -1395.0000000000
4680 -1394.0000000000
4701 -1393.0000000000
4711 -1390.0000000000
4732 -1388.0000000000
4776 -1387.0000000000
4798 -1386.0000000000
4801 -1385.0000000000
4819 -1384.0000000000
4843 -1383.0000000000
4846 -1382.0000000000
4863 -1381.0000000000
4889 -1380.0000000000
4891 -1379.0000000000
4909 -1378.0000000000
4926 -1377.0000000000
4928 -1376.0000000000
4934 -1375.0000000000
4971 -1373.0000000000
4991 -1372.0000000000
5010 -1369.0000000000
5025 -1368.0000000000
5057 -1366.0000000000
5068 -1364.0000000000
5103 -1363.0000000000
5147 -1361.0000000000
5158 -1360.0000000000
5175 -1359.0000000000
5181 -1358.0000000000
5190 -1357.0000000000
5229 -1355.0000000000
5246 -1352.0000000000
5292 -1351.0000000000
5301 -1350.0000000000
5304 -1349.0000000000
5326 -1347.0000000000
5363 -1345.0000000000
5372 -1344.0000000000
5383 -1343.0000000000
5411 -1340.0000000000
5442 -1339.0000000000
5454 -1338.0000000000
5461 -1336.0000000000
5491 -1333.0000000000
5530 -1332.0000000000
5541 -1329.0000000000
5582 -1328.0000000000
5590 -1326.0000000000
5604 -1324.0000000000
5641 -1323.0000000000
5655 -1322.0000000000
5668 -1319.0000000000
5682 -1317.0000000000
5718 -1315.0000000000
5727 -1314.0000000000
5754 -1313.0000000000
5768 -1310.0000000000
5824 -1309.0000000000
5825 -1308.0000000000
5852 -1307.0000000000
5855 -1306.0000000000
5882 -1305.0000000000
5906 -1304.0000000000
5932 -1303.0000000000
5944 -1302.0000000000
5966 -1298.0000000000
6001 -1297.0000000000
6024 -1296.0000000000
6036 -1295.0000000000
6046 -1294.0000000000
6073 -1293.0000000000
6077 -1292.0000000000
6097 -1291.0000000000
6104 -1289.0000000000
6130 -1288.0000000000
6152 -1287.0000000000
6153 -1286.0000000000
6161 -1285.0000000000
6169 -1283.0000000000
6197 -1280.0000000000
6245 -1279.0000000000
6261 -1277.0000000000
6298 -1276.0000000000
6302 -1275.0000000000
6326 -1274.0000000000
6342 -1272.0000000000
6370 -1271.0000000000
6381 -1270.0000000000
6382 -1269.0000000000
6411 -1268.0000000000
6416 -1267.0000000000
6437 -1265.0000000000
6442 -1264.0000000000
6456 -1263.0000000000
6480 -1262.0000000000
6487 -1261.0000000000
6489 -1259.0000000000
6524 -1257.0000000000
6541 -1255.0000000000
6563 -1252.0000000000
6581 -1249.0000000000
6643 -1245.0000000000
6697 -1244.0000000000
6698 -1241.0000000000
6713 -1240.0000000000
6744 -1239.0000000000
6745 -1238.0000000000
6777 -1237.0000000000
6783 -1236.0000000000
6796 -1235.0000000000
6819 -1232.0000000000
6854 -1231.0000000000
6864 -1229.0000000000
6881 -1228.0000000000
6904 -1227.0000000000
6922 -1226.0000000000
6946 -1223.0000000000
6961 -1222.0000000000
6984 -1221.0000000000
7005 -1220.0000000000
7011 -1219.0000000000
7026 -1218.0000000000
7051 -1214.0000000000
7098 -1212.0000000000
7121 -1209.0000000000
7141 -1208.0000000000
7152 -1205.0000000000
7193 -1202.0000000000
7241 -1200.0000000000
7253 -1198.0000000000
7266 -1197.0000000000
7286 -1195.0000000000
7304 -1193.0000000000
7312 -1192.0000000000
7322 -1190.0000000000
7364 -1189.0000000000
7396 -1188.0000000000
7421 -1187.0000000000
7425 -1186.0000000000
7448 -1185.0000000000
7461 -1184.0000000000
7471 -1182.0000000000
7489 -1181.0000000000
7505 -1180.0000000000
7524 -1178.0000000000
7542 -1177.0000000000
7582 -1176.0000000000
7598 -1174.0000000000
7617 -1173.0000000000
7622 -1172.0000000000
7651 -1171.0000000000
7653 -1170.0000000000
7663 -1168.0000000000
7707 -1167.0000000000
7721 -1165.0000000000
7746 -1164.0000000000
7763 -1163.0000000000
7764 -1161.0000000000
7803 -1160.0000000000
7807 -1159.0000000000
7809 -1158.0000000000
7827 -1157.0000000000
7852 -1156.0000000000
7857 -1154.0000000000
7880 -1152.0000000000
7890 -1151.0000000000
7901 -1149.0000000000
7921 -1148.0000000000
7933 -1147.0000000000
7978 -1146.0000000000
7995 -1143.0000000000
8006 -1142.0000000000
8013 -1138.0000000000
8021 -1137.0000000000
8045 -1136.0000000000
8089 -1134.0000000000
8094 -1133.0000000000
8107 -1132.0000000000
8141 -1131.0000000000
8162 -1129.0000000000
8205 -1128.0000000000
8221 -1127.0000000000
8241 -1126.0000000000
8276 -1125.0000000000
8292 -1124.0000000000
8294 -1123.0000000000
8305 -1122.0000000000
8326 -1121.0000000000
8341 -1119.0000000000
8368 -1118.0000000000
8403 -1117.0000000000
8414 -1115.0000000000
8438 -1114.0000000000
8447 -1112.0000000000
8453 -1111.0000000000
8461 -1107.0000000000
8492 -1106.0000000000
8503 -1105.0000000000
8531 -1101.0000000000
8589 -1100.0000000000
8602 -1099.0000000000
8615 -1098.0000000000
8638 -1096.0000000000
8646 -1095.0000000000
8661 -1094.0000000000
8676 -1092.0000000000
8705 -1091.0000000000
8740 -1090.0000000000
8743 -1088.0000000000
8770 -1087.0000000000
8777 -1086.0000000000
8781 -1085.0000000000
8812 -1081.0000000000
8823 -1080.0000000000
8855 -1078.0000000000
8866 -1077.0000000000
8885 -1076.0000000000
8911 -1075.0000000000
8924 -1074.0000000000
8938 -1073.0000000000
8941 -1072.0000000000
8961 -1071.0000000000
8973 -1070.0000000000
8982 -1069.0000000000
8988 -1068.0000000000
9020 -1067.0000000000
9026 -1065.0000000000
9061 -1064.0000000000
9064 -1062.0000000000
9087 -1061.0000000000
9115 -1059.0000000000
9159 -1057.0000000000
9182 -1056.0000000000
9186 -1055.0000000000
9211 -1054.0000000000
9224 -1053.0000000000
9242 -1051.0000000000
9267 -1050.0000000000
9293 -1046.0000000000
9363 -1045.0000000000
9367 -1041.0000000000
9425 -1039.0000000000
9427 -1038.0000000000
9440 -1037.0000000000
9453 -1036.0000000000
9484 -1035.0000000000
9497 -1034.0000000000
9501 -1033.0000000000
9548 -1032.0000000000
9557 -1031.0000000000
9569 -1030.0000000000
9597 -1029.0000000000
9606 -1027.0000000000
9632 -1024.0000000000
9644 -1023.0000000000
9683 -1021.0000000000
9707 -1019.0000000000
9727 -1018.0000000000
9741 -1017.0000000000
9749 -1016.0000000000
9786 -1015.0000000000
9800 -1014.0000000000
9809 -1013.0000000000
9847 -1012.0000000000
9850 -1011.0000000000
9869 -1010.0000000000
9893 -1009.0000000000
9901 -1008.0000000000
9929 -1007.0000000000
9954 -1004.0000000000
9974 -1003.0000000000
9982 -1002.0000000000
10005 -1001.0000000000
10022 -1000.0000000000
10031 -999.0000000000
10063 -998.0000000000
10068 -996.0000000000
10086 -995.0000000000
10102 -993.0000000000
10132 -991.0000000000
10183 -990.0000000000
10194 -989.0000000000
10205 -988.0000000000
10228 -986.0000000000
10261 -985.0000000000
10271 -982.0000000000
10282 -981.0000000000
10305 -979.0000000000
10340 -978.0000000000
10376 -977.0000000000
10387 -976.0000000000
10403 -975.0000000000
10404 -974.0000000000
10438 -972.0000000000
10451 -971.0000000000
10496 -970.0000000000
10539 -969.0000000000
10571 -968.0000000000
10584 -967.0000000000
10626 -964.0000000000
10646 -963.0000000000
10699 -962.0000000000
10703 -961.0000000000
10762 -958.0000000000
10788 -957.0000000000
10805 -955.0000000000
10825 -953.0000000000
10893 -950.0000000000
10904 -949.0000000000
10944 -948.0000000000
10958 -947.0000000000
10974 -944.0000000000
10995 -942.0000000000
11034 -941.0000000000
11065 -940.0000000000
11074 -939.0000000000
11114 -937.0000000000
11143 -935.0000000000
11195 -933.0000000000
11196 -932.0000000000
11210 -931.0000000000
11226 -930.0000000000
11241 -928.0000000000
11266 -927.0000000000
11298 -926.0000000000
11309 -925.0000000000
11334 -924.0000000000
11357 -922.0000000000
11370 -921.0000000000
11383 -919.0000000000
11404 -918.0000000000
11427 -916.0000000000
11458 -915.0000000000
11487 -914.0000000000
11499 -913.0000000000
11521 -912.0000000000
11529 -911.0000000000
11557 -910.0000000000
11581 -909.0000000000
11604 -908.0000000000
11617 -906.0000000000
11681 -905.0000000000
11689 -904.0000000000
11720 -903.0000000000
11728 -902.0000000000
11751 -901.0000000000
11768 -900.0000000000
11773 -899.0000000000
11797 -897.0000000000
11834 -896.0000000000
11854 -895.0000000000
11872 -894.0000000000
11886 -891.0000000000
11904 -890.0000000000
11941 -889.0000000000
11968 -888.0000000000
11981 -887.0000000000
12014 -886.0000000000
12015 -885.0000000000
12056 -884.0000000000
12061 -879.0000000000
12101 -877.0000000000
12123 -876.0000000000
12124 -875.0000000000
12148 -874.0000000000
12181 -873.0000000000
12202 -872.0000000000
12224 -871.0000000000
12234 -870.0000000000
12245 -869.0000000000
12298 -868.0000000000
12301 -866.0000000000
12334 -865.0000000000
12359 -862.0000000000
12401 -860.0000000000
12424 -859.0000000000
12448 -858.0000000000
12462 -857.0000000000
12484 -856.0000000000
12507 -855.0000000000
12513 -854.0000000000
12524 -852.0000000000
12556 -851.0000000000
12609 -850.0000000000
12615 -849.0000000000
12651 -846.0000000000
12685 -845.0000000000
12717 -844.0000000000
12730 -842.0000000000
12741 -839.0000000000
12762 -838.0000000000
12783 -836.0000000000
12806 -835.0000000000
12828 -833.0000000000
12849 -832.0000000000
12870 -831.0000000000
12885 -830.0000000000
12886 -829.0000000000
12911 -828.0000000000
12913 -827.0000000000
12963 -826.0000000000
12983 -823.0000000000
13013 -821.0000000000
13063 -820.0000000000
13093 -819.0000000000
13106 -818.0000000000
13147 -817.0000000000
13164 -816.0000000000
13166 -815.0000000000
13211 -814.0000000000
13219 -813.0000000000
13243 -811.0000000000
13269 -809.0000000000
13287 -808.0000000000
13292 -806.0000000000
13337 -805.0000000000
13361 -804.0000000000
13366 -803.0000000000
13374 -802.0000000000
13382 -801.0000000000
13427 -799.0000000000
13447 -797.0000000000
13513 -796.0000000000
13523 -794.0000000000
13545 -793.0000000000
13570 -792.0000000000
13584 -791.0000000000
13605 -790.0000000000
13629 -788.0000000000
13662 -786.0000000000
13701 -785.0000000000
13715 -784.0000000000
13731 -783.0000000000
13773 -782.0000000000
13796 -781.0000000000
13825 -780.0000000000
13841 -779.0000000000
13865 -778.0000000000
13901 -777.0000000000
13907 -776.0000000000
13964 -775.0000000000
13981 -774.0000000000
14041 -773.0000000000
14064 -772.0000000000
14070 -771.0000000000
14082 -770.0000000000
14104 -769.0000000000
14109 -767.0000000000
14122 -766.0000000000
14161 -765.0000000000
14194 -763.0000000000
14223 -762.0000000000
14246 -760.0000000000
14265 -758.0000000000
14304 -757.0000000000
14307 -756.0000000000
14341 -755.0000000000
14363 -754.0000000000
14381 -751.0000000000
14423 -750.0000000000
14436 -749.0000000000
14440 -747.0000000000
14462 -745.0000000000
14506 -744.0000000000
14513 -743.0000000000
14526 -742.0000000000
14549 -741.0000000000
14583 -740.0000000000
14595 -739.0000000000
14628 -737.0000000000
14648 -736.0000000000
14664 -735.0000000000
14665 -734.0000000000
14701 -732.0000000000
14748 -731.0000000000
14774 -730.0000000000
14783 -729.0000000000
14814 -728.0000000000
14827 -727.0000000000
14849 -726.0000000000
14858 -725.0000000000
14887 -724.0000000000
14919 -722.0000000000
14937 -721.0000000000
14964 -719.0000000000
15016 -718.0000000000
15036 -717.0000000000
15048 -716.0000000000
15111 -715.0000000000
15115 -714.0000000000
15147 -713.0000000000
15168 -712.0000000000
15209 -711.0000000000
15215 -710.0000000000
15246 -709.0000000000
15261 -708.0000000000
15305 -707.0000000000
15334 -706.0000000000
15337 -705.0000000000
15361 -704.0000000000
15381 -703.0000000000
15403 -701.0000000000
15431 -700.0000000000
15449 -699.0000000000
15473 -698.0000000000
15518 -697.0000000000
15542 -696.0000000000
15565 -695.0000000000
15581 -694.0000000000
15583 -693.0000000000
15585 -692.0000000000
15629 -689.0000000000
15674 -688.0000000000
15690 -686.0000000000
15751 -685.0000000000
15760 -684.0000000000
15797 -683.0000000000
15827 -682.0000000000
15860 -680.0000000000
15899 -679.0000000000
15904 -678.0000000000
15928 -677.0000000000
15941 -676.0000000000
16013 -675.0000000000
16031 -674.0000000000
16050 -673.0000000000
16072 -671.0000000000
16080 -670.0000000000
16111 -669.0000000000
16122 -668.0000000000
16144 -666.0000000000
16172 -665.0000000000
16207 -664.0000000000
16218 -662.0000000000
16251 -661.0000000000
16269 -660.0000000000
16301 -659.0000000000
16315 -658.0000000000
16322 -657.0000000000
16372 -656.0000000000
16408 -653.0000000000
16453 -652.0000000000
16503 -649.0000000000
16549 -647.0000000000
16580 -646.0000000000
16607 -644.0000000000
16639 -643.0000000000
16662 -642.0000000000
16690 -641.0000000000
16714 -640.0000000000
16732 -639.0000000000
16770 -637.0000000000
16815 -635.0000000000
16844 -634.0000000000
16889 -633.0000000000
16913 -632.0000000000
16944 -631.0000000000
16955 -630.0000000000
16999 -629.0000000000
17013 -628.0000000000
17052 -627.0000000000
17060 -626.0000000000
17091 -625.0000000000
17110 -624.0000000000
17141 -622.0000000000
17212 -621.0000000000
17221 -619.0000000000
17262 -618.0000000000
17298 -615.0000000000
17323 -614.0000000000
17371 -613.0000000000
17393 -612.0000000000
17413 -611.0000000000
17457 -610.0000000000
17469 -609.0000000000
17491 -608.0000000000
17515 -606.0000000000
17563 -603.0000000000
17605 -601.0000000000
17627 -600.0000000000
17642 -599.0000000000
17690 -598.0000000000
17699 -597.0000000000
17723 -595.0000000000
17760 -593.0000000000
17787 -591.0000000000
17820 -590.0000000000
17839 -589.0000000000
17866 -588.0000000000
17888 -585.0000000000
17958 -584.0000000000
17962 -583.0000000000
17992 -582.0000000000
18045 -581.0000000000
18086 -580.0000000000
18117 -579.0000000000
18128 -577.0000000000
18175 -576.0000000000
18190 -574.0000000000
18221 -573.0000000000
18267 -572.0000000000
18302 -571.0000000000
18338 -570.0000000000
18348 -569.0000000000
18363 -568.0000000000
18416 -567.0000000000
18427 -566.0000000000
18435 -565.0000000000
18459 -563.0000000000
18489 -560.0000000000
18550 -559.0000000000
18566 -558.0000000000
18582 -557.0000000000
18601 -556.0000000000
18623 -555.0000000000
18625 -554.0000000000
18693 -553.0000000000
18711 -551.0000000000
18723 -549.0000000000
18775 -548.0000000000
18808 -547.0000000000
18824 -546.0000000000
18846 -545.0000000000
18864 -544.0000000000
18918 -543.0000000000
18944 -542.0000000000
18962 -541.0000000000
19030 -540.0000000000
19039 -539.0000000000
19066 -538.0000000000
19081 -537.0000000000
19099 -536.0000000000
19107 -535.0000000000
19113 -534.0000000000
19155 -533.0000000000
19166 -532.0000000000
19190 -531.0000000000
19268 -530.0000000000
19303 -528.0000000000
19335 -527.0000000000
19378 -525.0000000000
19421 -524.0000000000
19447 -523.0000000000
19484 -522.0000000000
19524 -521.0000000000
19545 -519.0000000000
19592 -518.0000000000
19611 -516.0000000000
19651 -515.0000000000
19682 -514.0000000000
19714 -513.0000000000
19722 -511.0000000000
19775 -509.0000000000
19791 -508.0000000000
19858 -507.0000000000
19866 -506.0000000000
19872 -505.0000000000
19899 -504.0000000000
19908 -503.0000000000
19929 -502.0000000000
19952 -501.0000000000
19963 -500.0000000000
19982 -499.0000000000
20002 -497.0000000000
20032 -496.0000000000
20050 -493.0000000000
20111 -491.0000000000
20148 -489.0000000000
20202 -488.0000000000
20224 -487.0000000000
20251 -486.0000000000
20302 -485.0000000000
20306 -484.0000000000
20323 -483.0000000000
20339 -482.0000000000
20374 -481.0000000000
20394 -480.0000000000
20401 -479.0000000000
20471 -478.0000000000
20483 -477.0000000000
20530 -476.0000000000
20586 -475.0000000000
20607 -474.0000000000
20621 -472.0000000000
20716 -471.0000000000
20723 -469.0000000000
20786 -467.0000000000
20864 -466.0000000000
20878 -465.0000000000
20918 -463.0000000000
20946 -462.0000000000
21004 -461.0000000000
21017 -460.0000000000
21024 -459.0000000000
21052 -458.0000000000
21068 -457.0000000000
21102 -456.0000000000
21160 -455.0000000000
21178 -454.0000000000
21202 -453.0000000000
21232 -452.0000000000
21285 -451.0000000000
21297 -450.0000000000
21346 -449.0000000000
21390 -447.0000000000
21427 -446.0000000000
21461 -445.0000000000
21464 -444.0000000000
21503 -441.0000000000
21542 -440.0000000000
21580 -439.0000000000
21593 -438.0000000000
21614 -437.0000000000
21629 -436.0000000000
21641 -435.0000000000
21646 -434.0000000000
21679 -433.0000000000
21729 -432.0000000000
21751 -431.0000000000
21807 -430.0000000000
21813 -429.0000000000
21875 -428.0000000000
21897 -426.0000000000
21948 -424.0000000000
21987 -423.0000000000
22017 -422.0000000000
22035 -421.0000000000
22063 -420.0000000000
22120 -419.0000000000
22156 -418.0000000000
22178 -417.0000000000
22205 -416.0000000000
22246 -415.0000000000
22268 -414.0000000000
22298 -413.0000000000
22312 -412.0000000000
22338 -411.0000000000
22339 -410.0000000000
22401 -409.0000000000
22432 -408.0000000000
22461 -407.0000000000
22485 -405.0000000000
22544 -403.0000000000
22605 -401.0000000000
22645 -400.0000000000
22664 -399.0000000000
22706 -397.0000000000
22736 -396.0000000000
22754 -395.0000000000
22777 -394.0000000000
22828 -393.0000000000
22835 -392.0000000000
22887 -391.0000000000
22891 -390.0000000000
22939 -389.0000000000
22949 -388.0000000000
22961 -386.0000000000
23005 -384.0000000000
23041 -383.0000000000
23063 -382.0000000000
23089 -381.0000000000
23113 -380.0000000000
23126 -379.0000000000
23166 -378.0000000000
23170 -376.0000000000
23227 -375.0000000000
23244 -374.0000000000
23272 -373.0000000000
23315 -372.0000000000
23341 -371.0000000000
23368 -370.0000000000
23411 -369.0000000000
23445 -368.0000000000
23478 -367.0000000000
23513 -365.0000000000
23564 -363.0000000000
23593 -362.0000000000
23643 -361.0000000000
23678 -360.0000000000
23751 -359.0000000000
23791 -358.0000000000
23830 -357.0000000000
23837 -356.0000000000
23887 -355.0000000000
23911 -354.0000000000
23988 -353.0000000000
23999 -352.0000000000
24037 -351.0000000000
24061 -350.0000000000
24104 -349.0000000000
24124 -348.0000000000
24125 -347.0000000000
24148 -346.0000000000
24198 -345.0000000000
24217 -344.0000000000
24256 -343.0000000000
24295 -342.0000000000
24310 -341.0000000000
24347 -340.0000000000
24379 -339.0000000000
24407 -335.0000000000
24484 -334.0000000000
24521 -333.0000000000
24561 -331.0000000000
24613 -329.0000000000
24717 -328.0000000000
24746 -327.0000000000
24770 -326.0000000000
24794 -325.0000000000
24830 -324.0000000000
24862 -323.0000000000
24883 -321.0000000000
25008 -320.0000000000
25082 -319.0000000000
25102 -317.0000000000
25172 -316.0000000000
25196 -315.0000000000
25226 -314.0000000000
25231 -313.0000000000
25261 -312.0000000000
25303 -311.0000000000
25340 -310.0000000000
25365 -309.0000000000
25394 -308.0000000000
25447 -305.0000000000
25514 -304.0000000000
25546 -303.0000000000
25589 -302.0000000000
25642 -301.0000000000
25671 -300.0000000000
25686 -299.0000000000
25785 -298.0000000000
25797 -297.0000000000
25856 -296.0000000000
25861 -295.0000000000
25882 -294.0000000000
25913 -293.0000000000
25966 -292.0000000000
26000 -291.0000000000
26043 -290.0000000000
26073 -289.0000000000
26110 -288.0000000000
26180 -287.0000000000
26215 -286.0000000000
26247 -285.0000000000
26325 -283.0000000000
26396 -282.0000000000
26427 -281.0000000000
26471 -280.0000000000
26523 -279.0000000000
26549 -278.0000000000
26569 -276.0000000000
26602 -275.0000000000
26635 -274.0000000000
26669 -273.0000000000
26734 -272.0000000000
26755 -271.0000000000
26770 -270.0000000000
26823 -269.0000000000
26881 -268.0000000000
26918 -267.0000000000
26985 -266.0000000000
27021 -265.0000000000
27022 -264.0000000000
27042 -263.0000000000
27095 -262.0000000000
27112 -260.0000000000
27166 -259.0000000000
27197 -257.0000000000
27221 -255.0000000000
27270 -254.0000000000
27302 -253.0000000000
27336 -251.0000000000
27353 -250.0000000000
27369 -249.0000000000
27420 -247.0000000000
27437 -246.0000000000
27464 -245.0000000000
27510 -244.0000000000
27550 -243.0000000000
27651 -242.0000000000
27703 -241.0000000000
27721 -239.0000000000
27754 -238.0000000000
27792 -237.0000000000
27812 -236.0000000000
27889 -235.0000000000
28055 -234.0000000000
28287 -233.0000000000
28377 -232.0000000000
28405 -231.0000000000
28462 -230.0000000000
28563 -229.0000000000
28617 -228.0000000000
28712 -227.0000000000
28741 -226.0000000000
28775 -225.0000000000
28784 -224.0000000000
28810 -223.0000000000
28834 -222.0000000000
28867 -221.0000000000
28947 -220.0000000000
28982 -219.0000000000
29006 -218.0000000000
29055 -217.0000000000
29105 -215.0000000000
29231 -214.0000000000
29303 -213.0000000000
29383 -212.0000000000
29437 -211.0000000000
29476 -210.0000000000
29521 -209.0000000000
29593 -208.0000000000
29671 -207.0000000000
29691 -206.0000000000
29736 -205.0000000000
29744 -203.0000000000
29823 -202.0000000000
29850 -201.0000000000
29903 -200.0000000000
29914 -198.0000000000
29952 -197.0000000000
29970 -196.0000000000
30039 -195.0000000000
30097 -194.0000000000
30168 -193.0000000000
30213 -192.0000000000
30256 -191.0000000000
30280 -190.0000000000
30306 -189.0000000000
30322 -188.0000000000
30406 -187.0000000000
30415 -186.0000000000
30463 -185.0000000000
30483 -184.0000000000
30574 -183.0000000000
30613 -182.0000000000
30656 -181.0000000000
30690 -180.0000000000
30728 -179.0000000000
30765 -178.0000000000
30812 -177.0000000000
30884 -176.0000000000
30945 -175.0000000000
31003 -174.0000000000
31121 -173.0000000000
31178 -172.0000000000
31183 -171.0000000000
31251 -170.0000000000
31304 -169.0000000000
31345 -168.0000000000
31422 -167.0000000000
31461 -166.0000000000
31519 -164.0000000000
31595 -163.0000000000
31682 -162.0000000000
31699 -161.0000000000
31801 -160.0000000000
31836 -159.0000000000
31904 -158.0000000000
31965 -157.0000000000
32024 -156.0000000000
32053 -155.0000000000
32104 -153.0000000000
32183 -152.0000000000
32317 -151.0000000000
32399 -150.0000000000
32446 -149.0000000000
32528 -148.0000000000
32597 -147.0000000000
32621 -146.0000000000
32678 -145.0000000000
32698 -144.0000000000
32759 -143.0000000000
32791 -142.0000000000
32881 -141.0000000000
32940 -140.0000000000
32984 -139.0000000000
33074 -138.0000000000
33131 -137.0000000000
33190 -136.0000000000
33218 -135.0000000000
33287 -134.0000000000
33342 -133.0000000000
33399 -132.0000000000
33408 -131.0000000000
33449 -130.0000000000
33472 -129.0000000000
33508 -128.0000000000
33556 -127.0000000000
33557 -126.0000000000
33629 -125.0000000000
33642 -123.0000000000
33722 -122.0000000000
33768 -121.0000000000
33785 -120.0000000000
33869 -119.0000000000
33956 -118.0000000000
34102 -117.0000000000
34180 -116.0000000000
34206 -115.0000000000
34268 -114.0000000000
34382 -113.0000000000
34437 -112.0000000000
34476 -110.0000000000
34570 -109.0000000000
34660 -107.0000000000
34756 -106.0000000000
34765 -105.0000000000
34904 -104.0000000000
35029 -103.0000000000
35134 -102.0000000000
35144 -101.0000000000
35217 -100.0000000000
35515 -99.0000000000
36063 -98.0000000000
36312 -97.0000000000
36397 -96.0000000000
36518 -95.0000000000
36669 -94.0000000000
36781 -93.0000000000
36933 -92.0000000000
36987 -91.0000000000
37018 -90.0000000000
37120 -89.0000000000
37188 -88.0000000000
37445 -87.0000000000
37548 -86.0000000000
37651 -85.0000000000
37744 -84.0000000000
37863 -83.0000000000
37934 -82.0000000000
38105 -81.0000000000
38184 -80.0000000000
38229 -79.0000000000
38249 -78.0000000000
38330 -77.0000000000
38429 -76.0000000000
38755 -75.0000000000
38802 -74.0000000000
38891 -73.0000000000
38967 -72.0000000000
39060 -71.0000000000
39139 -70.0000000000
39216 -69.0000000000
39319 -68.0000000000
39353 -67.0000000000
39384 -66.0000000000
39713 -65.0000000000
39801 -64.0000000000
39881 -63.0000000000
39997 -62.0000000000
40013 -61.0000000000
40091 -60.0000000000
40210 -59.0000000000
40319 -58.0000000000
40411 -57.0000000000
40445 -56.0000000000
40488 -55.0000000000
40806 -54.0000000000
40943 -53.0000000000
41027 -52.0000000000
41135 -51.0000000000
41403 -50.0000000000
41646 -49.0000000000
41806 -48.0000000000
42138 -47.0000000000
42223 -46.0000000000
42340 -45.0000000000
42382 -44.0000000000
42407 -43.0000000000
42503 -42.0000000000
42842 -41.0000000000
42886 -40.0000000000
43109 -39.0000000000
43209 -38.0000000000
43248 -37.0000000000
43659 -36.0000000000
43731 -35.0000000000
43868 -34.0000000000
44017 -33.0000000000
44271 -32.0000000000
44412 -31.0000000000
44447 -30.0000000000
44641 -29.0000000000
45003 -28.0000000000
45130 -27.0000000000
45290 -26.0000000000
45476 -25.0000000000
45639 -24.0000000000
45907 -23.0000000000
46303 -22.0000000000
46470 -21.0000000000
46618 -20.0000000000
46730 -19.0000000000
47229 -18.0000000000
47288 -17.0000000000
47395 -16.0000000000
47634 -15.0000000000
48491 -14.0000000000
48797 -13.0000000000
49031 -12.0000000000
49266 -11.0000000000
49375 -10.0000000000
50531 -9.0000000000
51730 -8.0000000000
51788 -7.0000000000
52106 -6.0000000000
52297 -5.0000000000
52784 -4.0000000000
54139 -3.0000000000
55596 -2.0000000000
56525 -1.0000000000
56718 170.7700000000
56749 172.9300000000
56755 197.5900000000
56811 205.8700000000
56824 209.8900000000
57534 214.1000000000
57797 215.3300000000
58484 221.3200000000
68084 224.3100000000
80901 225.2300000000
86790 229.3200000000
92350 232.1700000000
100000 193.7300000000
