evaluations raw_y
1 -1986.0000000000
4 -1985.0000000000
9 -1984.0000000000
15 -1983.0000000000
18 -1982.0000000000
22 -1980.0000000000
23 -1979.0000000000
24 -1978.0000000000
25 -1977.0000000000
27 -1975.0000000000
30 -1974.0000000000
33 -1972.0000000000
34 -1971.0000000000
37 -1970.0000000000
56 -1969.0000000000
57 -1968.0000000000
58 -1967.0000000000
67 -1966.0000000000
69 -1965.0000000000
72 -1964.0000000000
75 -1963.0000000000
79 -1962.0000000000
84 -1960.0000000000
85 -1959.0000000000
88 -1958.0000000000
89 -1956.0000000000
96 -1954.0000000000
101 -1953.0000000000
106 -1952.0000000000
113 -1951.0000000000
117 -1950.0000000000
128 -1949.0000000000
134 -1947.0000000000
138 -1945.0000000000
139 -1944.0000000000
144 -1943.0000000000
151 -1942.0000000000
160 -1941.0000000000
163 -1939.0000000000
164 -1938.0000000000
166 -1937.0000000000
168 -1936.0000000000
171 -1935.0000000000
175 -1932.0000000000
180 -1931.0000000000
183 -1930.0000000000
186 -1928.0000000000
198 -1927.0000000000
201 -1925.0000000000
205 -1924.0000000000
207 -1922.0000000000
209 -1920.0000000000
232 -1919.0000000000
237 -1916.0000000000
239 -1915.0000000000
241 -1914.0000000000
251 -1911.0000000000
259 -1910.0000000000
260 -1909.0000000000
261 -1907.0000000000
266 -1905.0000000000
268 -1904.0000000000
269 -1903.0000000000
272 -1902.0000000000
273 -1901.0000000000
276 -1900.0000000000
279 -1898.0000000000
281 -1897.0000000000
287 -1896.0000000000
289 -1895.0000000000
298 -1894.0000000000
306 -1892.0000000000
310 -1891.0000000000
319 -1889.0000000000
326 -1888.0000000000
330 -1886.0000000000
331 -1885.0000000000
352 -1883.0000000000
355 -1881.0000000000
357 -1880.0000000000
360 -1879.0000000000
361 -1878.0000000000
362 -1876.0000000000
366 -1875.0000000000
367 -1874.0000000000
368 -1873.0000000000
370 -1871.0000000000
372 -1870.0000000000
373 -1869.0000000000
379 -1866.0000000000
380 -1864.0000000000
382 -1863.0000000000
389 -1862.0000000000
394 -1861.0000000000
404 -1860.0000000000
406 -1859.0000000000
408 -1858.0000000000
409 -1857.0000000000
412 -1856.0000000000
417 -1855.0000000000
432 -1853.0000000000
434 -1851.0000000000
443 -1850.0000000000
444 -1848.0000000000
451 -1847.0000000000
452 -1845.0000000000
455 -1844.0000000000
456 -1843.0000000000
459 -1842.0000000000
465 -1840.0000000000
469 -1839.0000000000
473 -1838.0000000000
477 -1837.0000000000
478 -1836.0000000000
481 -1834.0000000000
484 -1833.0000000000
487 -1832.0000000000
498 -1830.0000000000
502 -1829.0000000000
504 -1828.0000000000
505 -1827.0000000000
512 -1825.0000000000
527 -1824.0000000000
529 -1823.0000000000
533 -1822.0000000000
535 -1820.0000000000
541 -1819.0000000000
546 -1818.0000000000
547 -1817.0000000000
550 -1815.0000000000
553 -1814.0000000000
555 -1812.0000000000
557 -1811.0000000000
558 -1810.0000000000
565 -1809.0000000000
566 -1807.0000000000
569 -1806.0000000000
570 -1805.0000000000
578 -1804.0000000000
579 -1803.0000000000
581 -1802.0000000000
617 -1800.0000000000
618 -1799.0000000000
619 -1798.0000000000
626 -1797.0000000000
628 -1796.0000000000
638 -1795.0000000000
639 -1794.0000000000
646 -1793.0000000000
647 -1792.0000000000
653 -1791.0000000000
655 -1789.0000000000
660 -1787.0000000000
667 -1786.0000000000
672 -1785.0000000000
678 -1784.0000000000
682 -1783.0000000000
683 -1782.0000000000
684 -1781.0000000000
688 -1780.0000000000
699 -1779.0000000000
703 -1778.0000000000
715 -1776.0000000000
717 -1775.0000000000
720 -1773.0000000000
721 -1771.0000000000
723 -1770.0000000000
726 -1769.0000000000
732 -1768.0000000000
737 -1767.0000000000
738 -1766.0000000000
739 -1765.0000000000
740 -1762.0000000000
741 -1761.0000000000
745 -1760.0000000000
746 -1758.0000000000
754 -1757.0000000000
757 -1756.0000000000
759 -1755.0000000000
764 -1754.0000000000
766 -1753.0000000000
770 -1752.0000000000
773 -1750.0000000000
782 -1749.0000000000
783 -1748.0000000000
784 -1747.0000000000
790 -1746.0000000000
799 -1745.0000000000
803 -1744.0000000000
808 -1743.0000000000
809 -1742.0000000000
810 -1741.0000000000
814 -1740.0000000000
815 -1739.0000000000
819 -1738.0000000000
822 -1736.0000000000
833 -1735.0000000000
835 -1734.0000000000
846 -1731.0000000000
847 -1729.0000000000
851 -1728.0000000000
855 -1727.0000000000
861 -1726.0000000000
865 -1725.0000000000
869 -1724.0000000000
879 -1723.0000000000
884 -1722.0000000000
886 -1721.0000000000
887 -1720.0000000000
890 -1718.0000000000
894 -1717.0000000000
895 -1716.0000000000
900 -1715.0000000000
902 -1713.0000000000
909 -1712.0000000000
910 -1711.0000000000
918 -1709.0000000000
921 -1708.0000000000
930 -1707.0000000000
935 -1706.0000000000
938 -1705.0000000000
947 -1704.0000000000
948 -1703.0000000000
952 -1702.0000000000
954 -1701.0000000000
955 -1700.0000000000
956 -1699.0000000000
960 -1697.0000000000
966 -1695.0000000000
970 -1694.0000000000
973 -1693.0000000000
975 -1691.0000000000
989 -1690.0000000000
990 -1689.0000000000
995 -1688.0000000000
998 -1687.0000000000
1006 -1685.0000000000
1007 -1684.0000000000
1008 -1682.0000000000
1015 -1681.0000000000
1016 -1680.0000000000
1019 -1678.0000000000
1021 -1677.0000000000
1028 -1676.0000000000
1033 -1674.0000000000
1034 -1673.0000000000
1035 -1672.0000000000
1036 -1670.0000000000
1040 -1669.0000000000
1041 -1668.0000000000
1046 -1666.0000000000
1053 -1665.0000000000
1055 -1663.0000000000
1057 -1661.0000000000
1058 -1659.0000000000
1060 -1657.0000000000
1072 -1655.0000000000
1075 -1654.0000000000
1081 -1653.0000000000
1083 -1651.0000000000
1084 -1650.0000000000
1108 -1649.0000000000
1109 -1648.0000000000
1114 -1647.0000000000
1116 -1646.0000000000
1122 -1645.0000000000
1125 -1644.0000000000
1126 -1642.0000000000
1127 -1641.0000000000
1142 -1640.0000000000
1146 -1639.0000000000
1164 -1638.0000000000
1165 -1637.0000000000
1174 -1636.0000000000
1179 -1635.0000000000
1182 -1634.0000000000
1184 -1633.0000000000
1189 -1632.0000000000
1190 -1631.0000000000
1192 -1628.0000000000
1193 -1627.0000000000
1194 -1626.0000000000
1197 -1625.0000000000
1199 -1624.0000000000
1202 -1622.0000000000
1209 -1620.0000000000
1223 -1619.0000000000
1227 -1617.0000000000
1228 -1616.0000000000
1229 -1615.0000000000
1230 -1614.0000000000
1232 -1613.0000000000
1234 -1612.0000000000
1237 -1611.0000000000
1247 -1610.0000000000
1249 -1609.0000000000
1254 -1607.0000000000
1257 -1606.0000000000
1259 -1605.0000000000
1262 -1604.0000000000
1265 -1603.0000000000
1292 -1602.0000000000
1310 -1601.0000000000
1311 -1600.0000000000
1313 -1599.0000000000
1320 -1598.0000000000
1322 -1597.0000000000
1327 -1596.0000000000
1329 -1595.0000000000
1337 -1594.0000000000
1345 -1593.0000000000
1349 -1592.0000000000
1360 -1591.0000000000
1367 -1590.0000000000
1370 -1589.0000000000
1377 -1588.0000000000
1385 -1587.0000000000
1390 -1586.0000000000
1395 -1585.0000000000
1400 -1584.0000000000
1403 -1583.0000000000
1405 -1582.0000000000
1407 -1580.0000000000
1408 -1578.0000000000
1415 -1577.0000000000
1419 -1575.0000000000
1427 -1574.0000000000
1450 -1573.0000000000
1451 -1572.0000000000
1456 -1571.0000000000
1461 -1570.0000000000
1477 -1569.0000000000
1485 -1568.0000000000
1486 -1567.0000000000
1487 -1566.0000000000
1511 -1565.0000000000
1514 -1564.0000000000
1516 -1563.0000000000
1526 -1562.0000000000
1530 -1561.0000000000
1536 -1560.0000000000
1550 -1559.0000000000
1554 -1558.0000000000
1555 -1557.0000000000
1563 -1555.0000000000
1575 -1554.0000000000
1585 -1553.0000000000
1591 -1552.0000000000
1592 -1551.0000000000
1595 -1550.0000000000
1598 -1549.0000000000
1599 -1548.0000000000
1613 -1547.0000000000
1622 -1545.0000000000
1626 -1544.0000000000
1627 -1543.0000000000
1628 -1542.0000000000
1629 -1541.0000000000
1636 -1540.0000000000
1645 -1539.0000000000
1653 -1538.0000000000
1658 -1537.0000000000
1673 -1536.0000000000
1683 -1535.0000000000
1685 -1534.0000000000
1715 -1532.0000000000
1722 -1531.0000000000
1729 -1530.0000000000
1731 -1529.0000000000
1733 -1527.0000000000
1734 -1526.0000000000
1735 -1525.0000000000
1736 -1524.0000000000
1743 -1523.0000000000
1749 -1522.0000000000
1766 -1520.0000000000
1773 -1516.0000000000
1776 -1515.0000000000
1782 -1514.0000000000
1787 -1513.0000000000
1792 -1512.0000000000
1797 -1511.0000000000
1800 -1510.0000000000
1801 -1509.0000000000
1812 -1508.0000000000
1828 -1507.0000000000
1854 -1506.0000000000
1869 -1505.0000000000
1870 -1503.0000000000
1881 -1502.0000000000
1888 -1501.0000000000
1894 -1500.0000000000
1904 -1499.0000000000
1906 -1498.0000000000
1911 -1496.0000000000
1915 -1495.0000000000
1917 -1494.0000000000
1928 -1492.0000000000
1931 -1491.0000000000
1932 -1490.0000000000
1936 -1489.0000000000
1937 -1488.0000000000
1951 -1486.0000000000
1954 -1485.0000000000
1960 -1482.0000000000
1961 -1481.0000000000
1962 -1480.0000000000
1966 -1479.0000000000
1980 -1477.0000000000
1986 -1476.0000000000
1987 -1474.0000000000
1990 -1473.0000000000
1991 -1472.0000000000
2006 -1471.0000000000
2008 -1470.0000000000
2022 -1469.0000000000
2025 -1468.0000000000
2027 -1467.0000000000
2034 -1466.0000000000
2039 -1465.0000000000
2042 -1463.0000000000
2047 -1462.0000000000
2055 -1461.0000000000
2058 -1460.0000000000
2063 -1459.0000000000
2072 -1458.0000000000
2085 -1457.0000000000
2086 -1456.0000000000
2091 -1454.0000000000
2092 -1453.0000000000
2093 -1452.0000000000
2098 -1450.0000000000
2099 -1449.0000000000
2106 -1448.0000000000
2108 -1447.0000000000
2110 -1445.0000000000
2112 -1444.0000000000
2113 -1442.0000000000
2114 -1440.0000000000
2116 -1439.0000000000
2126 -1438.0000000000
2127 -1437.0000000000
2134 -1436.0000000000
2141 -1435.0000000000
2151 -1434.0000000000
2161 -1433.0000000000
2162 -1432.0000000000
2169 -1430.0000000000
2175 -1429.0000000000
2179 -1427.0000000000
2182 -1426.0000000000
2184 -1424.0000000000
2195 -1423.0000000000
2201 -1421.0000000000
2203 -1420.0000000000
2207 -1419.0000000000
2210 -1418.0000000000
2214 -1417.0000000000
2218 -1415.0000000000
2224 -1414.0000000000
2226 -1413.0000000000
2234 -1412.0000000000
2250 -1411.0000000000
2252 -1410.0000000000
2255 -1409.0000000000
2269 -1408.0000000000
2271 -1407.0000000000
2280 -1406.0000000000
2282 -1405.0000000000
2291 -1403.0000000000
2311 -1401.0000000000
2315 -1400.0000000000
2316 -1399.0000000000
2329 -1398.0000000000
2332 -1397.0000000000
2333 -1395.0000000000
2337 -1394.0000000000
2343 -1393.0000000000
2345 -1392.0000000000
2347 -1391.0000000000
2355 -1390.0000000000
2357 -1389.0000000000
2367 -1388.0000000000
2376 -1387.0000000000
2378 -1386.0000000000
2386 -1385.0000000000
2394 -1384.0000000000
2407 -1383.0000000000
2411 -1382.0000000000
2416 -1381.0000000000
2418 -1380.0000000000
2421 -1379.0000000000
2437 -1377.0000000000
2440 -1376.0000000000
2441 -1375.0000000000
2442 -1374.0000000000
2443 -1373.0000000000
2451 -1372.0000000000
2462 -1371.0000000000
2463 -1370.0000000000
2464 -1369.0000000000
2472 -1367.0000000000
2476 -1366.0000000000
2483 -1365.0000000000
2492 -1364.0000000000
2502 -1363.0000000000
2509 -1362.0000000000
2521 -1361.0000000000
2536 -1360.0000000000
2544 -1359.0000000000
2557 -1357.0000000000
2561 -1356.0000000000
2563 -1355.0000000000
2568 -1354.0000000000
2585 -1353.0000000000
2587 -1352.0000000000
2593 -1351.0000000000
2600 -1349.0000000000
2601 -1348.0000000000
2611 -1347.0000000000
2612 -1346.0000000000
2613 -1345.0000000000
2616 -1344.0000000000
2619 -1343.0000000000
2621 -1342.0000000000
2629 -1341.0000000000
2639 -1340.0000000000
2650 -1339.0000000000
2655 -1338.0000000000
2656 -1337.0000000000
2663 -1336.0000000000
2664 -1335.0000000000
2665 -1334.0000000000
2666 -1333.0000000000
2674 -1332.0000000000
2678 -1331.0000000000
2683 -1328.0000000000
2692 -1327.0000000000
2694 -1326.0000000000
2703 -1325.0000000000
2709 -1324.0000000000
2715 -1323.0000000000
2716 -1322.0000000000
2717 -1321.0000000000
2722 -1320.0000000000
2725 -1319.0000000000
2743 -1317.0000000000
2752 -1316.0000000000
2771 -1315.0000000000
2782 -1314.0000000000
2783 -1313.0000000000
2785 -1312.0000000000
2791 -1311.0000000000
2792 -1310.0000000000
2796 -1309.0000000000
2813 -1308.0000000000
2820 -1307.0000000000
2825 -1305.0000000000
2832 -1304.0000000000
2841 -1303.0000000000
2843 -1302.0000000000
2850 -1301.0000000000
2852 -1300.0000000000
2866 -1299.0000000000
2873 -1298.0000000000
2874 -1297.0000000000
2876 -1296.0000000000
2886 -1295.0000000000
2894 -1294.0000000000
2900 -1293.0000000000
2908 -1292.0000000000
2912 -1291.0000000000
2918 -1290.0000000000
2927 -1289.0000000000
2932 -1288.0000000000
2945 -1287.0000000000
2952 -1286.0000000000
2982 -1285.0000000000
2998 -1284.0000000000
3025 -1282.0000000000
3030 -1281.0000000000
3034 -1279.0000000000
3040 -1278.0000000000
3051 -1277.0000000000
3072 -1276.0000000000
3075 -1275.0000000000
3089 -1274.0000000000
3094 -1273.0000000000
3096 -1272.0000000000
3101 -1271.0000000000
3131 -1270.0000000000
3134 -1269.0000000000
3142 -1268.0000000000
3152 -1267.0000000000
3162 -1266.0000000000
3166 -1265.0000000000
3168 -1264.0000000000
3174 -1263.0000000000
3177 -1262.0000000000
3180 -1261.0000000000
3202 -1260.0000000000
3224 -1259.0000000000
3226 -1258.0000000000
3227 -1255.0000000000
3234 -1254.0000000000
3243 -1253.0000000000
3254 -1252.0000000000
3262 -1250.0000000000
3275 -1249.0000000000
3283 -1248.0000000000
3284 -1246.0000000000
3286 -1245.0000000000
3293 -1244.0000000000
3311 -1241.0000000000
3314 -1238.0000000000
3321 -1236.0000000000
3323 -1234.0000000000
3324 -1232.0000000000
3328 -1231.0000000000
3347 -1230.0000000000
3367 -1229.0000000000
3388 -1228.0000000000
3393 -1226.0000000000
3397 -1225.0000000000
3406 -1224.0000000000
3407 -1223.0000000000
3417 -1222.0000000000
3423 -1221.0000000000
3440 -1220.0000000000
3443 -1219.0000000000
3445 -1218.0000000000
3449 -1217.0000000000
3451 -1216.0000000000
3459 -1215.0000000000
3461 -1214.0000000000
3468 -1213.0000000000
3472 -1212.0000000000
3473 -1210.0000000000
3478 -1209.0000000000
3480 -1208.0000000000
3483 -1207.0000000000
3517 -1206.0000000000
3520 -1204.0000000000
3522 -1203.0000000000
3531 -1202.0000000000
3539 -1201.0000000000
3540 -1199.0000000000
3554 -1198.0000000000
3556 -1197.0000000000
3559 -1196.0000000000
3565 -1195.0000000000
3571 -1194.0000000000
3584 -1193.0000000000
3592 -1192.0000000000
3610 -1191.0000000000
3623 -1190.0000000000
3625 -1188.0000000000
3642 -1187.0000000000
3646 -1186.0000000000
3648 -1185.0000000000
3653 -1184.0000000000
3655 -1183.0000000000
3662 -1181.0000000000
3671 -1180.0000000000
3676 -1179.0000000000
3692 -1178.0000000000
3697 -1177.0000000000
3699 -1176.0000000000
3705 -1175.0000000000
3710 -1174.0000000000
3716 -1173.0000000000
3721 -1172.0000000000
3727 -1171.0000000000
3728 -1170.0000000000
3733 -1169.0000000000
3735 -1167.0000000000
3736 -1166.0000000000
3743 -1165.0000000000
3751 -1164.0000000000
3761 -1163.0000000000
3777 -1161.0000000000
3781 -1160.0000000000
3783 -1159.0000000000
3787 -1158.0000000000
3796 -1157.0000000000
3800 -1156.0000000000
3805 -1155.0000000000
3806 -1154.0000000000
3807 -1153.0000000000
3819 -1152.0000000000
3821 -1151.0000000000
3828 -1150.0000000000
3834 -1149.0000000000
3836 -1148.0000000000
3844 -1147.0000000000
3849 -1146.0000000000
3857 -1145.0000000000
3865 -1144.0000000000
3872 -1141.0000000000
3877 -1140.0000000000
3883 -1139.0000000000
3884 -1138.0000000000
3886 -1137.0000000000
3890 -1136.0000000000
3896 -1135.0000000000
3902 -1134.0000000000
3904 -1133.0000000000
3907 -1132.0000000000
3912 -1131.0000000000
3925 -1130.0000000000
3929 -1129.0000000000
3943 -1128.0000000000
3950 -1127.0000000000
3954 -1126.0000000000
3969 -1125.0000000000
3971 -1124.0000000000
3991 -1123.0000000000
3992 -1122.0000000000
3999 -1120.0000000000
4003 -1119.0000000000
4011 -1118.0000000000
4014 -1117.0000000000
4016 -1116.0000000000
4019 -1115.0000000000
4027 -1114.0000000000
4046 -1113.0000000000
4056 -1112.0000000000
4058 -1111.0000000000
4059 -1110.0000000000
4079 -1108.0000000000
4080 -1107.0000000000
4086 -1106.0000000000
4087 -1105.0000000000
4092 -1104.0000000000
4106 -1103.0000000000
4108 -1102.0000000000
4116 -1100.0000000000
4118 -1099.0000000000
4123 -1097.0000000000
4130 -1096.0000000000
4138 -1095.0000000000
4140 -1094.0000000000
4155 -1093.0000000000
4172 -1092.0000000000
4175 -1091.0000000000
4180 -1090.0000000000
4186 -1089.0000000000
4195 -1086.0000000000
4204 -1085.0000000000
4205 -1084.0000000000
4207 -1083.0000000000
4208 -1082.0000000000
4214 -1081.0000000000
4217 -1078.0000000000
4222 -1077.0000000000
4228 -1076.0000000000
4231 -1075.0000000000
4242 -1074.0000000000
4244 -1073.0000000000
4246 -1072.0000000000
4271 -1071.0000000000
4276 -1070.0000000000
4292 -1069.0000000000
4302 -1068.0000000000
4326 -1067.0000000000
4328 -1066.0000000000
4329 -1064.0000000000
4331 -1063.0000000000
4332 -1061.0000000000
4341 -1060.0000000000
4352 -1059.0000000000
4358 -1058.0000000000
4362 -1057.0000000000
4367 -1055.0000000000
4379 -1054.0000000000
4380 -1053.0000000000
4395 -1052.0000000000
4398 -1051.0000000000
4399 -1050.0000000000
4418 -1049.0000000000
4423 -1048.0000000000
4434 -1047.0000000000
4446 -1046.0000000000
4448 -1045.0000000000
4462 -1042.0000000000
4471 -1040.0000000000
4483 -1039.0000000000
4485 -1038.0000000000
4487 -1037.0000000000
4489 -1036.0000000000
4490 -1035.0000000000
4491 -1034.0000000000
4497 -1033.0000000000
4499 -1032.0000000000
4503 -1031.0000000000
4531 -1030.0000000000
4537 -1029.0000000000
4544 -1028.0000000000
4547 -1027.0000000000
4562 -1026.0000000000
4563 -1025.0000000000
4571 -1024.0000000000
4572 -1023.0000000000
4612 -1022.0000000000
4639 -1021.0000000000
4646 -1020.0000000000
4648 -1019.0000000000
4660 -1018.0000000000
4685 -1016.0000000000
4693 -1015.0000000000
4700 -1014.0000000000
4708 -1013.0000000000
4715 -1012.0000000000
4719 -1011.0000000000
4721 -1010.0000000000
4735 -1007.0000000000
4739 -1006.0000000000
4744 -1005.0000000000
4751 -1004.0000000000
4754 -1003.0000000000
4758 -1001.0000000000
4761 -1000.0000000000
4763 -999.0000000000
4773 -998.0000000000
4780 -997.0000000000
4824 -996.0000000000
4832 -994.0000000000
4854 -993.0000000000
4862 -992.0000000000
4881 -991.0000000000
4905 -988.0000000000
4907 -987.0000000000
4953 -986.0000000000
4955 -985.0000000000
4961 -984.0000000000
4966 -983.0000000000
4981 -982.0000000000
4990 -981.0000000000
4991 -980.0000000000
4992 -978.0000000000
5008 -977.0000000000
5040 -976.0000000000
5064 -974.0000000000
5074 -973.0000000000
5101 -972.0000000000
5105 -971.0000000000
5110 -970.0000000000
5115 -969.0000000000
5120 -966.0000000000
5132 -965.0000000000
5168 -964.0000000000
5176 -963.0000000000
5187 -962.0000000000
5196 -961.0000000000
5199 -960.0000000000
5223 -959.0000000000
5231 -958.0000000000
5240 -957.0000000000
5255 -955.0000000000
5258 -954.0000000000
5280 -953.0000000000
5284 -952.0000000000
5291 -951.0000000000
5292 -950.0000000000
5300 -949.0000000000
5304 -948.0000000000
5331 -947.0000000000
5344 -946.0000000000
5359 -945.0000000000
5361 -944.0000000000
5366 -943.0000000000
5374 -942.0000000000
5376 -941.0000000000
5384 -939.0000000000
5391 -938.0000000000
5415 -937.0000000000
5417 -936.0000000000
5427 -935.0000000000
5430 -934.0000000000
5459 -933.0000000000
5467 -931.0000000000
5479 -929.0000000000
5480 -928.0000000000
5485 -927.0000000000
5498 -926.0000000000
5503 -925.0000000000
5510 -924.0000000000
5513 -923.0000000000
5515 -921.0000000000
5518 -920.0000000000
5520 -919.0000000000
5523 -918.0000000000
5534 -917.0000000000
5551 -915.0000000000
5560 -914.0000000000
5578 -911.0000000000
5608 -910.0000000000
5621 -909.0000000000
5637 -908.0000000000
5645 -907.0000000000
5646 -905.0000000000
5647 -902.0000000000
5652 -901.0000000000
5657 -900.0000000000
5664 -899.0000000000
5691 -898.0000000000
5697 -897.0000000000
5708 -896.0000000000
5709 -895.0000000000
5713 -894.0000000000
5714 -893.0000000000
5721 -892.0000000000
5724 -891.0000000000
5740 -890.0000000000
5746 -889.0000000000
5754 -888.0000000000
5774 -887.0000000000
5786 -886.0000000000
5789 -885.0000000000
5798 -884.0000000000
5808 -883.0000000000
5809 -882.0000000000
5821 -880.0000000000
5824 -879.0000000000
5836 -878.0000000000
5853 -877.0000000000
5860 -876.0000000000
5866 -875.0000000000
5868 -874.0000000000
5883 -873.0000000000
5892 -872.0000000000
5902 -871.0000000000
5904 -870.0000000000
5907 -869.0000000000
5911 -868.0000000000
5925 -867.0000000000
5944 -865.0000000000
5946 -864.0000000000
5952 -863.0000000000
5956 -862.0000000000
5966 -861.0000000000
5980 -860.0000000000
5985 -859.0000000000
6039 -858.0000000000
6042 -857.0000000000
6086 -856.0000000000
6147 -855.0000000000
6164 -854.0000000000
6175 -853.0000000000
6191 -852.0000000000
6196 -851.0000000000
6204 -850.0000000000
6207 -849.0000000000
6263 -848.0000000000
6264 -847.0000000000
6278 -846.0000000000
6280 -845.0000000000
6282 -844.0000000000
6286 -842.0000000000
6297 -841.0000000000
6300 -840.0000000000
6307 -839.0000000000
6313 -838.0000000000
6317 -837.0000000000
6328 -836.0000000000
6344 -835.0000000000
6404 -834.0000000000
6408 -833.0000000000
6411 -832.0000000000
6416 -831.0000000000
6427 -830.0000000000
6433 -829.0000000000
6435 -828.0000000000
6446 -827.0000000000
6447 -826.0000000000
6448 -825.0000000000
6456 -824.0000000000
6477 -823.0000000000
6504 -822.0000000000
6510 -821.0000000000
6515 -820.0000000000
6524 -819.0000000000
6540 -818.0000000000
6559 -817.0000000000
6565 -816.0000000000
6581 -815.0000000000
6584 -814.0000000000
6605 -813.0000000000
6607 -812.0000000000
6651 -811.0000000000
6676 -809.0000000000
6694 -808.0000000000
6699 -807.0000000000
6702 -805.0000000000
6722 -804.0000000000
6727 -803.0000000000
6730 -802.0000000000
6731 -801.0000000000
6745 -800.0000000000
6751 -799.0000000000
6758 -797.0000000000
6772 -796.0000000000
6786 -795.0000000000
6801 -794.0000000000
6803 -793.0000000000
6814 -792.0000000000
6824 -791.0000000000
6831 -790.0000000000
6847 -789.0000000000
6858 -788.0000000000
6874 -787.0000000000
6883 -786.0000000000
6893 -785.0000000000
6898 -784.0000000000
6904 -783.0000000000
6905 -782.0000000000
6906 -781.0000000000
6917 -780.0000000000
6919 -779.0000000000
6925 -778.0000000000
6934 -777.0000000000
6937 -776.0000000000
6947 -775.0000000000
6991 -774.0000000000
6999 -773.0000000000
7003 -772.0000000000
7009 -771.0000000000
7013 -770.0000000000
7047 -769.0000000000
7060 -768.0000000000
7062 -767.0000000000
7084 -766.0000000000
7092 -765.0000000000
7100 -764.0000000000
7104 -763.0000000000
7121 -762.0000000000
7138 -761.0000000000
7154 -760.0000000000
7155 -758.0000000000
7162 -757.0000000000
7163 -756.0000000000
7184 -755.0000000000
7201 -754.0000000000
7208 -753.0000000000
7209 -752.0000000000
7210 -751.0000000000
7231 -750.0000000000
7233 -748.0000000000
7235 -747.0000000000
7240 -746.0000000000
7245 -745.0000000000
7274 -744.0000000000
7299 -743.0000000000
7306 -742.0000000000
7310 -741.0000000000
7312 -740.0000000000
7325 -739.0000000000
7348 -738.0000000000
7371 -736.0000000000
7376 -735.0000000000
7383 -734.0000000000
7386 -733.0000000000
7418 -732.0000000000
7437 -731.0000000000
7449 -730.0000000000
7483 -729.0000000000
7484 -728.0000000000
7519 -727.0000000000
7526 -725.0000000000
7543 -724.0000000000
7557 -723.0000000000
7560 -722.0000000000
7563 -721.0000000000
7580 -720.0000000000
7581 -719.0000000000
7600 -717.0000000000
7612 -716.0000000000
7632 -715.0000000000
7635 -714.0000000000
7672 -713.0000000000
7711 -712.0000000000
7729 -711.0000000000
7737 -710.0000000000
7769 -708.0000000000
7773 -707.0000000000
7797 -706.0000000000
7798 -705.0000000000
7821 -704.0000000000
7826 -703.0000000000
7828 -702.0000000000
7833 -701.0000000000
7858 -700.0000000000
7862 -699.0000000000
7867 -698.0000000000
7895 -697.0000000000
7896 -696.0000000000
7911 -695.0000000000
7933 -694.0000000000
7952 -693.0000000000
7957 -692.0000000000
7976 -691.0000000000
7987 -690.0000000000
8003 -689.0000000000
8005 -688.0000000000
8008 -687.0000000000
8012 -686.0000000000
8033 -685.0000000000
8048 -684.0000000000
8049 -683.0000000000
8051 -682.0000000000
8068 -681.0000000000
8094 -680.0000000000
8100 -679.0000000000
8108 -678.0000000000
8118 -677.0000000000
8126 -676.0000000000
8151 -675.0000000000
8162 -674.0000000000
8188 -673.0000000000
8226 -672.0000000000
8231 -671.0000000000
8237 -670.0000000000
8244 -669.0000000000
8258 -668.0000000000
8266 -667.0000000000
8267 -666.0000000000
8268 -665.0000000000
8272 -664.0000000000
8280 -663.0000000000
8288 -662.0000000000
8296 -661.0000000000
8305 -660.0000000000
8322 -659.0000000000
8332 -658.0000000000
8333 -657.0000000000
8354 -655.0000000000
8360 -654.0000000000
8371 -653.0000000000
8390 -652.0000000000
8396 -650.0000000000
8403 -649.0000000000
8423 -647.0000000000
8426 -646.0000000000
8450 -645.0000000000
8469 -644.0000000000
8470 -643.0000000000
8476 -642.0000000000
8495 -641.0000000000
8497 -640.0000000000
8504 -639.0000000000
8508 -638.0000000000
8510 -637.0000000000
8511 -635.0000000000
8531 -634.0000000000
8532 -633.0000000000
8543 -632.0000000000
8562 -631.0000000000
8587 -630.0000000000
8643 -629.0000000000
8653 -628.0000000000
8658 -627.0000000000
8682 -625.0000000000
8685 -624.0000000000
8712 -623.0000000000
8717 -622.0000000000
8731 -621.0000000000
8738 -620.0000000000
8740 -619.0000000000
8761 -618.0000000000
8771 -617.0000000000
8798 -616.0000000000
8805 -615.0000000000
8808 -614.0000000000
8815 -613.0000000000
8824 -611.0000000000
8848 -610.0000000000
8880 -609.0000000000
8886 -608.0000000000
8909 -607.0000000000
8917 -606.0000000000
8936 -605.0000000000
8950 -604.0000000000
8955 -603.0000000000
8959 -602.0000000000
8991 -601.0000000000
8997 -600.0000000000
9000 -599.0000000000
9022 -598.0000000000
9025 -597.0000000000
9045 -596.0000000000
9082 -595.0000000000
9083 -593.0000000000
9111 -592.0000000000
9127 -591.0000000000
9147 -590.0000000000
9153 -588.0000000000
9155 -587.0000000000
9193 -586.0000000000
9204 -585.0000000000
9213 -584.0000000000
9216 -583.0000000000
9218 -582.0000000000
9232 -581.0000000000
9255 -580.0000000000
9268 -579.0000000000
9269 -578.0000000000
9326 -577.0000000000
9327 -576.0000000000
9351 -575.0000000000
9356 -574.0000000000
9361 -573.0000000000
9403 -572.0000000000
9405 -571.0000000000
9416 -570.0000000000
9417 -569.0000000000
9425 -568.0000000000
9437 -567.0000000000
9447 -566.0000000000
9466 -565.0000000000
9476 -564.0000000000
9482 -563.0000000000
9497 -562.0000000000
9498 -561.0000000000
9517 -560.0000000000
9547 -559.0000000000
9548 -558.0000000000
9573 -557.0000000000
9580 -556.0000000000
9589 -554.0000000000
9629 -552.0000000000
9643 -551.0000000000
9646 -550.0000000000
9658 -549.0000000000
9669 -548.0000000000
9674 -547.0000000000
9682 -546.0000000000
9687 -545.0000000000
9696 -544.0000000000
9699 -543.0000000000
9711 -542.0000000000
9720 -541.0000000000
9747 -540.0000000000
9754 -539.0000000000
9810 -538.0000000000
9813 -537.0000000000
9877 -536.0000000000
9899 -535.0000000000
9900 -534.0000000000
9941 -533.0000000000
9949 -532.0000000000
9966 -531.0000000000
9987 -529.0000000000
10000 -530.0000000000
