evaluations raw_y
1 -2008.0000000000
3 -2006.0000000000
4 -2005.0000000000
8 -2002.0000000000
10 -2001.0000000000
14 -2000.0000000000
18 -1999.0000000000
23 -1998.0000000000
40 -1996.0000000000
41 -1994.0000000000
42 -1993.0000000000
46 -1992.0000000000
47 -1991.0000000000
53 -1990.0000000000
55 -1988.0000000000
57 -1987.0000000000
60 -1986.0000000000
64 -1985.0000000000
65 -1984.0000000000
70 -1983.0000000000
79 -1981.0000000000
88 -1980.0000000000
91 -1979.0000000000
95 -1978.0000000000
96 -1977.0000000000
102 -1976.0000000000
105 -1975.0000000000
108 -1974.0000000000
112 -1972.0000000000
118 -1971.0000000000
129 -1970.0000000000
132 -1968.0000000000
133 -1967.0000000000
137 -1966.0000000000
138 -1965.0000000000
141 -1964.0000000000
143 -1963.0000000000
144 -1962.0000000000
150 -1961.0000000000
152 -1960.0000000000
154 -1959.0000000000
158 -1957.0000000000
164 -1955.0000000000
165 -1954.0000000000
166 -1953.0000000000
173 -1952.0000000000
175 -1951.0000000000
177 -1950.0000000000
180 -1949.0000000000
182 -1947.0000000000
184 -1946.0000000000
186 -1945.0000000000
187 -1943.0000000000
192 -1942.0000000000
196 -1941.0000000000
199 -1940.0000000000
202 -1938.0000000000
204 -1937.0000000000
206 -1936.0000000000
208 -1935.0000000000
210 -1934.0000000000
221 -1933.0000000000
225 -1932.0000000000
227 -1930.0000000000
234 -1929.0000000000
236 -1928.0000000000
238 -1927.0000000000
255 -1926.0000000000
259 -1924.0000000000
260 -1923.0000000000
275 -1922.0000000000
280 -1920.0000000000
282 -1919.0000000000
283 -1918.0000000000
286 -1917.0000000000
294 -1916.0000000000
296 -1915.0000000000
297 -1914.0000000000
300 -1913.0000000000
308 -1912.0000000000
314 -1911.0000000000
323 -1910.0000000000
332 -1909.0000000000
333 -1908.0000000000
335 -1907.0000000000
341 -1906.0000000000
342 -1904.0000000000
343 -1903.0000000000
344 -1902.0000000000
345 -1900.0000000000
348 -1899.0000000000
351 -1897.0000000000
358 -1896.0000000000
359 -1895.0000000000
365 -1894.0000000000
368 -1893.0000000000
372 -1892.0000000000
377 -1890.0000000000
379 -1889.0000000000
382 -1888.0000000000
383 -1887.0000000000
395 -1885.0000000000
396 -1884.0000000000
402 -1883.0000000000
404 -1882.0000000000
407 -1881.0000000000
410 -1880.0000000000
413 -1879.0000000000
415 -1878.0000000000
416 -1877.0000000000
428 -1876.0000000000
430 -1875.0000000000
439 -1874.0000000000
451 -1872.0000000000
452 -1870.0000000000
456 -1869.0000000000
471 -1868.0000000000
477 -1867.0000000000
483 -1866.0000000000
486 -1865.0000000000
487 -1864.0000000000
492 -1863.0000000000
495 -1861.0000000000
497 -1860.0000000000
501 -1859.0000000000
502 -1858.0000000000
503 -1857.0000000000
509 -1856.0000000000
516 -1855.0000000000
519 -1853.0000000000
525 -1852.0000000000
530 -1851.0000000000
531 -1850.0000000000
540 -1849.0000000000
542 -1848.0000000000
543 -1847.0000000000
554 -1846.0000000000
558 -1845.0000000000
559 -1844.0000000000
562 -1843.0000000000
567 -1842.0000000000
568 -1841.0000000000
574 -1840.0000000000
578 -1839.0000000000
581 -1838.0000000000
593 -1837.0000000000
595 -1836.0000000000
598 -1835.0000000000
599 -1834.0000000000
600 -1833.0000000000
605 -1832.0000000000
611 -1831.0000000000
613 -1830.0000000000
616 -1827.0000000000
617 -1826.0000000000
620 -1825.0000000000
624 -1823.0000000000
629 -1822.0000000000
632 -1821.0000000000
633 -1820.0000000000
636 -1818.0000000000
642 -1817.0000000000
651 -1816.0000000000
652 -1815.0000000000
654 -1814.0000000000
655 -1812.0000000000
656 -1810.0000000000
662 -1809.0000000000
669 -1808.0000000000
672 -1807.0000000000
679 -1806.0000000000
682 -1805.0000000000
683 -1804.0000000000
684 -1803.0000000000
692 -1802.0000000000
694 -1801.0000000000
696 -1800.0000000000
697 -1799.0000000000
698 -1798.0000000000
710 -1796.0000000000
712 -1795.0000000000
713 -1793.0000000000
717 -1791.0000000000
722 -1790.0000000000
729 -1789.0000000000
730 -1787.0000000000
731 -1786.0000000000
733 -1784.0000000000
742 -1783.0000000000
746 -1781.0000000000
754 -1780.0000000000
761 -1778.0000000000
762 -1777.0000000000
764 -1776.0000000000
766 -1775.0000000000
768 -1773.0000000000
769 -1772.0000000000
770 -1771.0000000000
781 -1770.0000000000
782 -1769.0000000000
786 -1767.0000000000
792 -1766.0000000000
796 -1765.0000000000
800 -1764.0000000000
805 -1763.0000000000
806 -1762.0000000000
816 -1761.0000000000
818 -1760.0000000000
830 -1759.0000000000
841 -1757.0000000000
843 -1756.0000000000
844 -1755.0000000000
850 -1753.0000000000
853 -1752.0000000000
858 -1751.0000000000
869 -1750.0000000000
872 -1749.0000000000
876 -1748.0000000000
878 -1747.0000000000
879 -1746.0000000000
883 -1745.0000000000
884 -1744.0000000000
885 -1743.0000000000
890 -1742.0000000000
893 -1741.0000000000
894 -1739.0000000000
900 -1736.0000000000
902 -1735.0000000000
907 -1734.0000000000
913 -1733.0000000000
914 -1732.0000000000
917 -1731.0000000000
926 -1729.0000000000
927 -1728.0000000000
936 -1727.0000000000
941 -1726.0000000000
944 -1725.0000000000
948 -1723.0000000000
950 -1722.0000000000
957 -1721.0000000000
960 -1720.0000000000
961 -1719.0000000000
962 -1718.0000000000
963 -1717.0000000000
969 -1715.0000000000
970 -1714.0000000000
975 -1713.0000000000
980 -1712.0000000000
984 -1710.0000000000
992 -1709.0000000000
1000 -1708.0000000000
1006 -1706.0000000000
1009 -1705.0000000000
1012 -1704.0000000000
1013 -1703.0000000000
1018 -1702.0000000000
1025 -1701.0000000000
1035 -1700.0000000000
1038 -1699.0000000000
1040 -1697.0000000000
1041 -1696.0000000000
1044 -1695.0000000000
1054 -1694.0000000000
1055 -1693.0000000000
1056 -1692.0000000000
1057 -1689.0000000000
1060 -1688.0000000000
1064 -1687.0000000000
1065 -1685.0000000000
1071 -1684.0000000000
1077 -1683.0000000000
1080 -1681.0000000000
1087 -1680.0000000000
1090 -1679.0000000000
1093 -1678.0000000000
1094 -1677.0000000000
1095 -1676.0000000000
1100 -1674.0000000000
1101 -1673.0000000000
1105 -1671.0000000000
1112 -1670.0000000000
1117 -1669.0000000000
1121 -1668.0000000000
1131 -1667.0000000000
1135 -1666.0000000000
1140 -1665.0000000000
1141 -1664.0000000000
1142 -1663.0000000000
1143 -1662.0000000000
1150 -1660.0000000000
1151 -1659.0000000000
1152 -1658.0000000000
1158 -1656.0000000000
1161 -1655.0000000000
1162 -1654.0000000000
1167 -1653.0000000000
1169 -1652.0000000000
1171 -1651.0000000000
1180 -1650.0000000000
1182 -1649.0000000000
1183 -1648.0000000000
1187 -1647.0000000000
1193 -1646.0000000000
1197 -1644.0000000000
1202 -1643.0000000000
1206 -1642.0000000000
1212 -1641.0000000000
1214 -1640.0000000000
1219 -1637.0000000000
1221 -1636.0000000000
1224 -1635.0000000000
1225 -1634.0000000000
1227 -1633.0000000000
1234 -1632.0000000000
1237 -1631.0000000000
1254 -1630.0000000000
1260 -1629.0000000000
1261 -1628.0000000000
1264 -1627.0000000000
1275 -1626.0000000000
1284 -1625.0000000000
1292 -1623.0000000000
1296 -1622.0000000000
1300 -1621.0000000000
1302 -1620.0000000000
1304 -1619.0000000000
1305 -1617.0000000000
1306 -1616.0000000000
1314 -1615.0000000000
1322 -1614.0000000000
1329 -1613.0000000000
1333 -1612.0000000000
1345 -1611.0000000000
1350 -1610.0000000000
1359 -1607.0000000000
1368 -1606.0000000000
1394 -1605.0000000000
1399 -1603.0000000000
1411 -1602.0000000000
1415 -1600.0000000000
1419 -1599.0000000000
1427 -1598.0000000000
1428 -1597.0000000000
1434 -1596.0000000000
1445 -1595.0000000000
1448 -1593.0000000000
1449 -1592.0000000000
1465 -1591.0000000000
1466 -1590.0000000000
1468 -1589.0000000000
1473 -1588.0000000000
1480 -1587.0000000000
1482 -1586.0000000000
1484 -1585.0000000000
1495 -1583.0000000000
1499 -1582.0000000000
1508 -1580.0000000000
1512 -1579.0000000000
1531 -1578.0000000000
1535 -1577.0000000000
1536 -1576.0000000000
1537 -1575.0000000000
1538 -1574.0000000000
1541 -1573.0000000000
1543 -1572.0000000000
1545 -1571.0000000000
1548 -1569.0000000000
1552 -1567.0000000000
1553 -1564.0000000000
1578 -1563.0000000000
1582 -1560.0000000000
1587 -1559.0000000000
1588 -1558.0000000000
1596 -1555.0000000000
1604 -1554.0000000000
1611 -1553.0000000000
1619 -1551.0000000000
1621 -1550.0000000000
1637 -1549.0000000000
1640 -1548.0000000000
1650 -1546.0000000000
1651 -1545.0000000000
1663 -1542.0000000000
1664 -1541.0000000000
1667 -1540.0000000000
1669 -1539.0000000000
1678 -1538.0000000000
1679 -1537.0000000000
1687 -1536.0000000000
1689 -1535.0000000000
1690 -1534.0000000000
1693 -1532.0000000000
1698 -1531.0000000000
1701 -1530.0000000000
1702 -1529.0000000000
1705 -1528.0000000000
1706 -1527.0000000000
1716 -1526.0000000000
1732 -1525.0000000000
1736 -1524.0000000000
1739 -1523.0000000000
1740 -1521.0000000000
1748 -1520.0000000000
1774 -1519.0000000000
1775 -1518.0000000000
1778 -1517.0000000000
1780 -1516.0000000000
1784 -1515.0000000000
1794 -1514.0000000000
1806 -1513.0000000000
1824 -1512.0000000000
1825 -1511.0000000000
1826 -1510.0000000000
1833 -1509.0000000000
1834 -1508.0000000000
1840 -1507.0000000000
1843 -1506.0000000000
1847 -1505.0000000000
1849 -1504.0000000000
1855 -1503.0000000000
1859 -1502.0000000000
1865 -1500.0000000000
1866 -1499.0000000000
1867 -1497.0000000000
1868 -1496.0000000000
1869 -1495.0000000000
1875 -1494.0000000000
1876 -1493.0000000000
1877 -1492.0000000000
1885 -1491.0000000000
1892 -1490.0000000000
1894 -1487.0000000000
1906 -1486.0000000000
1907 -1485.0000000000
1919 -1484.0000000000
1920 -1483.0000000000
1933 -1482.0000000000
1944 -1481.0000000000
1945 -1480.0000000000
1946 -1479.0000000000
1953 -1478.0000000000
1963 -1477.0000000000
1964 -1476.0000000000
1968 -1475.0000000000
1970 -1474.0000000000
1971 -1473.0000000000
1980 -1472.0000000000
1986 -1471.0000000000
1994 -1470.0000000000
1995 -1469.0000000000
1997 -1468.0000000000
1998 -1467.0000000000
1999 -1465.0000000000
2002 -1463.0000000000
2010 -1462.0000000000
2015 -1461.0000000000
2026 -1459.0000000000
2029 -1457.0000000000
2030 -1456.0000000000
2031 -1454.0000000000
2040 -1453.0000000000
2045 -1451.0000000000
2048 -1450.0000000000
2050 -1449.0000000000
2060 -1448.0000000000
2068 -1446.0000000000
2069 -1445.0000000000
2073 -1444.0000000000
2082 -1442.0000000000
2088 -1441.0000000000
2101 -1439.0000000000
2102 -1438.0000000000
2105 -1437.0000000000
2110 -1436.0000000000
2133 -1434.0000000000
2137 -1432.0000000000
2141 -1430.0000000000
2170 -1429.0000000000
2179 -1428.0000000000
2182 -1427.0000000000
2183 -1426.0000000000
2195 -1423.0000000000
2202 -1422.0000000000
2208 -1421.0000000000
2214 -1420.0000000000
2224 -1419.0000000000
2225 -1418.0000000000
2230 -1417.0000000000
2235 -1416.0000000000
2238 -1415.0000000000
2243 -1414.0000000000
2257 -1413.0000000000
2265 -1412.0000000000
2267 -1411.0000000000
2272 -1410.0000000000
2279 -1409.0000000000
2283 -1408.0000000000
2294 -1407.0000000000
2299 -1406.0000000000
2307 -1405.0000000000
2310 -1404.0000000000
2311 -1403.0000000000
2322 -1401.0000000000
2332 -1400.0000000000
2337 -1399.0000000000
2341 -1398.0000000000
2349 -1397.0000000000
2351 -1396.0000000000
2363 -1395.0000000000
2367 -1394.0000000000
2375 -1393.0000000000
2383 -1391.0000000000
2389 -1389.0000000000
2391 -1388.0000000000
2398 -1387.0000000000
2399 -1386.0000000000
2403 -1385.0000000000
2412 -1384.0000000000
2413 -1383.0000000000
2416 -1382.0000000000
2418 -1380.0000000000
2435 -1379.0000000000
2438 -1378.0000000000
2447 -1377.0000000000
2464 -1375.0000000000
2467 -1374.0000000000
2471 -1373.0000000000
2473 -1372.0000000000
2474 -1371.0000000000
2480 -1370.0000000000
2483 -1369.0000000000
2486 -1368.0000000000
2489 -1366.0000000000
2506 -1365.0000000000
2526 -1364.0000000000
2528 -1363.0000000000
2530 -1362.0000000000
2535 -1361.0000000000
2536 -1360.0000000000
2540 -1359.0000000000
2545 -1358.0000000000
2550 -1357.0000000000
2553 -1355.0000000000
2555 -1354.0000000000
2560 -1353.0000000000
2561 -1351.0000000000
2577 -1350.0000000000
2583 -1349.0000000000
2614 -1348.0000000000
2615 -1347.0000000000
2628 -1346.0000000000
2630 -1345.0000000000
2639 -1344.0000000000
2640 -1343.0000000000
2644 -1341.0000000000
2648 -1340.0000000000
2656 -1339.0000000000
2658 -1338.0000000000
2664 -1337.0000000000
2673 -1336.0000000000
2676 -1335.0000000000
2683 -1334.0000000000
2707 -1333.0000000000
2712 -1332.0000000000
2713 -1330.0000000000
2717 -1329.0000000000
2724 -1328.0000000000
2727 -1327.0000000000
2741 -1326.0000000000
2742 -1324.0000000000
2746 -1323.0000000000
2752 -1322.0000000000
2753 -1321.0000000000
2755 -1320.0000000000
2782 -1319.0000000000
2784 -1317.0000000000
2790 -1316.0000000000
2807 -1315.0000000000
2808 -1314.0000000000
2809 -1313.0000000000
2828 -1311.0000000000
2843 -1310.0000000000
2855 -1309.0000000000
2856 -1308.0000000000
2863 -1306.0000000000
2866 -1305.0000000000
2872 -1304.0000000000
2876 -1303.0000000000
2878 -1302.0000000000
2898 -1300.0000000000
2899 -1299.0000000000
2903 -1298.0000000000
2911 -1297.0000000000
2921 -1296.0000000000
2937 -1295.0000000000
2946 -1294.0000000000
2955 -1293.0000000000
2958 -1292.0000000000
2983 -1291.0000000000
2995 -1290.0000000000
3002 -1288.0000000000
3003 -1286.0000000000
3004 -1284.0000000000
3006 -1283.0000000000
3010 -1282.0000000000
3020 -1280.0000000000
3021 -1279.0000000000
3022 -1278.0000000000
3023 -1277.0000000000
3024 -1276.0000000000
3049 -1275.0000000000
3054 -1274.0000000000
3058 -1273.0000000000
3062 -1272.0000000000
3069 -1271.0000000000
3081 -1270.0000000000
3084 -1269.0000000000
3086 -1267.0000000000
3088 -1266.0000000000
3105 -1265.0000000000
3114 -1263.0000000000
3115 -1262.0000000000
3119 -1261.0000000000
3122 -1260.0000000000
3129 -1259.0000000000
3149 -1258.0000000000
3150 -1257.0000000000
3151 -1256.0000000000
3162 -1255.0000000000
3166 -1254.0000000000
3167 -1253.0000000000
3173 -1252.0000000000
3177 -1251.0000000000
3178 -1249.0000000000
3179 -1248.0000000000
3181 -1247.0000000000
3196 -1246.0000000000
3197 -1245.0000000000
3206 -1244.0000000000
3214 -1243.0000000000
3216 -1242.0000000000
3220 -1241.0000000000
3221 -1240.0000000000
3224 -1239.0000000000
3225 -1238.0000000000
3226 -1237.0000000000
3229 -1236.0000000000
3246 -1235.0000000000
3250 -1234.0000000000
3273 -1233.0000000000
3278 -1232.0000000000
3284 -1231.0000000000
3289 -1230.0000000000
3293 -1229.0000000000
3296 -1228.0000000000
3303 -1227.0000000000
3304 -1226.0000000000
3320 -1225.0000000000
3322 -1224.0000000000
3333 -1223.0000000000
3334 -1222.0000000000
3337 -1221.0000000000
3341 -1219.0000000000
3350 -1218.0000000000
3357 -1217.0000000000
3378 -1216.0000000000
3397 -1215.0000000000
3400 -1214.0000000000
3410 -1213.0000000000
3416 -1212.0000000000
3432 -1211.0000000000
3436 -1210.0000000000
3437 -1209.0000000000
3441 -1208.0000000000
3446 -1206.0000000000
3454 -1205.0000000000
3463 -1204.0000000000
3468 -1203.0000000000
3472 -1202.0000000000
3475 -1201.0000000000
3528 -1200.0000000000
3529 -1199.0000000000
3534 -1198.0000000000
3544 -1197.0000000000
3547 -1196.0000000000
3555 -1195.0000000000
3563 -1194.0000000000
3564 -1193.0000000000
3569 -1192.0000000000
3575 -1191.0000000000
3581 -1189.0000000000
3591 -1188.0000000000
3603 -1186.0000000000
3610 -1185.0000000000
3619 -1184.0000000000
3646 -1183.0000000000
3653 -1181.0000000000
3654 -1180.0000000000
3660 -1179.0000000000
3662 -1178.0000000000
3671 -1177.0000000000
3675 -1176.0000000000
3681 -1175.0000000000
3693 -1174.0000000000
3699 -1173.0000000000
3715 -1172.0000000000
3720 -1171.0000000000
3721 -1169.0000000000
3727 -1168.0000000000
3740 -1167.0000000000
3745 -1166.0000000000
3757 -1165.0000000000
3759 -1164.0000000000
3766 -1163.0000000000
3776 -1162.0000000000
3777 -1161.0000000000
3779 -1160.0000000000
3790 -1159.0000000000
3815 -1158.0000000000
3820 -1157.0000000000
3825 -1156.0000000000
3827 -1155.0000000000
3840 -1154.0000000000
3846 -1152.0000000000
3851 -1151.0000000000
3860 -1150.0000000000
3861 -1149.0000000000
3881 -1147.0000000000
3882 -1145.0000000000
3904 -1144.0000000000
3919 -1143.0000000000
3921 -1142.0000000000
3934 -1141.0000000000
3943 -1140.0000000000
3948 -1139.0000000000
3955 -1138.0000000000
3960 -1136.0000000000
3968 -1135.0000000000
3977 -1134.0000000000
3978 -1132.0000000000
3981 -1131.0000000000
3982 -1130.0000000000
3983 -1128.0000000000
4004 -1127.0000000000
4011 -1126.0000000000
4012 -1125.0000000000
4031 -1124.0000000000
4039 -1123.0000000000
4040 -1122.0000000000
4053 -1121.0000000000
4054 -1120.0000000000
4062 -1119.0000000000
4063 -1118.0000000000
4073 -1117.0000000000
4084 -1116.0000000000
4087 -1115.0000000000
4092 -1113.0000000000
4093 -1112.0000000000
4097 -1111.0000000000
4102 -1110.0000000000
4104 -1109.0000000000
4106 -1108.0000000000
4113 -1107.0000000000
4117 -1106.0000000000
4135 -1105.0000000000
4137 -1103.0000000000
4146 -1101.0000000000
4150 -1100.0000000000
4156 -1099.0000000000
4166 -1098.0000000000
4171 -1097.0000000000
4210 -1096.0000000000
4215 -1095.0000000000
4219 -1094.0000000000
4231 -1093.0000000000
4235 -1092.0000000000
4245 -1091.0000000000
4246 -1090.0000000000
4255 -1089.0000000000
4276 -1088.0000000000
4280 -1087.0000000000
4286 -1086.0000000000
4294 -1085.0000000000
4301 -1084.0000000000
4310 -1082.0000000000
4327 -1081.0000000000
4340 -1080.0000000000
4346 -1079.0000000000
4369 -1078.0000000000
4371 -1077.0000000000
4388 -1075.0000000000
4392 -1074.0000000000
4393 -1072.0000000000
4408 -1071.0000000000
4418 -1070.0000000000
4423 -1069.0000000000
4426 -1068.0000000000
4432 -1067.0000000000
4435 -1066.0000000000
4449 -1065.0000000000
4455 -1064.0000000000
4457 -1063.0000000000
4459 -1062.0000000000
4466 -1061.0000000000
4467 -1060.0000000000
4479 -1058.0000000000
4481 -1057.0000000000
4488 -1056.0000000000
4494 -1055.0000000000
4505 -1054.0000000000
4510 -1053.0000000000
4520 -1052.0000000000
4524 -1051.0000000000
4531 -1050.0000000000
4539 -1049.0000000000
4542 -1048.0000000000
4543 -1047.0000000000
4544 -1046.0000000000
4557 -1045.0000000000
4562 -1044.0000000000
4571 -1043.0000000000
4602 -1042.0000000000
4612 -1041.0000000000
4624 -1040.0000000000
4627 -1039.0000000000
4630 -1038.0000000000
4632 -1037.0000000000
4644 -1036.0000000000
4645 -1035.0000000000
4656 -1034.0000000000
4658 -1033.0000000000
4659 -1032.0000000000
4665 -1031.0000000000
4683 -1030.0000000000
4697 -1029.0000000000
4701 -1028.0000000000
4723 -1027.0000000000
4732 -1026.0000000000
4741 -1025.0000000000
4746 -1024.0000000000
4776 -1023.0000000000
4780 -1021.0000000000
4782 -1020.0000000000
4787 -1019.0000000000
4790 -1018.0000000000
4794 -1017.0000000000
4811 -1016.0000000000
4817 -1015.0000000000
4835 -1014.0000000000
4847 -1013.0000000000
4848 -1012.0000000000
4855 -1011.0000000000
4859 -1010.0000000000
4860 -1007.0000000000
4870 -1006.0000000000
4875 -1005.0000000000
4877 -1004.0000000000
4880 -1003.0000000000
4896 -1002.0000000000
4901 -1001.0000000000
4920 -1000.0000000000
4922 -998.0000000000
4931 -997.0000000000
4936 -996.0000000000
4952 -995.0000000000
4970 -994.0000000000
4980 -993.0000000000
4991 -992.0000000000
4993 -991.0000000000
4994 -989.0000000000
4995 -988.0000000000
5004 -987.0000000000
5009 -986.0000000000
5011 -985.0000000000
5021 -984.0000000000
5030 -983.0000000000
5032 -982.0000000000
5043 -981.0000000000
5066 -980.0000000000
5067 -979.0000000000
5069 -978.0000000000
5084 -977.0000000000
5089 -976.0000000000
5100 -975.0000000000
5104 -973.0000000000
5106 -972.0000000000
5116 -971.0000000000
5123 -970.0000000000
5138 -969.0000000000
5139 -968.0000000000
5153 -967.0000000000
5167 -965.0000000000
5170 -964.0000000000
5191 -963.0000000000
5195 -962.0000000000
5209 -961.0000000000
5212 -960.0000000000
5227 -959.0000000000
5234 -958.0000000000
5254 -955.0000000000
5268 -954.0000000000
5280 -953.0000000000
5282 -952.0000000000
5283 -951.0000000000
5285 -949.0000000000
5305 -948.0000000000
5319 -946.0000000000
5321 -945.0000000000
5343 -944.0000000000
5352 -943.0000000000
5366 -942.0000000000
5369 -941.0000000000
5383 -940.0000000000
5386 -939.0000000000
5398 -938.0000000000
5407 -937.0000000000
5425 -936.0000000000
5426 -935.0000000000
5428 -934.0000000000
5431 -932.0000000000
5438 -931.0000000000
5456 -930.0000000000
5459 -929.0000000000
5465 -928.0000000000
5482 -927.0000000000
5490 -926.0000000000
5497 -925.0000000000
5498 -924.0000000000
5518 -922.0000000000
5519 -921.0000000000
5565 -920.0000000000
5571 -919.0000000000
5609 -918.0000000000
5611 -917.0000000000
5613 -916.0000000000
5624 -915.0000000000
5648 -914.0000000000
5649 -913.0000000000
5661 -912.0000000000
5666 -911.0000000000
5672 -909.0000000000
5683 -908.0000000000
5686 -907.0000000000
5706 -906.0000000000
5727 -905.0000000000
5733 -904.0000000000
5750 -903.0000000000
5751 -902.0000000000
5764 -901.0000000000
5767 -900.0000000000
5794 -899.0000000000
5798 -898.0000000000
5811 -897.0000000000
5814 -896.0000000000
5821 -895.0000000000
5824 -893.0000000000
5846 -892.0000000000
5848 -891.0000000000
5849 -889.0000000000
5855 -888.0000000000
5861 -887.0000000000
5867 -886.0000000000
5875 -885.0000000000
5900 -884.0000000000
5905 -883.0000000000
5913 -882.0000000000
5915 -881.0000000000
5926 -880.0000000000
5940 -879.0000000000
5948 -878.0000000000
5953 -877.0000000000
5957 -876.0000000000
5975 -875.0000000000
5982 -874.0000000000
5991 -873.0000000000
5998 -872.0000000000
5999 -871.0000000000
6002 -870.0000000000
6008 -869.0000000000
6010 -868.0000000000
6017 -867.0000000000
6019 -866.0000000000
6045 -865.0000000000
6077 -864.0000000000
6085 -863.0000000000
6088 -862.0000000000
6091 -861.0000000000
6095 -860.0000000000
6097 -859.0000000000
6139 -858.0000000000
6140 -857.0000000000
6161 -856.0000000000
6208 -855.0000000000
6211 -854.0000000000
6218 -853.0000000000
6232 -851.0000000000
6243 -850.0000000000
6245 -849.0000000000
6265 -848.0000000000
6276 -847.0000000000
6282 -846.0000000000
6283 -845.0000000000
6284 -844.0000000000
6292 -843.0000000000
6306 -842.0000000000
6328 -841.0000000000
6334 -840.0000000000
6336 -839.0000000000
6349 -838.0000000000
6350 -836.0000000000
6352 -835.0000000000
6365 -834.0000000000
6374 -833.0000000000
6389 -832.0000000000
6400 -830.0000000000
6405 -829.0000000000
6425 -828.0000000000
6439 -827.0000000000
6442 -826.0000000000
6443 -825.0000000000
6451 -824.0000000000
6454 -823.0000000000
6458 -822.0000000000
6459 -821.0000000000
6462 -819.0000000000
6463 -818.0000000000
6467 -817.0000000000
6496 -816.0000000000
6505 -814.0000000000
6512 -813.0000000000
6521 -812.0000000000
6533 -811.0000000000
6536 -810.0000000000
6537 -809.0000000000
6538 -808.0000000000
6540 -807.0000000000
6559 -806.0000000000
6562 -805.0000000000
6594 -804.0000000000
6602 -803.0000000000
6611 -802.0000000000
6620 -801.0000000000
6625 -799.0000000000
6626 -798.0000000000
6628 -797.0000000000
6632 -795.0000000000
6638 -794.0000000000
6641 -793.0000000000
6658 -792.0000000000
6661 -791.0000000000
6665 -790.0000000000
6670 -789.0000000000
6673 -788.0000000000
6675 -787.0000000000
6676 -786.0000000000
6690 -785.0000000000
6706 -784.0000000000
6728 -783.0000000000
6734 -781.0000000000
6752 -780.0000000000
6761 -779.0000000000
6774 -778.0000000000
6808 -777.0000000000
6818 -775.0000000000
6819 -774.0000000000
6824 -773.0000000000
6842 -772.0000000000
6852 -771.0000000000
6854 -770.0000000000
6879 -769.0000000000
6886 -768.0000000000
6890 -767.0000000000
6897 -766.0000000000
6899 -765.0000000000
6901 -764.0000000000
6933 -763.0000000000
6970 -762.0000000000
6981 -761.0000000000
6983 -760.0000000000
6986 -759.0000000000
6997 -758.0000000000
7001 -757.0000000000
7019 -756.0000000000
7041 -755.0000000000
7062 -754.0000000000
7089 -753.0000000000
7094 -752.0000000000
7111 -751.0000000000
7123 -750.0000000000
7143 -749.0000000000
7190 -748.0000000000
7202 -747.0000000000
7205 -746.0000000000
7257 -744.0000000000
7278 -743.0000000000
7309 -742.0000000000
7332 -741.0000000000
7335 -740.0000000000
7341 -739.0000000000
7355 -738.0000000000
7369 -737.0000000000
7381 -736.0000000000
7388 -735.0000000000
7390 -734.0000000000
7401 -733.0000000000
7408 -732.0000000000
7414 -731.0000000000
7419 -730.0000000000
7425 -729.0000000000
7431 -728.0000000000
7440 -727.0000000000
7454 -726.0000000000
7478 -725.0000000000
7504 -724.0000000000
7521 -723.0000000000
7529 -722.0000000000
7567 -721.0000000000
7592 -720.0000000000
7607 -719.0000000000
7624 -718.0000000000
7630 -717.0000000000
7647 -716.0000000000
7656 -715.0000000000
7658 -714.0000000000
7660 -713.0000000000
7674 -712.0000000000
7680 -711.0000000000
7682 -710.0000000000
7693 -709.0000000000
7700 -708.0000000000
7747 -707.0000000000
7796 -706.0000000000
7801 -705.0000000000
7816 -704.0000000000
7836 -702.0000000000
7842 -701.0000000000
7860 -700.0000000000
7868 -699.0000000000
7873 -698.0000000000
7876 -697.0000000000
7892 -696.0000000000
7903 -695.0000000000
7904 -693.0000000000
7924 -692.0000000000
7925 -691.0000000000
7936 -690.0000000000
7942 -689.0000000000
7964 -688.0000000000
7967 -687.0000000000
7974 -686.0000000000
8002 -685.0000000000
8004 -684.0000000000
8005 -683.0000000000
8034 -682.0000000000
8036 -680.0000000000
8053 -679.0000000000
8062 -678.0000000000
8080 -677.0000000000
8090 -676.0000000000
8098 -675.0000000000
8101 -674.0000000000
8108 -673.0000000000
8111 -672.0000000000
8112 -671.0000000000
8117 -670.0000000000
8151 -669.0000000000
8153 -668.0000000000
8174 -667.0000000000
8191 -666.0000000000
8197 -665.0000000000
8213 -664.0000000000
8222 -663.0000000000
8239 -662.0000000000
8240 -661.0000000000
8249 -660.0000000000
8266 -659.0000000000
8281 -658.0000000000
8284 -657.0000000000
8289 -656.0000000000
8295 -655.0000000000
8310 -654.0000000000
8354 -653.0000000000
8366 -652.0000000000
8367 -651.0000000000
8377 -650.0000000000
8378 -649.0000000000
8393 -648.0000000000
8395 -647.0000000000
8401 -646.0000000000
8429 -645.0000000000
8489 -644.0000000000
8495 -643.0000000000
8519 -642.0000000000
8547 -641.0000000000
8554 -640.0000000000
8573 -639.0000000000
8584 -638.0000000000
8595 -637.0000000000
8608 -636.0000000000
8625 -635.0000000000
8628 -634.0000000000
8634 -633.0000000000
8676 -632.0000000000
8680 -631.0000000000
8684 -630.0000000000
8696 -629.0000000000
8698 -628.0000000000
8740 -627.0000000000
8745 -626.0000000000
8754 -624.0000000000
8767 -622.0000000000
8786 -621.0000000000
8791 -620.0000000000
8809 -619.0000000000
8815 -618.0000000000
8846 -617.0000000000
8874 -615.0000000000
8900 -614.0000000000
8905 -613.0000000000
8920 -612.0000000000
8931 -611.0000000000
8954 -610.0000000000
8977 -609.0000000000
9024 -608.0000000000
9031 -607.0000000000
9034 -606.0000000000
9073 -605.0000000000
9086 -604.0000000000
9127 -603.0000000000
9152 -602.0000000000
9162 -601.0000000000
9211 -600.0000000000
9214 -599.0000000000
9218 -597.0000000000
9230 -596.0000000000
9232 -595.0000000000
9233 -594.0000000000
9258 -593.0000000000
9272 -592.0000000000
9277 -591.0000000000
9280 -590.0000000000
9289 -589.0000000000
9293 -588.0000000000
9309 -587.0000000000
9312 -586.0000000000
9331 -585.0000000000
9332 -584.0000000000
9353 -583.0000000000
9359 -582.0000000000
9382 -581.0000000000
9383 -580.0000000000
9386 -579.0000000000
9393 -578.0000000000
9412 -577.0000000000
9415 -576.0000000000
9456 -575.0000000000
9467 -573.0000000000
9494 -572.0000000000
9502 -571.0000000000
9512 -570.0000000000
9515 -569.0000000000
9541 -568.0000000000
9617 -567.0000000000
9702 -566.0000000000
9724 -565.0000000000
9728 -564.0000000000
9754 -563.0000000000
9761 -562.0000000000
9765 -561.0000000000
9789 -560.0000000000
9795 -559.0000000000
9804 -558.0000000000
9816 -557.0000000000
9849 -556.0000000000
9858 -555.0000000000
9945 -554.0000000000
9960 -553.0000000000
10000 -555.0000000000
