evaluations raw_y
1 707002.0189960828
10 708841.2850532064
18 711066.0563119759
22 723699.9618571454
58 728500.6258539519
83 730218.5842440188
88 740078.2906491669
117 741811.8721241215
127 752563.7673363299
153 752761.8631309879
161 753845.8988149224
171 758877.4734581748
184 760195.8018354030
187 763658.8856714133
194 764011.4478668656
209 767647.2702955379
213 770140.0579162528
220 771808.7388256736
227 778319.0257302814
271 785022.4007539384
281 786747.4589500334
310 788766.1330795292
312 789110.8930348683
333 789732.1049100888
338 790879.6160589872
346 792415.2502567190
347 794777.9361957884
371 794815.2071014718
381 796231.3057705819
401 796713.6110510546
413 799178.1801412433
418 800354.3299541943
439 803105.3828663717
460 803183.4858600908
461 803566.6845160486
462 803760.2614342279
465 803966.2459178831
472 803985.4239959912
482 805382.0488732147
496 805662.0039831040
516 806279.6791358537
526 806474.7705695635
538 809469.3349389416
567 810370.7105435164
589 810490.7021135264
590 810903.6194635485
604 810988.5019809302
609 811247.7826563139
612 811649.6332354380
623 812263.7713845675
630 812544.8322259033
641 812846.5185686594
644 814402.1214377614
686 815815.3258465121
697 815900.1041964187
703 816149.9221943957
705 816739.6225677407
724 817764.5854450191
741 819523.8064832859
768 820562.1558245789
786 822125.6002864660
787 822319.4821759344
795 822466.9104225128
802 823832.3115661443
803 824380.1239530274
818 824754.6221020070
833 825948.1203356984
860 826876.0389944833
871 827740.9606511570
896 830033.4616829187
916 830177.0102997068
921 830259.3225202414
928 830822.6117212318
941 832576.6204905794
965 832879.8313297223
972 833351.0710609754
992 833636.4980159997
996 833821.0288148356
1003 834257.5832877693
1009 834804.3186999375
1012 834979.1667490425
1025 835291.3656349633
1042 836400.1958972469
1062 837714.9354877875
1074 839029.8913703972
1093 839982.6662122329
1116 842266.9193596091
1147 842332.9264942795
1151 842758.3040978744
1159 843218.8144726057
1162 843472.5149926571
1182 844220.2960808212
1227 844606.1376463044
1229 844937.4455229515
1237 845110.2172727231
1239 846843.9202752926
1245 846991.4283074129
1262 847302.1402438355
1264 847534.3550930403
1284 847672.0510976114
1288 848072.8890137812
1307 848303.7924572845
1310 849172.5494448361
1321 849637.1692627552
1324 850341.5543966028
1331 850742.2679268408
1354 851152.6088979981
1357 852233.0722118648
1378 853477.8671990966
1389 853902.9138306248
1397 853991.6713268314
1407 854006.9718016163
1412 856136.8179231310
1444 856752.8070664095
1462 856883.6468628674
1473 856928.1608709501
1482 856968.8100497198
1484 857812.2857614417
1493 858410.7079686654
1502 858653.7909127993
1513 859174.1086392405
1519 860856.8995604906
1538 861414.7794394961
1553 862350.5260542926
1571 862474.2162163688
1572 862651.0343486073
1582 863060.6098460916
1588 863163.4257971515
1601 864266.5613381370
1615 864339.2364979194
1622 865993.1407347552
1653 866100.5123057212
1662 867092.7254890103
1675 867693.0943687001
1681 868356.0699942976
1711 868977.0587317487
1719 869051.5997619766
1721 869108.6277902576
1723 871330.5253149781
1745 871809.5095839528
1771 872170.8445755201
1790 872934.4288653067
1798 873654.1336210493
1799 874159.4557592623
1808 874801.5624855290
1822 876190.3398558438
1834 876200.9950427433
1854 877100.8553711643
1856 877145.9564805408
1861 877250.2478435660
1865 877911.2821299378
1886 879327.0650499840
1901 879486.7250019227
1904 879621.5644511188
1917 879960.8713345763
1921 881155.3577042891
1942 881457.0792285436
1950 881513.3823698045
1958 881821.1830866442
1967 883312.8330324063
1988 883332.2128465031
2004 883560.7245761412
2007 884635.7228702516
2031 884856.2105010648
2038 884950.7395151901
2041 886351.2772773561
2051 887171.3865211911
2069 888226.8654363715
2120 888776.3228155354
2127 889075.0442559178
2139 889851.5550519230
2169 890696.8635831610
2190 891219.7758239377
2203 891556.1343241783
2222 891813.0302514163
2244 892033.2061363133
2245 892068.5005350200
2246 892281.2601881535
2247 892342.2816391145
2269 892998.3414205005
2285 893119.8844433422
2294 893361.4300038570
2306 893402.3114452210
2308 893667.4072622036
2309 894118.1854422858
2330 895434.8433598403
2348 895716.7747742255
2350 895836.9666626165
2360 896613.5049300300
2368 896899.4880164603
2383 897821.4894355159
2405 897980.1594280006
2411 898704.7732259195
2442 899322.6530732729
2447 899906.2155286545
2449 900434.7723775334
2468 900778.7979384121
2470 900881.6087209274
2479 901703.6365784844
2487 901870.2740749435
2503 903050.9171236877
2510 905163.3075119432
2538 905785.7388296966
2550 906248.0187775405
2568 906330.8109438133
2569 906344.5927948288
2575 907130.9499394376
2587 907270.7799538312
2589 907465.6887945639
2605 908219.0348556096
2625 908589.2443673608
2634 908901.5872853663
2644 909198.3235657326
2667 909606.1550006906
2669 910061.9177250725
2673 910524.1027604262
2681 910917.4742354157
2689 911555.3488820480
2710 911744.8096198596
2715 912986.0005739881
2723 913443.2707795239
2743 914088.6089047578
2775 914291.0616744363
2781 914427.3424377278
2783 915140.2484025577
2795 915409.4833287187
2800 915723.5748448948
2811 916497.0325465205
2828 917050.9819806865
2833 917399.5092267209
2846 918792.9536642105
2861 918832.8041562209
2870 918914.9563675595
2888 918983.4726024413
2893 919883.6763907383
2913 920054.0845889568
2923 920189.5605741005
2934 920506.9143596921
2943 920564.0929423181
2949 920593.7050896372
2950 921027.9138996708
2951 921808.6271479209
2966 922176.2043364036
2984 922618.4348787562
2992 922892.7033515702
3004 923535.7879297744
3009 923610.9812470009
3016 923774.4929560336
3018 923802.1341025464
3022 923868.2554880623
3027 924328.0729559469
3033 924654.0288897183
3042 925357.1727262099
3061 926792.6989141180
3091 927364.7224764111
3096 927591.5304791961
3111 927672.5245072580
3114 928448.6306063217
3125 929609.0376137418
3142 929811.0594161276
3161 931015.7550390961
3182 931518.8762198174
3188 931848.0227301036
3203 932849.5064916315
3223 933020.6681335195
3224 933161.7553986582
3243 933281.9521253710
3247 933595.0097989088
3250 934638.9088238961
3270 934820.9515066140
3277 936187.9893483147
3287 936882.3651825133
3294 936998.2566068841
3311 937126.5349326588
3314 938176.0437196965
3328 938769.9457908997
3346 939649.4812380479
3371 939769.5215888788
3384 940272.7642545037
3385 940341.5856453673
3400 940689.6500009762
3403 941032.7769089539
3412 941395.4930325645
3424 942960.7546600987
3467 943129.0581095964
3476 943778.4007327090
3483 944289.7501420127
3493 944336.4847194171
3496 944803.8588265674
3508 945173.0429691239
3512 945209.2030406423
3513 945363.4109279426
3521 946163.9360091413
3529 946445.5445585999
3537 948165.3221147181
3570 948184.4397189663
3577 948228.9355286442
3582 948718.1557407150
3590 948868.9133596040
3591 949130.3322537895
3601 950015.2564447831
3631 950043.9860794765
3635 950728.7781886769
3638 951110.9533787218
3663 951210.4891719216
3670 951349.8472098332
3678 951714.4701304480
3683 952136.8220098843
3704 952521.8969440728
3724 953091.3167313479
3730 953449.1030553174
3739 953614.6153052198
3748 953673.7057134858
3749 954102.2849919325
3767 956228.2447264695
3805 956763.9446654504
3819 956805.4437706521
3826 957133.7463206578
3830 957144.1847834378
3836 957570.0387720723
3838 958350.4314014893
3843 958750.4768037552
3848 958963.8386990718
3863 958999.1341234134
3874 959563.1994592934
3893 959804.3268451680
3902 960411.8862854998
3904 960715.7342680241
3921 961058.8070578296
3922 961329.2104681687
3941 962820.3822330746
3951 963322.2983099623
3981 964568.7876302981
3996 964889.3383154783
4005 965896.2874435122
4013 966874.1435583312
4049 968458.8656706362
4061 970148.5661225861
4094 970806.8866478155
4123 971415.2357131480
4125 971418.0826206033
4127 971605.6393317999
4147 971607.4044205995
4149 972260.6740490714
4164 972295.1081161057
4176 972408.8385615315
4181 972980.1208663286
4185 973075.2064698252
4206 973394.1896240567
4209 973710.4231570427
4211 973800.5670038851
4234 973858.1208943257
4242 974391.0241905039
4243 974488.2379110818
4259 975022.2784312507
4265 975054.3430545187
4272 975119.0441686317
4273 975262.2815142636
4283 975854.3899457358
4287 976348.6625284596
4301 977200.0702430357
4307 977419.4616442531
4341 978077.3038547478
4352 979291.0390796246
4357 980017.6439603749
4368 980161.1462876777
4376 980750.2351086745
4390 981405.2341112960
4402 983154.3969471311
4447 984073.3116177415
4461 984508.2776850718
4464 984885.8273055420
4468 985289.0476916798
4482 985756.6268520758
4508 986406.5927026997
4523 986633.0482768007
4532 986723.2675660985
4542 986801.8885637057
4543 987103.2884776101
4547 987754.5061652930
4565 988247.0318688054
4592 988432.7198561836
4596 989520.5001497417
4637 989614.9350582327
4639 989832.6560984263
4643 990385.0611981623
4665 990757.6611304521
4683 991936.5700709218
4706 992740.8993881192
4725 992970.1403356942
4745 993336.1586053179
4765 993508.9120044727
4769 993774.4686340825
4776 994498.7609003661
4781 994835.2344303693
4814 995209.7409509034
4822 995279.4651880093
4824 995372.1152984061
4827 997069.4062183459
4852 997236.3536288808
4862 997276.1419653198
4865 997580.6064410646
4871 997639.7886048215
4876 997773.1589736767
4880 997906.8431460089
4884 999277.4281846363
4887 999819.5333467857
4903 1000468.7984160451
4908 1001211.2235523431
4928 1001365.4836122226
4940 1002055.2281175978
4943 1002727.0606426763
4961 1003152.3607519349
4965 1003496.5634854157
4977 1003597.3934750988
4987 1004009.6698150584
5014 1004271.4646407464
5021 1004527.7394870907
5044 1005333.3070051915
5067 1005546.2896283648
5091 1005754.0579804229
5092 1006425.6423392644
5106 1007960.7673326391
5135 1008214.1924897243
5160 1008516.2237899147
5167 1008977.7182502114
5196 1009347.4618771618
5203 1009976.4638614128
5212 1010147.8073983649
5221 1011963.7134205035
5266 1012434.3449601915
5276 1012719.9615298155
5278 1013301.3755290590
5298 1013870.0133648121
5301 1014707.4772650251
5316 1014738.5848241467
5318 1015104.0575530055
5340 1015184.1303589678
5341 1015248.8871066867
5345 1015494.5923897176
5348 1015763.4070356577
5351 1016456.2125985527
5364 1016809.3253700852
5393 1017243.3213697232
5406 1017342.0196790086
5411 1018627.1782142412
5421 1018975.9648748676
5436 1019130.8948035552
5447 1019160.9396232526
5450 1019235.3443871966
5453 1019900.7935334914
5461 1020268.3356265620
5463 1021244.8096829635
5505 1021931.9176187905
5516 1022046.7423009945
5531 1022210.9032373397
5543 1022467.1117473091
5560 1023005.9916034815
5568 1023300.0704166085
5572 1024287.8770224785
5602 1024610.8901858074
5610 1025630.0410749225
5626 1026365.8826772905
5662 1027037.2771299841
5683 1027195.9527775411
5684 1027270.5539833687
5701 1027596.9375610707
5728 1027808.6107055446
5731 1028449.4969827001
5738 1029385.4497595791
5742 1029677.0466065917
5760 1029763.6797400665
5763 1030028.6332446280
5773 1030334.4066488228
5778 1030560.8994403281
5780 1030871.1656803514
5787 1031314.9085329924
5793 1032975.2681104819
5806 1033574.9280769668
5821 1034191.1802084638
5832 1034381.0480437954
5877 1034539.8542841258
5879 1036123.4497601489
5889 1036320.4462119369
5904 1036566.5359459915
5912 1036756.5084403061
5921 1036960.6672400380
5922 1037838.6258745125
5926 1038249.2511709969
5942 1038266.8846448306
5964 1038529.2740755375
5967 1039095.2629823212
5985 1039862.1045914682
6002 1040852.7858003548
6029 1041813.9204572509
6041 1042599.1542871675
6059 1042748.9046712159
6067 1044007.4307703819
6100 1045604.3456297267
6124 1045982.8230676308
6150 1046235.3898395277
6176 1046382.2336806002
6181 1046532.8970196949
6189 1046942.9480466613
6203 1048016.3674970497
6227 1048088.4331931551
6244 1048663.8622162384
6246 1049033.5997768717
6247 1049366.8083956789
6265 1049417.7707879597
6289 1049946.6770202890
6290 1050327.2017519334
6304 1052000.2766139507
6327 1052030.5926617219
6329 1052572.9667608000
6331 1053128.8169770089
6344 1053199.7866479065
6352 1053693.3474193593
6365 1055167.1712224127
6381 1055542.0084441372
6400 1055981.4774493524
6404 1056972.8167264322
6446 1058051.0609489679
6486 1058337.7743011185
6504 1058695.6792623270
6518 1059364.8758767138
6560 1059814.1178462787
6571 1059848.8809665774
6583 1060089.7435378402
6586 1060312.0615277668
6595 1060789.0805516813
6613 1061164.3082397247
6636 1061435.6577709110
6643 1061953.8712745225
6666 1062916.9067686112
6683 1063130.7747429244
6684 1063311.6720400266
6714 1063676.4471489973
6716 1064045.2500239876
6726 1064056.5631430130
6727 1064138.0372683615
6736 1064355.5767540317
6749 1064405.2246738896
6757 1064690.9323580295
6764 1064736.0309944891
6765 1064917.2040116817
6768 1066303.4607179188
6801 1067068.4056052116
6822 1067076.8100989247
6825 1067558.9487902627
6828 1067701.5198064777
6843 1068088.0052386313
6845 1068412.4913627626
6863 1068426.2305606138
6864 1069050.5493043971
6868 1069182.9282057683
6885 1070846.3923605874
6906 1071486.2579671065
6930 1071501.9070899819
6942 1071914.8031799479
6948 1071962.1757038303
6963 1073066.9507410598
6981 1073125.1842295602
6991 1073477.9332703976
7010 1073749.2498238711
7022 1074572.1027371848
7045 1074716.5831251941
7048 1074879.2832147183
7051 1075201.3510661866
7066 1076034.5397650814
7105 1076588.0491504350
7129 1076654.9661150230
7147 1076720.5820679315
7153 1076998.2693285535
7162 1077688.4347052518
7177 1078735.2508126867
7222 1078847.7596291860
7225 1079079.6606132216
7231 1079701.1611512743
7249 1080499.8703996860
7261 1080730.0610651339
7284 1081354.1144047228
7286 1081753.5665951993
7307 1081772.6639362245
7312 1081773.2579372483
7321 1082390.1926669804
7327 1082434.9017148435
7342 1082869.8640674446
7350 1083195.4534630412
7366 1083217.8027291917
7368 1084050.5189425324
7378 1084148.3685850243
7382 1084266.0542572874
7395 1084660.9930664911
7412 1086185.9337041054
7424 1086837.0951276901
7445 1088008.4147767625
7481 1088473.3194739483
7498 1088473.8808483379
7501 1088614.6687357235
7507 1088698.5225903995
7508 1089272.3593511079
7530 1089806.5179288716
7546 1090165.5183573323
7556 1090232.3014973446
7558 1091096.3832146849
7564 1094956.6032715344
7631 1095003.3854539935
7637 1095878.4000696423
7660 1096056.7444267566
7666 1096137.2156622401
7686 1096816.1891724605
7691 1097269.9399665059
7696 1098075.9807257010
7718 1098168.9108518152
7726 1099372.8624604726
7746 1099445.8816320654
7756 1099595.3980472288
7762 1100672.1173448891
7804 1100676.9019858830
7809 1101016.9254837972
7828 1101409.1599139755
7831 1101623.9636355492
7847 1102317.4782028166
7849 1102805.7813138172
7867 1103043.8576554130
7885 1103217.2837885329
7890 1103227.2924479309
7904 1103644.0161580048
7907 1104036.5340894994
7923 1104230.6920645172
7928 1104358.0281269040
7936 1104817.0808207968
7944 1105355.1492584250
7947 1105390.9915013942
7973 1107520.3080506448
8002 1107884.6553207980
8015 1108059.9814933867
8026 1108178.8068643126
8029 1108294.5077545776
8046 1109707.4407934812
8078 1110524.9887041515
8079 1110845.3644195928
8102 1111533.0283542422
8122 1111677.9142360222
8141 1112599.3372868532
8161 1113014.8555857192
8177 1113114.6846522805
8181 1113549.1223256120
8202 1114560.6362512072
8223 1114654.3352852755
8247 1115404.7407911269
8257 1115653.7792086513
8262 1115819.8681764714
8286 1115821.6034198436
8291 1116272.4906266232
8299 1116548.1393796850
8307 1116963.2578776998
8339 1116991.3962531460
8341 1117134.8096344550
8349 1117322.9022937419
8373 1117406.3522498170
8376 1118330.1417638005
8383 1118660.3534257475
8403 1118763.3491465959
8421 1120088.4097537438
8465 1120556.9529156548
8482 1120689.6073439887
8485 1121151.9046989758
8517 1121254.1073485878
8522 1121735.3821817243
8527 1121742.8843518214
8528 1121760.5957701183
8531 1121999.7306916225
8550 1122652.0310882742
8568 1122754.2575576007
8578 1122759.7453240303
8583 1123326.4202190354
8590 1123415.6177718239
8594 1123633.2782397165
8600 1124251.4585576064
8614 1124510.1411056346
8624 1124765.0842769670
8629 1124998.5418664727
8646 1125581.5755889213
8662 1126408.3106740401
8673 1126640.0048285949
8681 1127638.7294945393
8721 1127937.5901104708
8737 1128355.5392932296
8741 1128502.9059815030
8753 1128720.7944240412
8768 1128983.8543440965
8773 1129011.2757482347
8787 1129039.6920386192
8790 1129273.3779513927
8799 1129557.8215969251
8824 1129616.8086138547
8831 1130220.9620396048
8839 1130519.8323945242
8841 1131373.9213180020
8864 1131593.3463338076
8881 1131597.3699431680
8885 1131714.3480924403
8890 1132842.6018220030
8911 1133437.8743419331
8932 1133724.1189298506
8956 1134007.5992341009
8959 1134845.1691274515
8966 1135092.4205649926
8973 1135449.6111075568
8990 1135657.0283596381
9001 1135863.8280870786
9017 1135871.2703043472
9021 1136927.9657261532
9044 1136984.7590724691
9045 1137891.9044049813
9081 1138019.9184753306
9082 1138518.6289394530
9105 1138767.1735828819
9132 1139448.7317212620
9143 1139564.0834833982
9157 1139860.0612037482
9178 1140813.9014876063
9183 1141249.3621576228
9207 1141306.4636045778
9221 1141700.4315229096
9233 1142888.1241501153
9251 1142898.4388805546
9263 1143870.1197569908
9288 1144326.7415192728
9324 1144351.8549869764
9326 1144602.9528447308
9341 1144901.0559856207
9344 1145271.6040278000
9367 1145652.8431045092
9384 1146014.9852772325
9407 1147366.3423887235
9416 1147640.9260217631
9425 1147686.9625503200
9445 1147763.0551614289
9459 1147828.5630202440
9461 1148349.9244243794
9476 1148618.0637142863
9481 1148636.1944308032
9496 1148746.2948980178
9507 1148880.2062480678
9528 1149040.5532782117
9529 1149301.9200098193
9561 1149368.7816408270
9565 1149478.6401511724
9568 1150307.9761661387
9583 1150317.2786345340
9616 1151046.9354383058
9640 1151547.7594520699
9656 1151898.9492650735
9660 1152214.4686845681
9662 1152817.3824464185
9689 1152824.8959998779
9706 1153074.3778469425
9722 1153270.9609890971
9741 1153755.0771249421
9771 1153865.6760152711
9776 1154767.9874237943
9793 1154771.6455448540
9833 1155010.5656230564
9848 1155516.7818007709
9874 1155756.1307783378
9890 1156075.1652930244
9899 1156195.5506806381
9901 1156553.9773096326
9910 1156616.5173585424
9914 1156821.2787759092
9945 1156902.3850221888
9954 1156947.9692608353
9970 1157152.9909530743
9973 1157657.5426160146
9974 1157672.3170552214
9984 1157856.2172537236
9985 1157862.4829359881
10010 1158069.0518263967
10025 1158660.2740366105
10072 1158700.6144351200
10075 1158787.6598888992
10094 1158839.8127724763
10102 1159415.7117303303
10112 1159763.5987414271
10149 1160120.5852546652
10152 1160390.7001271402
10155 1160856.2385586326
10167 1161098.6657734020
10177 1161133.5093198924
10182 1162150.2993619887
10232 1162397.3689495402
10248 1162685.0148877946
10253 1163148.4859067309
10265 1163993.1390221305
10291 1164377.9811508132
10300 1164501.2516648502
10302 1165243.3828066227
10314 1165725.8651818326
10366 1166104.9301142080
10376 1166266.7934848622
10379 1166492.6730519326
10381 1166875.5422318897
10406 1167201.5436047697
10408 1167971.1954099771
10425 1168003.2027130839
10434 1168210.9714683050
10443 1168907.5021850779
10470 1168984.0117257687
10482 1169062.2349174523
10506 1169607.0496908624
10517 1169782.7170013436
10527 1170049.4585148550
10542 1170959.4208013823
10583 1171466.6473577190
10602 1172649.2873161505
10627 1172661.1563601166
10634 1172918.6049932183
10659 1173052.4035808302
10671 1173864.1146251338
10693 1174466.5827677194
10714 1175367.7294554205
10763 1175713.3947687361
10783 1176167.5779827747
10805 1176190.9325112153
10814 1176308.2461552147
10818 1176384.2724410337
10833 1176523.4952646892
10845 1176968.2359406990
10858 1177732.6160747726
10898 1177772.3730783549
10902 1177860.1876057961
10908 1177907.6257938794
10918 1177984.6393811989
10922 1178389.7125032677
10944 1178452.8901745037
10949 1178561.1824005905
10969 1178973.6271923834
10971 1179379.1012634609
11008 1179447.1132262237
11009 1180181.0588111917
11033 1180895.1929475821
11051 1181009.9902666181
11061 1181640.2082197065
11087 1181791.1563505135
11096 1182139.1035569771
11102 1182612.5762989596
11111 1182828.6144720730
11114 1183502.9282221473
11136 1183639.5732290233
11147 1183848.9217306364
11164 1184242.8409041353
11203 1184804.1808161358
11223 1185223.9408201426
11236 1185536.2180899782
11265 1185868.6558612483
11275 1186038.8545017936
11283 1186097.9757510505
11309 1186109.2580028384
11317 1186855.4997652741
11324 1187071.8265300975
11340 1187551.9737506369
11362 1187777.3383405374
11381 1188868.6635446611
11415 1189369.3970261517
11422 1190179.2184933983
11441 1190806.3602277443
11469 1191272.0971739159
11513 1191874.4046375107
11547 1192072.2700408145
11554 1192333.4116765375
11562 1192449.1986382126
11564 1192799.3809770467
11602 1193012.1115989627
11615 1193738.6605908342
11649 1193800.7495989385
11660 1193937.0104526435
11670 1194564.3669351072
11684 1194805.6275584912
11708 1194839.4306763452
11710 1194855.0382782295
11714 1194927.1214529679
11736 1195312.6508603275
11756 1195828.7404396217
11776 1196079.0772694785
11779 1196171.0586079119
11804 1196954.7670086261
11833 1197431.7316435040
11851 1197796.6030137609
11878 1198193.5184680184
11893 1199030.5492174476
11902 1199933.5758780064
11927 1200369.3968659996
11952 1200748.6735563639
11983 1200892.5333715482
12000 1200910.1550365223
12004 1200924.1324843462
12012 1201197.1339529215
12013 1201468.1173472565
12024 1202136.6612055148
12060 1202866.1433160196
12069 1203351.1835606045
12103 1203628.3991688448
12106 1203793.0870148712
12115 1203855.9469229595
12123 1204489.2770043320
12126 1204527.2453134344
12155 1204669.6157276784
12168 1204865.2192152075
12194 1205110.7378843171
12201 1206045.2263341309
12225 1206416.2529435970
12233 1206575.8929460726
12257 1206712.0823942260
12267 1206927.3685375480
12271 1207083.9949055286
12280 1207100.4026827174
12290 1207362.5105255074
12299 1207721.1497943606
12304 1207926.7237899147
12335 1208210.6104447681
12342 1208254.1827530381
12346 1208267.1485106056
12347 1208782.8862206631
12348 1209680.3565489452
12398 1210659.2733643975
12402 1211125.4719056997
12448 1212227.4010016606
12465 1212268.4305528821
12492 1212928.2741887288
12512 1213193.3878331038
12529 1213482.5924864318
12538 1213662.8017637483
12561 1213873.6938312175
12579 1214828.2628833428
12588 1216036.3139505025
12646 1216190.7038706867
12664 1216864.7725910565
12712 1217173.1712168262
12731 1217683.1017074967
12748 1218266.1154403798
12796 1218356.5008776973
12802 1218684.9239319360
12814 1218958.1195637956
12818 1219107.0692853476
12827 1219379.1882233720
12835 1219428.1033934967
12848 1219781.8423010025
12869 1219947.6420978210
12882 1220037.6554411014
12887 1220161.9148427707
12906 1220276.7499803505
12907 1220660.3445014439
12927 1220702.0081099463
12929 1220853.2408656934
12958 1221213.2568867707
12960 1221221.8298361474
12966 1221702.7588672724
12978 1221803.0626214598
12987 1221978.4666203733
13002 1222025.6255955105
13013 1222430.9605430239
13019 1222993.3786180867
13030 1223089.6863823249
13058 1223709.8677587165
13100 1224009.3806265939
13105 1224487.3234831290
13118 1224602.9287846945
13135 1224689.1337448694
13142 1225031.8269796763
13152 1225167.2394324429
13160 1226140.1261798758
13255 1226143.6246011110
13264 1226822.7460785173
13314 1226826.2603258728
13345 1227015.2204843732
13352 1227020.7572529516
13382 1227124.3543929185
13385 1227772.1782133237
13410 1227775.6980166379
13423 1227875.1897735877
13444 1228500.5520137460
13463 1228507.0303037658
13467 1228780.6423474220
13481 1229012.6015200382
13483 1229204.1941422808
13503 1229254.7474985828
13504 1229552.1448999867
13526 1230887.3728584382
13546 1230961.3396445462
13583 1230963.7568773590
13586 1231284.4812937495
13596 1231510.8488392613
13632 1231758.8505509980
13641 1231837.1794200556
13671 1231922.8373864840
13679 1232163.0659111179
13702 1232718.4345829301
13704 1232824.9936325049
13743 1232850.5939406755
13749 1232909.6300107199
13750 1233605.4238203054
13764 1234137.8698427333
13768 1234359.9396420873
13801 1235333.9555630500
13827 1235343.2174222844
13830 1235521.4399230231
13841 1236207.3621883797
13860 1236309.3808451651
13875 1236943.4671855534
13896 1237165.1503612709
13921 1238367.3252514144
13942 1238420.5865155915
13968 1238437.8631450862
13986 1238686.5023245923
14000 1239135.9212335327
14003 1239136.6752221035
14028 1239323.1115017498
14051 1240735.8877223083
14070 1241617.2794333715
14087 1241792.8210606857
14108 1241991.2614590523
14122 1242030.2325613892
14143 1242201.6495431641
14148 1242611.2999428443
14153 1242889.5644718003
14187 1242949.5809118475
14192 1243082.2859602969
14205 1243146.8308867866
14215 1243260.3045529488
14235 1243309.8311999161
14241 1243330.9783257758
14252 1243422.9460906836
14258 1243494.7153990725
14264 1243684.6355956246
14281 1244662.4462600378
14302 1245301.1694218295
14327 1245623.0992802195
14363 1246066.9308400559
14383 1246155.0644036899
14398 1246388.8552444442
14418 1246586.0475048937
14444 1246956.6616009711
14471 1247143.0549939969
14472 1247359.8499966317
14490 1247439.0946318456
14493 1247745.9045242330
14507 1248105.3008686907
14508 1248529.3337044867
14553 1248846.7321231831
14573 1249216.1393511354
14586 1249530.8784515983
14593 1249601.4301136478
14621 1250026.6936105175
14718 1250105.7547003496
14724 1250188.1220959346
14726 1250273.6831966981
14741 1250324.8490805251
14744 1250568.8542075672
14752 1250580.9128517238
14769 1250785.6391265534
14772 1250797.7014883417
14800 1251260.7911305956
14804 1251395.5018740208
14838 1251761.1216258998
14844 1251984.8683137528
14891 1252670.2376639284
14934 1252867.7610348912
14990 1252869.5918027128
15007 1252955.6974451798
15035 1253258.7260301292
15065 1253423.5292217694
15066 1253786.0442119513
15083 1253821.8409176341
15087 1254093.8699768684
15105 1254348.2287082144
15147 1255251.8559020068
15185 1255712.4452740271
15209 1255750.8161876535
15213 1256734.6540791036
15240 1257006.6601936659
15244 1257008.6130366982
15265 1257172.5103500606
15285 1257372.9171490907
15301 1257385.8988609051
15303 1257546.9607886628
15316 1257552.9281825698
15321 1257726.9692108955
15364 1257929.8429723410
15376 1258021.1252651927
15382 1258287.9980235142
15457 1258756.1406517921
15483 1259068.8695065575
15493 1259099.5035994260
15500 1259195.1994376476
15502 1259239.2633500712
15520 1259573.6319543025
15533 1259838.0289256647
15571 1260501.5190751844
15582 1260523.5498471288
15591 1260602.4816621609
15602 1260948.9424364078
15624 1261043.8607260771
15625 1261072.8516422282
15626 1261136.0917287925
15650 1261592.3014093516
15662 1261758.6437301773
15668 1261788.4688176536
15691 1262101.7511012296
15702 1262235.6833144091
15704 1262485.4508838071
15706 1262638.2852772297
15736 1262790.1319050828
15747 1262901.6819112883
15760 1263189.5995337563
15762 1263279.7962203140
15791 1263499.1166684746
15793 1263706.7821644526
15805 1263910.1702607488
15823 1264006.2966981169
15848 1264222.3329043626
15855 1264634.7102271838
15870 1264673.9148308062
15891 1265044.4776189688
15941 1265348.7137366610
15985 1265588.7114017741
16002 1265807.5653133069
16027 1265891.8873084714
16030 1265901.7030969432
16035 1265907.7212192449
16042 1266584.5454945124
16045 1266708.1676371577
16065 1266721.2854723025
16070 1266824.1280134507
16102 1266896.9757504833
16108 1266918.5502739712
16115 1267140.9405236635
16123 1267235.3614186607
16171 1268225.4248557300
16182 1268746.4114185628
16212 1269559.8994006899
16231 1270151.7489421673
16289 1270255.8670811488
16305 1270336.9345836518
16324 1270832.6769292795
16381 1270933.8604444431
16451 1271361.1611834448
16492 1271596.7886741369
16504 1271655.9367792867
16507 1272214.9628818997
16524 1272316.0165701217
16528 1272737.5282991971
16557 1273053.3964244099
16563 1273216.0177514066
16572 1273796.3537716744
16628 1273900.9311207780
16630 1274296.8781498079
16647 1274404.9734716744
16653 1274667.8931155046
16672 1274910.4881339716
16683 1275049.9893640815
16708 1275536.5481227629
16716 1275582.4232468973
16756 1275918.1215726694
16760 1276303.8166709519
16773 1277010.6197654656
16790 1277409.0320082428
16809 1277486.9972449264
16814 1277632.7351079611
16835 1278160.2936030601
16846 1278409.4260131111
16884 1278439.0533515641
16932 1278774.9458815944
16946 1279272.7374364233
16998 1279346.9783918131
17007 1279400.1023247868
17017 1279744.9024233604
17025 1280110.4066612769
17051 1280511.7956534452
17069 1281286.2455028098
17129 1281315.2491479262
17130 1281490.7369438421
17157 1281804.9368299856
17161 1282379.3169751384
17192 1282732.2811459957
17205 1283082.5918889036
17248 1283680.2450089382
17283 1284359.3494609569
17322 1284581.4680837551
17326 1284859.8324391900
17330 1284881.9073850100
17374 1284931.0054054877
17403 1285160.2692204060
17418 1285267.3577844503
17433 1285287.5733933912
17437 1285636.7755847615
17452 1286197.4366724761
17529 1286560.3689680081
17541 1286629.3351027227
17597 1286732.1888814203
17608 1286889.5911054909
17611 1287028.3883286128
17621 1287169.3456822631
17637 1287492.3477612638
17670 1287957.2318667120
17740 1288124.1963674480
17759 1288235.4095341442
17763 1288364.4112307990
17766 1288920.8482766405
17790 1289087.8096994585
17812 1289661.8748087855
17821 1289664.2078629178
17829 1289751.3844323459
17840 1289790.9544582905
17848 1289956.8461640375
17949 1290094.2802300616
17975 1290301.5535684791
17977 1290315.7665687548
17993 1290672.7123914303
18020 1290680.6970741630
18043 1290696.7738397904
18045 1290819.8889264544
18046 1290827.0919509660
18048 1291128.7810834749
18060 1291213.3232381979
18061 1291259.0611326180
18062 1291398.2575710269
18097 1291417.5372586648
18103 1291627.8849663022
18114 1291930.6333132365
18147 1292185.9174504864
18149 1292186.5705990521
18170 1292358.4653705761
18181 1292749.6506737077
18208 1293061.4562295289
18232 1293317.7535115811
18238 1293462.7718585811
18243 1293629.5580523054
18262 1293713.4194996695
18283 1294142.6964153994
18289 1294338.4032581972
18344 1294374.0818369249
18345 1294644.6545936775
18351 1295121.7202088293
18365 1295381.7398724656
18399 1295647.2368502668
18407 1295750.6341998605
18408 1295962.6296476901
18443 1296350.5907854727
18472 1296473.7511583541
18484 1296512.0588961840
18504 1296749.8449680202
18525 1296839.4604996236
18532 1296908.7181015434
18561 1296989.3784547288
18586 1297024.9389424003
18587 1297219.6848702685
18605 1297253.5891635504
18606 1297384.1978704080
18625 1297385.3548409669
18642 1297407.4248819451
18646 1297495.0486626637
18667 1297751.9876755823
18670 1298024.6875655884
18686 1298190.3421098602
18688 1298202.4913799143
18706 1298801.3077307786
18715 1298822.8726956884
18729 1298915.3751759040
18765 1299087.5438346947
18766 1299842.6229298336
18823 1300417.0605089820
18848 1301263.4227848018
18884 1301390.7555146043
18898 1301876.9733258565
18929 1301981.6510175974
18942 1302235.1781042102
18989 1302245.6105812904
18991 1302529.2144614167
19010 1302761.2255824551
19011 1303088.6705310105
19041 1303285.1413742751
19046 1304364.5307870198
19105 1304930.9628918029
19128 1304974.9683570452
19146 1305690.1278002767
19163 1305790.3303408478
19164 1305909.4480988006
19188 1306002.4966969520
19216 1306230.8047792332
19278 1306593.9955032761
19323 1306656.1321512568
19335 1306889.3569586889
19382 1307275.5686108491
19434 1307413.1884161667
19453 1307709.5409463872
19472 1308094.5476065658
19510 1308134.6813162572
19550 1308177.0921963677
19556 1308414.2644708026
19564 1308629.4554042851
19585 1309684.7623271691
19618 1309995.5273086431
19652 1310097.2008205466
19703 1310205.0295395756
19712 1310397.8835336505
19722 1311244.5557603342
19777 1311405.0135802811
19788 1311781.3562827301
19844 1312228.9603677471
19924 1312331.3773197737
19930 1312352.1669769015
19954 1312508.5847389242
19966 1312693.5690716563
19997 1312875.7727676502
20055 1313173.0617987963
20079 1313408.6875724853
20132 1313531.5297178132
20143 1313775.7752276028
20202 1313984.9732718554
20242 1314074.9602527390
20246 1314124.2691228234
20276 1314300.6530668009
20281 1314446.7855292810
20282 1314760.8058262174
20321 1314962.8048193939
20361 1315099.2004008549
20363 1315161.0757673013
20369 1315260.7625516066
20389 1315496.6844544264
20407 1315688.8173369425
20423 1315703.4833844819
20432 1315793.7968365026
20446 1315916.1472622498
20447 1316027.0596626606
20541 1316147.5658943658
20563 1316185.9641474478
20618 1316413.1811019864
20665 1316755.7951463656
20669 1316839.4508085132
20735 1316933.4471460604
20745 1317120.5763159879
20761 1317296.0198880248
20773 1317556.8407214205
20782 1317802.5667598266
20807 1318108.5269764056
20820 1318145.6033714316
20830 1318573.1356176424
20863 1318574.5220212142
20872 1318701.4067312554
20889 1319314.0694050305
20903 1319337.8522760437
20904 1319368.4013105978
20937 1319524.4423345441
20962 1319553.1470311549
20964 1319554.9491864874
20990 1319591.4669501605
21008 1319593.2674205336
21029 1320025.0841535083
21050 1320063.3798352252
21074 1320145.8166062343
21092 1320533.0693423892
21103 1320533.4174993073
21110 1320582.1519176979
21129 1320660.1080628973
21166 1320871.2425675450
21227 1321068.4396802473
21244 1321072.4892483191
21276 1321072.5050275563
21282 1321080.9425268117
21297 1321345.9516355360
21302 1321608.9007504005
21345 1321765.7729174334
21361 1321797.4192854122
21392 1321805.7714085123
21393 1322063.8137910203
21412 1322095.3929859500
21431 1322267.3795513543
21439 1322709.8530280846
21446 1323074.3385424584
21463 1323124.3733279433
21486 1323211.4255708680
21509 1323215.2316156954
21517 1323250.7491939976
21521 1323453.6639390953
21560 1323592.0701443818
21611 1323862.2439207379
21640 1323913.5127984849
21671 1323927.5420819302
21674 1323947.5594136966
21702 1323998.7195271780
21707 1324034.0339400119
21722 1324121.5688822581
21803 1324290.6837446964
21870 1324297.7169305407
21885 1324418.2314487405
21910 1324660.7102742747
21928 1324786.3161915159
21958 1324834.8168200497
21960 1324962.3734432058
22001 1325010.8074613407
22009 1325103.7076403247
22016 1325279.9815308575
22036 1325530.6792651741
22067 1325659.7681978981
22079 1325848.2349867423
22085 1325870.6151163350
22091 1325924.0450438256
22125 1326789.8212536536
22157 1326820.8200853441
22174 1326838.2872821265
22192 1326909.2514996075
22209 1326919.8186537323
22254 1327102.5067763024
22317 1327173.4512844877
22354 1327753.4936839985
22383 1328064.8019591386
22428 1328194.6812463189
22448 1328213.9250835979
22465 1328241.4872137858
22468 1328289.1319198655
22475 1328350.2586866571
22480 1328726.4185935340
22491 1328753.2683470733
22493 1328911.9487437035
22510 1329168.9655046982
22549 1329261.0020346651
22553 1329296.6541914945
22563 1329442.5353500727
22613 1329445.2398682488
22614 1329468.3696553311
22626 1329534.5621022391
22650 1330102.6154629602
22698 1330420.4962426843
22710 1330449.7150525104
22727 1330633.4623836335
22744 1330663.4986440851
22764 1330767.5675629883
22773 1331071.9947603859
22809 1331350.0496710809
22817 1331417.6232309437
22843 1331443.7775661943
22860 1331789.4049477074
22895 1331802.7749166971
22962 1331838.0329280207
22963 1331859.2165900341
22968 1332444.6779797457
23012 1332514.4907178474
23073 1332547.2383584669
23153 1332588.3004439767
23171 1332618.5787518132
23181 1332713.5796450889
23186 1332764.9918346414
23205 1332859.9832356803
23231 1332911.2838834655
23251 1333059.8591179263
23314 1333124.9430818835
23348 1333303.7068928189
23356 1333433.3060703755
23382 1333855.7805568608
23402 1334175.6028435417
23454 1334190.9591461788
23469 1334229.7058982223
23470 1334244.3321299567
23481 1334293.2513899244
23482 1334298.3984593542
23504 1334381.4037164813
23521 1334396.0329831399
23532 1334449.8955443511
23533 1334504.4057410976
23551 1334621.0014059953
23567 1334813.6490528176
23576 1334896.6240325258
23607 1335252.0950095851
23661 1335617.7481334396
23721 1335633.3305098223
23752 1335700.6467099322
23764 1335716.1244801923
23779 1336102.1340961070
23823 1336184.7550522520
23838 1336222.6596619035
23872 1336403.5390572303
23922 1336574.1122355831
23933 1336732.8522155480
23955 1336737.5163504931
23956 1336918.7139526003
23961 1336929.5181281907
23985 1337205.0209941608
24007 1337227.1290698843
24025 1337242.2057667715
24091 1337423.4597466376
24102 1337430.5859102018
24116 1337520.9999072989
24142 1337528.1136034296
24229 1337534.8984083855
24287 1337686.9855982992
24307 1338031.6937640379
24326 1338411.6569505651
24385 1338513.5802199156
24556 1338530.2887329801
24721 1338541.0141364906
24821 1338786.2515310722
24871 1339124.9355442482
24886 1339143.9314375131
24900 1339149.8535523836
24919 1339337.8333268934
24959 1339360.1392502780
25001 1339371.4975127284
25026 1339766.0988876401
25088 1339780.8040013562
25172 1339894.7879855635
25254 1340504.2454037734
25322 1340505.5399737223
25356 1341154.8898782991
25412 1341432.8594544970
25839 1341433.1894703824
26033 1341543.3584721377
26093 1341856.7217338216
26153 1341966.8787412443
26194 1342119.3040457205
26268 1342229.4611406613
26281 1342265.6169537264
27049 1342484.6162822030
27064 1342596.1886220414
27117 1342700.2416732539
27136 1342815.1803662018
27165 1342957.3654687910
27170 1342958.5647879569
27193 1343038.1772981132
27249 1343216.5181992291
27294 1343314.1612748823
27433 1343320.1424078718
27575 1343482.6948668556
27614 1343505.7346004001
27652 1343668.2784092571
27797 1343914.8602849657
27806 1344012.8533963833
27901 1344033.0901941522
27929 1344309.4357592848
28034 1344554.1555899389
28119 1344599.9753161611
28120 1344655.5902069444
28495 1344714.7015284600
28597 1344739.1413224963
28608 1344798.2524684658
28866 1344957.1245206171
28904 1345049.3975529945
29010 1345090.0016153215
29052 1345208.2698848087
29060 1345248.8740808968
29088 1345468.0897560306
29156 1345706.7227633724
30359 1345711.4077153711
30413 1345803.8322734067
30605 1345811.5429956180
30778 1346070.6377510445
31841 1346259.1288003228
31977 1346334.8774133797
32019 1346513.0689715703
32081 1346631.9969178669
32164 1346822.4324216240
32181 1347071.8781831067
32263 1347188.2881699833
32324 1347366.6066991810
33103 1347370.1530578446
33243 1347596.6345772746
33309 1347643.4023751798
33616 1347707.1592110097
33623 1348098.2767764465
33683 1348162.0328320528
34044 1348335.1973681382
34094 1348396.4190526907
34198 1348613.2942711581
34270 1348787.3465997553
34314 1348900.1820509287
34368 1348946.9273362972
34770 1349107.6640902858
35142 1349280.8303676844
35795 1349283.6374471057
35818 1349530.6885763316
35864 1349727.9409406488
35932 1349824.2859459296
36342 1349923.6701445319
36976 1349929.7074724522
37327 1350017.8653170206
37783 1350044.9126023478
38229 1350266.9679755650
38777 1350669.5935610668
38933 1350832.6092337370
39252 1350861.6814176585
39316 1350957.4434495913
39380 1351152.3588582503
39407 1351181.4549314515
39463 1351350.3017055737
39887 1351552.6909893691
40521 1352101.5846944749
40634 1352130.6461893001
40843 1352236.2189444134
41152 1352352.8809437386
41215 1352446.9577440061
41769 1352567.7701672048
42017 1352593.4409147555
42236 1352702.3039913794
42318 1352724.3801530283
42476 1352732.7288312248
43088 1353170.6819067826
43603 1353269.6349781314
43623 1353375.4995949331
43901 1353378.1297447849
43972 1353421.2344065609
44076 1353423.9069349957
44246 1353447.8287008547
44458 1353471.6377304650
44486 1353679.6877895773
44550 1353997.0014196124
44643 1354131.6413109591
44754 1354147.4688052260
44836 1354577.2132305922
44884 1354763.7072796510
45327 1354835.7503173361
45328 1354916.6887886976
45713 1355088.5416484443
45730 1355095.8857135875
45759 1355186.9858321727
45762 1355402.9136133008
45867 1355404.5672447705
45891 1355589.1361474732
46897 1355799.4994737981
46923 1355817.1902000937
47013 1356080.4593132881
47102 1356226.0745808051
47161 1356306.4007846690
47394 1356378.4409876752
47715 1356411.9020442369
47973 1356414.0292697579
47981 1356474.6809782989
48145 1356549.9992502898
48242 1356584.7168157450
48350 1356589.3955162461
50839 1356666.1700418608
50967 1356741.2414901282
53041 1356775.5762216111
53987 1356886.0385432187
54128 1356889.8490761423
56991 1356893.2775518168
57287 1356920.9703953660
58140 1357075.8596686276
68591 1357151.9638716793
70111 1357162.1478013683
70399 1357190.3934803882
70450 1357261.8074918464
70605 1357327.8824184269
70701 1357431.7935573638
71102 1357491.8961360212
73376 1357968.1664306568
75650 1358012.3137755257
75851 1358125.8013051113
78134 1358235.9653741301
78720 1358243.6708470297
80517 1358256.4451059131
81441 1358487.7214604260
82138 1358492.4897454986
84720 1358506.5595307492
84790 1358577.8590132489
84841 1358693.8783093158
85366 1358928.4336157683
86002 1358966.9378649627
86166 1359002.7487964346
95829 1359184.4375770432
95873 1359526.5128887978
100000 1359526.5128887978
