evaluations raw_y
1 679338.0770582476
2 679344.4689983150
3 710357.2368810355
16 723508.4312697623
35 727435.0523599794
44 727492.9586195899
47 732746.0767069766
50 733013.5176450803
61 740955.0928159077
83 744217.0308156164
98 752118.4995420227
103 752904.2698299323
128 763138.4756324487
147 767051.9784300359
164 767621.6764829733
169 770616.2619546516
178 773409.1907232504
185 785011.6157056029
226 788038.2292529728
241 794223.8880320766
272 794718.3335282598
278 798622.8377185903
281 799753.1242686824
294 799996.3013665384
299 802367.1235477763
307 804038.5457992736
329 804389.9285796344
341 805301.9577137849
347 808994.4139335077
364 814236.4737452983
386 815314.2111195942
428 817651.7380567685
454 817948.3318735176
455 818632.7941461678
461 818745.2140172913
468 820591.4938183492
481 821107.4364395322
482 821827.2582792140
483 822814.6697900931
512 824260.3115136730
524 824318.6518336562
525 825397.8815112223
535 826095.6695927447
542 826118.1424028256
546 826161.2690903638
548 827770.4804339234
561 832715.9579688243
613 833082.5256641954
615 833084.4405404731
621 834724.0751911779
635 834905.4102867448
641 835166.7034908282
660 836167.6670634896
676 838431.1987772979
698 838459.0544408220
721 838810.3611164722
724 839017.3548875614
732 839063.4058263642
738 839412.2936271142
741 839918.9166313938
751 840206.2735400941
763 841060.9383493735
784 841061.5920101940
787 841671.1718767050
796 842011.7817760367
802 842774.0930210169
820 843330.2529227020
821 843659.9024739234
828 844123.3992798233
859 844556.5533200058
860 844629.9494369454
874 845169.5510500588
876 845414.9135767489
884 846591.1816349822
886 846983.2217309687
901 847101.3996563497
903 848153.7588960378
923 848806.7574440147
949 848981.5705599353
952 849090.5544608603
963 849294.8361906448
967 849420.0572558517
974 853068.7635841083
997 854150.9593608519
1021 854334.8525394053
1024 854423.1533913092
1043 854565.5486482576
1044 854911.9908356699
1046 855185.0029054785
1053 856453.8660842457
1063 857902.4747191970
1081 857915.3166849066
1101 858488.2831245321
1103 858833.9169790235
1113 859064.4760334569
1127 859522.9922466993
1142 859604.7096636149
1147 859823.3125489771
1157 860147.2156898971
1169 860587.7375867404
1179 861319.4017225349
1183 862143.0456343109
1189 862197.4842812431
1223 862593.8651061631
1229 863705.1704415696
1253 864117.7032599072
1267 864266.4593601795
1272 864339.3444578130
1280 864400.4891897655
1281 865500.6090826910
1303 866543.4877569330
1322 867254.4825750930
1323 867349.9257515892
1341 867793.2443497912
1351 867807.2865631303
1353 867944.5376273543
1363 868132.3244446213
1365 868473.4368146829
1381 868804.3945664089
1384 868832.0918754013
1386 869145.3985775672
1388 871151.5737755033
1421 871367.0614404242
1427 872262.0715261579
1445 873159.3243011849
1462 873187.5140843490
1470 873376.6603803267
1471 873825.5795733635
1497 873946.8252326495
1501 874192.3753890814
1502 875440.9638481034
1527 875604.5243671391
1541 875810.7490334734
1548 876359.0843163757
1562 877349.0645827372
1588 877991.2597432768
1607 878892.2630829627
1609 879238.9690766255
1627 880823.3890844790
1640 880984.9859741571
1649 881279.4610064314
1670 882062.0934702494
1695 882386.5749138383
1704 882691.4413247005
1722 882697.8784435403
1725 883651.8918058117
1736 883705.1570168189
1763 884209.4427216495
1771 886349.8285024179
1792 886833.5878085170
1799 887055.1100910982
1805 888110.5181887686
1829 888574.2980945768
1830 889242.0382537731
1842 890618.1752442871
1861 892564.5991565412
1862 892618.5341742099
1887 892766.1577686378
1889 893202.1119336971
1891 894555.1680805704
1909 895428.0808496138
1914 895485.6770270044
1935 895808.9835207553
1940 895869.0992269539
1943 896723.2992799222
1944 896727.8746080460
1966 896913.4343636750
1981 896923.8968725931
1986 897927.7093560392
1991 898446.7481057214
2002 899840.9645883042
2019 899869.4273793913
2021 900263.8237647840
2027 900577.4628338059
2030 900712.4711219453
2051 901614.6764430287
2055 903457.5763822171
2081 904613.2537496166
2089 904649.0287717960
2120 904650.8697750554
2121 906074.4150453177
2126 906463.0924219041
2131 908075.7745276610
2165 908724.9798584286
2186 909968.2050352199
2222 910040.2894562008
2227 910655.9107549670
2234 911688.6007478698
2261 911923.2444065743
2269 912119.9417901504
2290 912413.6897547289
2293 912661.9438814213
2306 912965.8167746364
2313 913056.2637783090
2323 914336.2577414360
2326 914582.2905125788
2350 914746.3260320108
2354 916246.8201032656
2384 917759.4066260866
2403 917931.7539000320
2426 918823.8339220763
2443 919288.8491149552
2453 919389.9356294998
2460 919486.8706148748
2461 920456.8437467928
2481 921156.0248699447
2495 921797.0403082814
2525 922064.1875238968
2526 923181.9456685103
2544 923542.6156256854
2561 923744.4301073266
2568 924744.4628484533
2587 924782.9436281284
2588 925292.7363084657
2600 925658.0582101281
2601 926445.0864013587
2606 926785.4462664765
2613 927461.5176828065
2627 929834.2963292318
2669 930550.3758086057
2683 930835.2297444610
2687 931000.9088571261
2695 931329.9294024820
2700 931700.5183552118
2709 932326.2502082660
2731 932931.9283567948
2740 933633.1717626526
2746 934839.5673264125
2753 935665.7304347202
2784 936091.6835163713
2799 936759.3206865760
2805 938369.9583896709
2829 938457.5701321790
2841 938753.3895591307
2848 938807.6624675008
2851 939696.1554401555
2871 940052.5593373241
2875 940354.6838271114
2882 941792.8104808710
2912 941826.3470323189
2918 942058.2426353404
2921 943923.8892371410
2933 944178.1343546706
2966 945393.1066252639
2992 946684.8034013701
3005 947415.0678435403
3022 947489.6280946028
3026 947939.2399957265
3043 948669.3707709397
3055 948733.7938162377
3060 949759.1038764917
3062 949854.1881835762
3071 950039.3027393196
3083 950544.9462620161
3092 950700.1682448307
3096 952628.0341037500
3106 953296.5156500426
3130 954015.7645266765
3142 954480.2006315729
3150 955234.5091940003
3163 955340.5072798608
3181 955376.8686402595
3186 956089.8994416478
3187 956133.1199235719
3201 956198.9822222596
3206 956706.0645806351
3226 956994.0372691086
3231 957108.9137040415
3236 958045.5548414809
3244 958929.2608204094
3275 959811.6113211090
3294 960296.9764776722
3306 961271.5910599704
3343 961869.5536437879
3369 962902.7924262809
3376 963569.8300386828
3381 963764.7952437904
3394 963923.5816970123
3395 964243.6593838464
3408 964779.3799395657
3415 965387.0650397185
3424 966148.3154487590
3446 966372.0839470673
3468 966833.0998709792
3470 967911.1203415322
3471 968143.0159937046
3490 968206.4980858630
3501 968344.5863168080
3504 968419.3037525425
3511 969906.4587038768
3522 970486.3937122170
3541 970844.8145970758
3560 971338.7611503542
3562 971727.3703764625
3596 971814.3172702336
3601 972083.2886199547
3602 972232.1330975187
3606 972759.3524809369
3614 972876.8276088566
3641 973466.0465473018
3653 973508.5645870299
3662 974197.8019058614
3684 974732.2170452272
3686 974770.2869743953
3709 975521.6594730249
3730 976440.2267377826
3744 977114.6559925464
3748 977518.8365001878
3771 977589.1629437580
3774 979286.7119857746
3789 979709.7771959301
3804 980272.3498933412
3813 981877.2671793322
3837 982771.6515619404
3857 982869.9620576418
3879 982986.7277102582
3886 983384.6895078081
3892 983572.6870865269
3904 983788.2657948449
3905 983819.2230560629
3906 984438.9606712444
3909 984634.2937304513
3926 985430.3963046274
3929 986250.2322617709
3943 986990.4958398474
3952 987018.0801064487
3964 987127.9398117469
3972 987282.4339413996
3982 987894.5727795714
3985 988034.0821250397
3995 988711.2533551040
4020 988800.5026521060
4022 989201.5829569903
4028 989258.2544515601
4041 989499.1741904290
4046 990222.4551588752
4047 990570.3317285471
4049 991154.2475682567
4070 991791.3670247141
4072 993346.3450493815
4107 993676.3255315730
4121 993939.2489186031
4126 994757.1707097475
4155 994770.8359683352
4172 995852.9607045139
4184 995881.2465046325
4185 996000.8472051030
4189 996451.6409525969
4224 997002.8287113955
4244 997387.6000271311
4247 998001.9672611167
4261 998027.3328667561
4287 998234.2627281290
4302 998455.8192352904
4304 998895.1209335222
4305 999302.1741573538
4308 999625.0431931191
4322 1000328.0601401431
4351 1000464.9643969811
4359 1000648.2652603013
4361 1001508.5286420288
4380 1002027.9685981731
4387 1002122.6063657051
4404 1003236.8148370070
4426 1003605.9153525234
4450 1003934.1372441058
4459 1004122.2780877483
4468 1004454.6945906815
4473 1005424.2222783264
4502 1005660.6091343866
4506 1006240.3339405118
4523 1007026.8985561390
4560 1007220.6390441139
4569 1007378.7686075701
4570 1008338.9301462552
4582 1008584.0135476027
4607 1009036.8472995838
4625 1009282.5980836523
4635 1010183.0947868584
4650 1010655.7062291820
4679 1010927.3290921601
4689 1011014.3385905093
4691 1011208.0150867166
4695 1011278.8069279690
4699 1011355.7264418817
4707 1012137.6853921956
4727 1012152.4640199667
4731 1013459.7459497416
4772 1014149.3215513204
4777 1015048.4484689538
4781 1015196.0934890761
4791 1015320.2211457302
4794 1015393.7149002609
4799 1015409.6671888090
4801 1015614.6472122555
4804 1016100.3817143886
4827 1016885.1771488334
4857 1017815.3900032972
4860 1017851.2798915090
4872 1018458.0714420659
4875 1018907.6408311655
4892 1019829.6573999600
4904 1020347.6067397412
4911 1020743.7080987277
4922 1020938.3282832300
4923 1022081.2892716761
4967 1022379.2121189352
4969 1022499.5660976954
4994 1023187.8071765088
5008 1023255.9785587761
5013 1023765.3176211637
5025 1024848.3014413009
5047 1025286.9908563527
5053 1025350.8074685097
5071 1026425.0464682298
5081 1027012.9521308201
5090 1027031.5768680954
5111 1027640.1339405729
5129 1027659.6590590421
5133 1029488.1105190031
5164 1030787.4524703857
5184 1030790.8076104746
5196 1030928.9065067983
5206 1030992.6518421604
5212 1031285.5740630563
5225 1031307.5665050652
5230 1032299.3185799521
5256 1034406.7894678660
5296 1034528.1881926523
5306 1034653.1402225127
5316 1034902.5802867953
5321 1035152.8529244333
5328 1035547.4986669864
5345 1035599.9471139818
5367 1036394.3235376710
5392 1036684.0854025763
5405 1037188.9884459346
5423 1037407.4331476634
5449 1037696.6892428678
5456 1038332.7584586405
5460 1038731.3504189991
5480 1038884.4173256638
5481 1039258.5189613434
5484 1039368.3937193968
5491 1039805.6235008604
5503 1039848.0214751158
5510 1040107.7362076679
5517 1040275.3049192218
5527 1040358.3236242657
5536 1040820.2773827545
5540 1040944.5492525029
5549 1041567.9626955785
5550 1041593.5886146408
5568 1042053.7364789513
5573 1042089.4055998774
5576 1042817.2306042793
5581 1043603.8812721893
5605 1043756.1521168994
5625 1043907.1773138454
5631 1044072.9416425666
5644 1044203.6664213137
5646 1044505.8556358642
5659 1044973.0328406348
5664 1045068.6615494094
5681 1045366.5329893098
5685 1045404.1349594848
5688 1045849.2675721981
5709 1046525.8422540158
5726 1046768.2217686621
5740 1047513.8778756226
5751 1047561.7043174523
5757 1047861.5460599600
5758 1048093.8922015328
5763 1048240.3818526014
5775 1048623.2810678859
5785 1048793.7702737085
5804 1049085.8393739273
5815 1050437.2074049101
5844 1050448.6692254993
5851 1050519.4106047316
5865 1050858.1719926395
5875 1051267.3684800067
5886 1051447.8231247282
5902 1051659.1993174325
5912 1051928.6404662593
5914 1053142.7236969578
5938 1053694.5394729616
5945 1054029.3000307099
5946 1054377.1505738744
5961 1055370.6716364215
5978 1055585.9355773905
5985 1055927.2089510718
5987 1056445.5119306874
5988 1056595.3130854017
5989 1057208.2095376132
6006 1058084.5824550749
6014 1060348.0798502695
6044 1060595.0518344757
6047 1062054.4042278384
6084 1062497.1230901568
6089 1062694.1699544655
6111 1062940.6733332076
6125 1063134.5267224857
6129 1063484.5232132534
6139 1063510.4972256825
6143 1063619.8966779485
6154 1063867.4017040241
6155 1064933.6162479490
6183 1065882.7805127257
6201 1066749.4212014368
6209 1067113.4965464072
6234 1067135.8878359180
6244 1068020.8057281636
6245 1068239.0672504164
6247 1068437.7741776502
6271 1068541.0593668043
6279 1068562.2087574492
6283 1068953.7822829823
6296 1069460.1030361827
6307 1069582.7123989563
6323 1069644.0205529293
6328 1070759.3478984300
6339 1070798.4775676676
6343 1071392.3075266501
6365 1071645.0583838262
6370 1072169.9300469449
6387 1072489.4869673362
6401 1073049.6710186680
6409 1073513.0444117319
6422 1074268.2008195024
6437 1075160.9616234363
6443 1075597.4087007111
6445 1075948.9294362036
6477 1076378.3562440265
6480 1077026.4208143293
6485 1077049.3430994588
6506 1077072.3838006849
6519 1077351.9172680262
6524 1078234.3935813103
6529 1078582.0736023230
6543 1079597.3901938151
6567 1080065.7911548791
6587 1080368.5396177920
6606 1080603.3592929714
6611 1081207.9161472335
6637 1081385.1813805457
6638 1081729.9838608254
6645 1082289.1903479346
6675 1082394.1259278166
6678 1082784.1750011849
6687 1082841.1199355405
6695 1083637.9885713402
6718 1084046.9174955434
6727 1084356.0044979404
6759 1084416.9234480490
6761 1084911.7195300304
6762 1085224.9227634156
6764 1085418.6262795283
6786 1085884.4566478133
6805 1086330.6050762872
6814 1086507.2752035947
6832 1086947.4515928049
6834 1086966.3193233085
6865 1087119.9955902924
6866 1087511.9201178465
6876 1088949.7243348775
6888 1088957.8185400805
6899 1089449.1192231916
6904 1089951.0608913132
6931 1090484.9353182658
6946 1090642.8741498920
6961 1090960.2898230497
6969 1091055.9030399823
6975 1091413.2629628407
6992 1091961.2818175806
7039 1091983.7163882232
7040 1092038.5949322723
7041 1092068.4915184390
7045 1092446.0334723587
7057 1092713.5398989683
7073 1093205.8460619913
7084 1094219.7394635926
7126 1094414.0754569385
7138 1094914.9792844544
7148 1095075.3790540255
7161 1095461.6921713757
7196 1095846.3281623858
7202 1096040.5088798215
7209 1097093.1526580919
7239 1097378.9323820963
7249 1097941.6949203985
7282 1098200.9235261239
7283 1098821.5597027547
7301 1098999.0695083044
7307 1099529.3343226700
7332 1100325.8388993966
7357 1101721.6748473004
7361 1102327.5216993741
7385 1102627.8847587435
7400 1103206.8501121935
7403 1103227.1960313660
7406 1103345.9740856565
7424 1103559.2259636912
7427 1103932.1557970375
7428 1104410.4298682024
7460 1105317.6099290764
7470 1106719.0846265003
7490 1106990.2472144894
7505 1107291.8128862495
7522 1107727.7440945015
7527 1108471.4867520875
7541 1108523.8048194372
7553 1108881.0248429398
7568 1109169.5309813647
7584 1109377.5300144493
7599 1110183.7980300074
7616 1110735.0003247836
7620 1111452.4774358808
7626 1112274.1986141338
7644 1112611.9385721532
7662 1113014.2143489507
7663 1113356.1271838297
7697 1113518.2243783895
7702 1114038.1599986157
7716 1114717.9863935860
7750 1115362.7738065997
7776 1115396.3213440464
7785 1115588.3438053953
7801 1115949.1995766487
7821 1116024.5641235996
7825 1116054.1981051762
7826 1116212.3026598517
7842 1116213.8769800169
7865 1116317.2955205163
7867 1116388.0407959514
7881 1116958.4007620146
7894 1117075.2562840171
7922 1117355.3902178202
7951 1117397.0499632289
7953 1117686.1945531792
7972 1117784.8606874857
7977 1118144.0124593370
8002 1118843.8266816786
8022 1120162.9293578307
8051 1120404.8214574349
8066 1120422.6785801162
8071 1120998.0333951639
8088 1121134.0781193918
8102 1121797.7024268233
8140 1122378.7302237567
8141 1122419.6642080129
8160 1122514.7489896498
8167 1122555.6854086125
8172 1123228.2171538277
8191 1123435.2500199163
8199 1123819.8393581132
8220 1124540.6230316984
8240 1124669.3231619110
8246 1125373.3255593348
8255 1125780.8464570439
8287 1125878.8459668036
8298 1126150.3925318634
8311 1126724.7567342743
8326 1126788.3921985251
8335 1127064.1654774048
8340 1127664.9015460815
8342 1127822.4786274745
8366 1128249.5176289293
8368 1128250.7326415526
8385 1128405.0706781510
8386 1128410.6093284024
8388 1129204.6726177216
8415 1129296.7163422965
8418 1129634.9069196030
8422 1130209.5646473763
8443 1131165.3557628456
8444 1132021.0303023192
8484 1132392.8870633622
8494 1133179.1850004599
8521 1134241.3256310057
8542 1134339.2544805182
8555 1134894.2491165916
8567 1135315.4363198248
8582 1136426.9189611047
8614 1136634.0842022491
8623 1137204.4630999817
8624 1137215.3278029326
8649 1137274.2333008335
8657 1137281.3366767166
8666 1138075.8697495530
8671 1138415.6588134929
8697 1138676.4805919179
8703 1139816.8387426012
8731 1140065.3033792314
8742 1140579.5863190198
8762 1140713.0859944024
8801 1141856.1457408459
8827 1141970.5560865887
8832 1142189.2311318144
8843 1142789.5029681083
8859 1143181.7057473322
8893 1143317.6086940027
8903 1143427.9298214000
8911 1143629.5441632613
8912 1144276.1578801526
8941 1144996.7735954002
8962 1146188.8227654803
8983 1148541.9663187151
9039 1149279.6107926087
9040 1149285.9549835632
9044 1149318.5779639885
9063 1150065.1491054550
9064 1150077.6109105838
9086 1150161.7344597711
9088 1150374.8229953523
9095 1150544.4329448470
9105 1150665.4080404281
9113 1150766.0754527473
9117 1150845.7560930981
9128 1150850.3039191246
9131 1150904.4795138598
9143 1151020.8629248168
9145 1151483.6313513450
9160 1151601.1516598372
9176 1151869.4280259246
9187 1152087.1704786427
9190 1152285.2517277147
9201 1152484.9677250343
9211 1152763.8314380841
9223 1153350.0781836952
9243 1153408.0283864930
9244 1153541.0056864354
9247 1153731.2231076185
9271 1154074.1654174579
9280 1154959.8317241238
9291 1154968.3801274910
9307 1155026.4058970208
9328 1155403.8218696765
9338 1155509.3710248335
9342 1155885.9513069766
9344 1155965.2173270111
9345 1156315.4213758251
9370 1156506.1807201067
9373 1156803.7296819338
9380 1156896.6529901449
9393 1158265.3557583333
9415 1158637.3240234610
9424 1159308.1216046927
9455 1159701.2464477499
9461 1160144.5152409682
9490 1161270.8900694952
9514 1161535.7699267135
9539 1161790.4090244980
9542 1161836.3665974378
9547 1162183.6211656199
9564 1162415.4474350233
9571 1162493.8723770245
9581 1162549.6108691308
9582 1163103.2604513539
9596 1163286.9774291203
9624 1163393.0926298746
9626 1163504.3579267664
9631 1163983.8436438304
9633 1164201.9397809296
9649 1164219.5398415471
9656 1164838.3121739584
9661 1165417.7921027930
9697 1165604.6502732825
9698 1165723.1279848306
9704 1165861.9985452560
9710 1166157.9490993412
9728 1166676.1029887041
9737 1167196.8739803289
9744 1167410.3047284631
9745 1167981.4439976064
9771 1168120.6406165885
9773 1168388.8365887103
9801 1168673.4582250628
9803 1169273.4260050650
9806 1169810.8539715910
9842 1169962.0823523114
9852 1170305.9312484190
9877 1170930.3274383300
9879 1172579.1679785771
9892 1172664.1473579288
9903 1173231.7521161702
9910 1173829.0677973509
9957 1174081.3014004931
9963 1174802.3217934212
9971 1175023.6773478275
10003 1175178.4542811783
10014 1175344.8356187425
10021 1175750.1362707086
10024 1175761.8755351042
10026 1176020.5909396382
10041 1176364.9914660093
10042 1176574.9429676568
10045 1177826.0820733232
10063 1178535.1643716902
10087 1178719.2647390540
10102 1179876.0464995354
10173 1180530.2960547160
10183 1181393.0404962332
10211 1181536.0436299799
10227 1182462.5305928343
10246 1182774.2591436913
10256 1182792.1449312442
10262 1183714.7014023729
10289 1184053.0765383048
10325 1184072.2993064311
10327 1184718.5411204551
10343 1184794.0361150180
10356 1184822.8055273131
10368 1185333.8768961227
10388 1185866.5398055897
10397 1185945.2617734487
10417 1186159.3472222760
10418 1186353.2852909658
10422 1186805.0531217724
10428 1187097.1829114293
10448 1187456.1422057056
10451 1187577.0363636031
10453 1188196.8121062447
10473 1188493.5591398205
10498 1190256.1906641501
10549 1191164.3569619807
10605 1191320.3215058767
10606 1191368.6129908194
10610 1192105.0857997662
10625 1192127.2618724313
10640 1192535.2041601008
10648 1192711.4267355457
10670 1193074.5768717646
10685 1193075.9376971670
10687 1193158.8444209762
10713 1193290.5383300069
10716 1193298.7850109118
10722 1193524.4863237503
10723 1193544.1896952819
10744 1193974.4818058363
10769 1194018.9584163805
10780 1194391.1170982188
10785 1194461.6109888416
10787 1194735.1716256808
10801 1194824.7595690459
10803 1195155.8796348912
10833 1195525.5427887898
10835 1195875.7713348477
10856 1196166.6303233295
10867 1196475.4073712092
10876 1197234.1444383790
10905 1197289.8835693423
10915 1197989.2305295425
10925 1198815.4453617374
11002 1198941.9467083635
11031 1198962.3833924783
11037 1199024.4861568594
11043 1199271.5687831333
11066 1199443.1749462259
11083 1199758.2026123246
11089 1200354.8199114201
11129 1200369.7131644720
11141 1201248.5947265711
11159 1201708.2258523297
11204 1201807.7567447813
11207 1202208.4123250267
11213 1202606.1919232388
11223 1202661.8841636577
11254 1203106.3552642833
11263 1203303.3565949115
11286 1203814.2697180863
11305 1203836.9260885054
11308 1204580.2511284924
11344 1204758.8477453147
11366 1204798.1457081805
11392 1205166.3363838147
11399 1205273.3306384797
11416 1205544.5266178520
11425 1205827.8837243868
11430 1206140.3347994101
11431 1206499.5188550507
11433 1206522.6784807555
11459 1208179.1701517059
11468 1208631.8707573384
11499 1208872.2301020727
11503 1209070.9374368929
11534 1209440.3154699542
11544 1210527.1839555367
11590 1210677.9584969578
11603 1211354.9557996602
11635 1211560.1115990619
11652 1212146.6183018382
11668 1212534.7622327462
11696 1213587.1278173127
11704 1213624.6882250607
11742 1213850.1808830367
11775 1214208.6972302131
11783 1214256.9883178696
11801 1214314.6057211063
11804 1214804.4778137272
11832 1215330.5270180542
11853 1215672.7052676522
11876 1216720.5830075203
11894 1217019.9185303233
11909 1217233.1760765589
11939 1217299.8839383216
11942 1217496.1808829359
11956 1218371.1634582877
11984 1218749.6299659554
11991 1218842.2402015540
12004 1219148.4041191463
12014 1219436.5675204033
12034 1220453.3049092288
12067 1220563.1958606043
12068 1221067.7673577284
12077 1221515.9707288241
12092 1221761.8039425872
12118 1222022.0843464846
12142 1222187.2909028428
12149 1222532.8033843094
12151 1222607.6862989606
12162 1222719.2181572220
12170 1223050.6613216447
12185 1223264.4818032510
12188 1224457.8805349295
12219 1224924.9857377768
12239 1225372.7712843798
12255 1225570.0304041412
12261 1226541.2792329118
12284 1226795.4095075934
12313 1227074.2232361385
12345 1227531.2796512726
12357 1227808.0422897225
12378 1227821.7745882324
12388 1228263.1250087752
12401 1229357.6824170621
12445 1229539.7132830506
12459 1229842.2848878559
12466 1229886.5805520487
12470 1230123.8959615428
12482 1230609.0539498429
12504 1231242.3378497367
12512 1231693.4511513375
12543 1231755.5641806594
12544 1231821.0864612488
12548 1231897.9158708001
12553 1232135.0398533077
12565 1232179.7467093351
12567 1232439.8801904318
12609 1232853.9491069531
12612 1232967.5674506484
12620 1233740.4015892216
12655 1233990.0806376282
12670 1234404.1336459282
12685 1234602.4855223335
12707 1234687.5121688857
12738 1234875.1405118939
12748 1235101.5603646368
12759 1235293.9939463832
12765 1235472.7967285234
12799 1235825.2195329468
12809 1236146.3163546899
12823 1236400.4731913598
12831 1236416.0693047189
12833 1236871.2651219037
12844 1237243.6435101633
12853 1237526.5177429332
12879 1237865.6268555527
12885 1237881.1703205588
12902 1237984.9767307471
12914 1238088.6285588208
12919 1239825.3549325687
12940 1239978.7544252241
12953 1240012.1500660784
12957 1240208.9256349469
12967 1240278.3973320229
12968 1240464.0869349546
12984 1240621.0200435459
12990 1240933.1131791619
13017 1241060.3595108453
13035 1241111.4923242843
13044 1241625.9418143791
13073 1241652.6048435224
13083 1241738.0691398096
13088 1242146.6836490589
13105 1242481.3279782962
13118 1242573.6871604358
13121 1242639.9481785500
13128 1242655.1165984115
13137 1242794.6685115928
13158 1242970.2957007552
13170 1243184.3388812386
13177 1243875.6400690123
13203 1244357.7592998347
13241 1244636.2640791484
13280 1245358.4205429861
13307 1245559.4842577286
13324 1245667.0619484046
13333 1245774.2040156962
13349 1246956.2040498352
13383 1247292.0121142217
13385 1248283.2590126970
13407 1248557.4881335944
13448 1249433.0764613019
13502 1249475.7768862960
13503 1250242.3689860341
13521 1250374.4138777058
13547 1250873.0193051796
13551 1250949.9104683138
13575 1251520.2463326158
13640 1251554.9944263333
13649 1251662.0023409054
13652 1251885.5708423711
13681 1252153.4422591184
13688 1252438.2775228124
13696 1252518.7415552314
13718 1252808.7951529892
13746 1252833.8793877466
13778 1253091.8868386850
13818 1253179.0305860040
13837 1253506.2477877159
13856 1253602.4519658620
13857 1253638.1392403955
13858 1254026.5084683921
13867 1254101.1135488714
13893 1254232.9851214828
13901 1254737.6087347199
13924 1254810.0949934213
13949 1254934.9420324829
13958 1255115.0702204749
13959 1255237.0580210281
13973 1255283.7259088468
13984 1255598.6653880209
14001 1255998.3763243973
14024 1256377.2202633999
14033 1256433.1253017955
14093 1256522.3020905352
14127 1257006.4392649936
14145 1257195.0190891391
14154 1257248.9045896407
14166 1257308.2573325559
14183 1257737.8193817819
14217 1258075.8495143251
14245 1258553.5887048799
14249 1258613.4724811511
14262 1258664.7491682246
14287 1259185.3769849620
14306 1259424.0243428792
14337 1259567.1725640099
14341 1259777.7075266265
14347 1260081.1567332416
14383 1260226.4929845599
14394 1260680.7373207447
14403 1260718.6278852264
14412 1260957.2727141529
14423 1261297.4087777433
14471 1261439.7244771069
14475 1261581.1592480037
14490 1261860.2410703008
14498 1262104.6007377533
14503 1262113.5921367938
14511 1262163.9373497062
14536 1262204.1517545334
14544 1263376.6089892858
14582 1263673.9759280898
14596 1263938.4508908710
14622 1264402.5091176785
14648 1264769.3296818435
14698 1265254.6590013811
14735 1265578.6576287616
14746 1266091.5536224493
14781 1266183.0459021833
14793 1266198.3565378261
14805 1266960.2205174568
14871 1267204.0090592641
14881 1267468.4252388843
14907 1267571.5282045065
14916 1267696.0134564557
14922 1267841.2861521298
14938 1267895.6682355502
14962 1267925.3187306260
14971 1268057.3495314508
14973 1268395.0860296681
14989 1268639.1613822863
15022 1268978.4715425135
15036 1269204.3321270936
15042 1269615.1037973708
15070 1269976.3283912418
15108 1270373.0483650158
15110 1270503.5445534834
15125 1270599.0293993249
15136 1270729.1965394020
15148 1270776.6746442777
15154 1270803.9183185829
15165 1271057.0014714198
15167 1271399.3618396386
15175 1271619.7093754092
15180 1271841.8609579797
15191 1272288.7955358303
15213 1272348.7081147851
15217 1272364.9681149563
15227 1272680.7916153530
15241 1273227.8569509005
15249 1273452.1804407579
15282 1273494.0432775491
15284 1273503.3168182727
15294 1273596.7598337319
15296 1273882.8043227100
15322 1273975.0792249031
15332 1274009.3473543194
15333 1274130.6572113975
15345 1274430.7173694686
15352 1274676.4757759362
15360 1275199.7645875937
15382 1275212.5474164041
15384 1275665.7281518765
15402 1275792.7557772645
15413 1275802.0532185819
15423 1276064.5197415513
15427 1276177.1292340637
15429 1276246.1767953325
15447 1276614.8215202037
15501 1276954.7114422685
15552 1277640.4082214828
15604 1277965.8918900229
15643 1278480.9317157716
15675 1278835.0194935151
15683 1279128.1719905231
15710 1279162.3472226472
15736 1279318.4730160469
15745 1279600.3919310109
15768 1279927.6561330797
15786 1279996.7998623471
15807 1280117.9158265779
15839 1280914.5949714901
15923 1281695.5424457062
15967 1281935.7004954442
15989 1282860.7620153059
16009 1283047.3581389643
16040 1283222.1478667685
16049 1283537.9425664067
16082 1283665.5665442739
16132 1284811.7120145308
16175 1284934.8165316146
16199 1285094.7964892923
16226 1285357.3886160410
16242 1285559.1193881433
16271 1285573.8989679373
16288 1285659.9767601015
16311 1285660.9429531391
16313 1285674.0718358532
16314 1285785.5242186729
16317 1285807.3505190352
16329 1286139.2028879211
16333 1286401.6578322006
16343 1286680.3282806089
16346 1286954.3843155906
16387 1287100.6936835642
16391 1287257.3989506075
16404 1287568.3821180146
16434 1287645.0932707195
16444 1288332.8840833267
16473 1288640.1885526564
16482 1289041.7448379707
16505 1289187.0160623586
16526 1289273.4695381043
16529 1289287.8254217268
16538 1289896.9567266910
16568 1289965.1385949652
16571 1290139.4111742978
16587 1290186.3275900681
16595 1290554.2696199100
16613 1290684.3918914683
16617 1291037.3572485601
16642 1291186.6413060171
16664 1291274.8589471735
16687 1291439.8873605372
16736 1291663.8008578673
16758 1291907.7009694169
16783 1291943.8526369459
16811 1292611.4303060989
16820 1292692.5503019802
16831 1293396.2648751724
16851 1293649.3376689192
16875 1293693.4584182941
16900 1293730.2462971997
16914 1294017.2101285353
16933 1294133.5301614536
16977 1294220.6055762419
17003 1294360.4812666634
17006 1294521.6380426008
17019 1295044.5001788021
17049 1295205.6531489347
17090 1295303.1588206547
17106 1295309.5704406549
17125 1295334.1159403685
17127 1295358.1271512609
17174 1295450.9974127547
17184 1295696.9786755235
17194 1295760.6815549736
17235 1296138.5368450896
17258 1296260.0013697045
17298 1296290.9437095898
17317 1296502.5289108634
17362 1297000.8558120155
17413 1297122.9903659734
17427 1297271.9667807729
17434 1297387.3131200087
17460 1297907.8538796701
17478 1297997.9721032339
17480 1298125.7882495427
17487 1298506.2284469511
17501 1298790.5184032938
17552 1298973.7432755895
17585 1299017.9430122573
17592 1299257.9841987239
17668 1299668.3416783859
17670 1299696.8721553062
17700 1299975.0913645613
17716 1300222.0930383336
17741 1300317.4994679773
17755 1301018.3632171242
17787 1301210.2108586167
17811 1301478.3030259511
17833 1301718.0117715900
17878 1301793.3282912045
17889 1301848.5652321090
17905 1301889.9749580678
17923 1301893.1796196466
17928 1302020.4877030193
17951 1302043.1976747937
17969 1302102.2660535562
17976 1302182.7428806410
17980 1302195.4328789534
17996 1302398.1233266045
18017 1302553.3919377283
18044 1303028.6145339501
18069 1303308.3549433413
18111 1303321.3081443224
18127 1303391.3077604461
18133 1303814.5964957362
18143 1303918.2487725313
18164 1303927.3690001294
18187 1304125.3087563203
18202 1304176.3661635662
18216 1304580.6683950634
18218 1304761.1256371269
18227 1304817.0097015107
18238 1304840.1566552937
18255 1304860.9681876251
18263 1304966.3867110419
18281 1305432.3076932479
18282 1305527.3067660462
18317 1305857.3545393897
18330 1306017.4175779084
18344 1306208.3885401844
18367 1306587.4641051462
18395 1306633.4254677184
18402 1306643.0497785546
18406 1307112.3258116313
18415 1307116.1179118026
18443 1307142.2912564185
18465 1307148.4918674121
18487 1307729.4961265184
18514 1307742.4609686949
18547 1307848.7189824979
18550 1308001.9356892724
18556 1308023.1700966049
18581 1308036.1344117138
18586 1308141.6216066009
18632 1308239.1405139032
18638 1308414.0466552495
18647 1308511.5426043556
18676 1308619.2354217754
18684 1308928.5448019479
18738 1309200.9152702002
18777 1309325.0965777528
18790 1309578.4622419365
18815 1309621.2165856245
18817 1309707.4791641554
18824 1309727.0864602928
18847 1309757.5864429842
18860 1309872.6171560872
18865 1310021.2162771379
18898 1310519.6921268543
18903 1310636.6577978523
18924 1310645.9192680698
18941 1310762.8676248812
18991 1310802.0297494431
19020 1311483.5652608697
19032 1311580.8485426432
19047 1311609.7438851029
19077 1311651.0213445397
19083 1311789.5691567254
19137 1312165.1730707241
19159 1312190.1813821739
19196 1312559.0041245425
19204 1312597.6301011520
19230 1312624.9413128654
19241 1312701.1783044417
19280 1313345.0919372661
19301 1313434.4796278323
19321 1313539.4609964585
19343 1313661.1951380298
19360 1313891.7109921784
19417 1314052.7439083392
19436 1314226.3381858345
19471 1314389.4819273809
19528 1314689.7816955587
19573 1314803.8821296701
19582 1314826.9437728594
19608 1315209.6089824974
19639 1315480.7116762423
19687 1315771.1370957093
19718 1315774.6277823625
19772 1315780.8259009728
19803 1315782.6445655243
19807 1315909.6673642504
19877 1316039.2803758620
19928 1316116.1865686418
19955 1316130.4004439123
19982 1316207.2300465589
19984 1316623.2226748264
19993 1316633.7271041868
20037 1317276.8377132707
20062 1317394.1083283778
20091 1317513.0902558449
20111 1317614.5319248794
20138 1317968.0040457863
20186 1318166.9072987132
20203 1318684.7073914956
20233 1318709.8360036465
20242 1318807.8983095256
20248 1318936.9869450307
20257 1319007.7729031718
20259 1319112.8929372716
20263 1319498.7944347858
20285 1319953.6397535738
20326 1320010.3537763951
20367 1320244.8133229380
20456 1320340.2813168762
20479 1320341.9915203601
20482 1320574.7349742472
20495 1320671.8939390511
20553 1320695.0376157688
20563 1320762.2842071594
20565 1320845.7322750229
20608 1321063.2382116446
20710 1321101.3200530172
20735 1321550.6568878796
20746 1321573.6704358340
20804 1321961.2004412233
20847 1321974.8216392591
20852 1322293.2542532815
20866 1322635.6114328478
20884 1322642.0090975058
20909 1323117.3579956675
20947 1323278.0824054524
20952 1323316.3024332940
21038 1323558.5232819775
21092 1324082.5080667450
21120 1324324.7247128119
21179 1324394.0580697057
21183 1324644.1105919364
21201 1324672.4275490947
21224 1324883.1797126615
21226 1324911.4765476293
21269 1324969.6071334272
21333 1325050.7576174538
21407 1325229.1384218535
21443 1325236.2130450131
21448 1325308.0928091086
21467 1325448.8911886637
21488 1325884.0395968119
21542 1325957.5752659212
21553 1326043.5554045832
21561 1326302.9738645244
21609 1326550.5184989600
21640 1326730.8980762307
21644 1326957.6328878598
21703 1326990.8902367924
21729 1327024.4808401417
21751 1327144.6466231050
21782 1327211.4908576731
21905 1327370.3995872941
21985 1327495.7390221443
22020 1327645.2055990072
22037 1327956.3259946958
22127 1328039.1542412285
22146 1328083.6727560495
22153 1328206.0420350812
22181 1328427.5687174969
22182 1328434.7832922826
22252 1328537.8684505376
22312 1328595.9866233487
22329 1328775.8072619315
22343 1328991.2210195262
22423 1329101.4830283148
22457 1329249.9100169819
22462 1329372.0065716472
22480 1329374.5933800312
22486 1329446.4243987787
22493 1329484.8508823398
22547 1329602.5887062023
22551 1329643.5804735068
22576 1329812.9267060091
22585 1329875.0090138305
22610 1329948.8698840518
22621 1330053.5048184867
22639 1330130.5688157442
22643 1330204.0577459992
22648 1330221.5607237052
22669 1330767.8439944508
22729 1331033.6252966290
22760 1331045.2827373205
22782 1331244.6211897286
22801 1331663.2780546925
22822 1331912.3901716415
22834 1331943.5686397459
22844 1332054.6640144482
22859 1332389.5490554334
22889 1332467.7184501295
22917 1333071.0482980439
22942 1333197.8575331932
22945 1333400.8544801376
22995 1333537.8606726602
23002 1333540.5934885938
23020 1333752.1479360277
23027 1334104.3703671210
23046 1334352.6144220261
23067 1334359.0647673942
23082 1334570.4853027756
23110 1334573.3529213362
23126 1334932.0728519540
23227 1335355.9055486938
23268 1335487.5550104263
23307 1335657.3173883373
23337 1335788.9659264011
23370 1335820.7764681717
23388 1335831.7365719990
23419 1335989.5651935784
23497 1336037.5358631101
23502 1336148.4344491553
23549 1336196.4049593799
23564 1336257.9712223744
23610 1336416.8406760704
23741 1336865.6500521768
23768 1336982.4743808522
23849 1337070.3772119426
23867 1337102.5334855430
24062 1337158.2653709133
24165 1337356.0503783359
24294 1337356.2341866561
24309 1337361.0548437042
24398 1337490.1597472769
24414 1337492.5039400584
24580 1337493.1183586600
24598 1337649.1057132767
24655 1337692.2469460682
24707 1337980.8790679716
24728 1338007.8515240804
24835 1338058.6737742671
24871 1338249.0893253458
24905 1338456.7667870100
25004 1338579.0818552508
25023 1338892.4165436183
25086 1339048.4033924290
25181 1339382.8032379150
25253 1339442.2072169837
25256 1339470.7277498341
25292 1339487.7023413498
25301 1339578.1312472250
25329 1339691.9157397333
25425 1339702.4742866606
25541 1339848.6341013694
25593 1339851.2628115604
25679 1340061.5978036909
25722 1340645.8483396594
25846 1341045.6265488307
25958 1341078.7407694457
26270 1341093.3157027413
26347 1341096.0325772355
26361 1341353.6149930786
26366 1341391.9560758611
26430 1341515.7409552140
26502 1341554.9209617469
26511 1341655.0001609223
27124 1341811.4445319697
27203 1342015.7965866372
27228 1342023.1779820714
27307 1342042.4844759461
27384 1342244.7745208482
27401 1342432.5618244142
27531 1342575.5265073308
27744 1342761.9809596513
28870 1342842.6104932933
29054 1342868.2427878778
29145 1343019.5290579281
29438 1343105.8080472124
29511 1343129.8596324525
29544 1343139.9317462661
29546 1343364.1731640245
29577 1343454.9663579131
29601 1343713.3300352849
29616 1343967.2554098377
29673 1344046.4130192376
29689 1344055.2579815583
29961 1344149.1837757055
30097 1344149.4739910497
30222 1344311.7336548897
30290 1344313.5324751886
30310 1344383.8045583889
30323 1344548.6353375546
30465 1344550.2287689333
30470 1344912.4705173299
30506 1345027.8095371511
30618 1345345.2342007817
30805 1345566.6080570105
31779 1345569.1839605959
31909 1345595.1946530356
32053 1345602.3018573839
32113 1345707.9270874225
32158 1345920.4577965206
32232 1346367.5584296805
32379 1346482.6429196664
33159 1346499.1372908219
33238 1346609.6272417088
33267 1346754.7296545673
33403 1346914.2091648798
33478 1346917.8966104565
33499 1347014.4724977363
33602 1347204.8624265529
34676 1347207.9374457246
34740 1347211.9369013018
34744 1347585.0079386262
34964 1347795.5261072528
35258 1347805.6639865285
35290 1347905.9072146437
35308 1348004.9736207540
35681 1348213.2876348002
35733 1348340.1986715288
35938 1349033.8768085926
36001 1349080.6559425388
36038 1349254.8314576056
36058 1349315.5281103039
36660 1349387.2767226435
36760 1349834.2621530755
38187 1350001.4428786894
38249 1350013.2989090129
38267 1350042.7195478103
38481 1350373.7554157912
38547 1350469.2942891887
39001 1350520.6641785046
39096 1350612.4795548334
39343 1350724.4470804224
39461 1350919.5492862437
39570 1350958.3823302134
40569 1350962.6051078346
40662 1351021.1584719950
40727 1351054.9954914458
40807 1351113.5386057827
42149 1351126.8218886452
42361 1351347.7329815733
42388 1351391.6971415672
42435 1351403.4873827037
42464 1351612.6074904895
42465 1351624.3963560616
42500 1351889.2695896439
43408 1352112.5665153423
43797 1352132.1256631375
43841 1352158.4418914327
43894 1352178.2731192159
43909 1352262.6663761002
44258 1352292.7918962119
44504 1352402.7889152342
45092 1352523.5989941761
45674 1353041.0865397842
45733 1353141.8711228203
45763 1353191.0092790197
46466 1353242.5045764036
46590 1353243.6901201478
47030 1353379.1580162793
47127 1353404.3698275595
47152 1353409.5525785116
47247 1353438.5930757469
47317 1353449.5957487870
48236 1353606.0288985141
49062 1353714.9018080640
49123 1353794.2220295984
49201 1353905.7271597756
50905 1354087.8018673125
54738 1354203.2278529538
55730 1354257.2336792010
55764 1354408.9593152530
55823 1354460.7595541629
55845 1354773.9718938142
55876 1354922.9967922340
55961 1354925.6977387946
55991 1354929.1204787644
56059 1354953.7120224184
56074 1355067.6704039527
56107 1355075.7004973118
57254 1355156.0532489473
57400 1355202.7880320228
57446 1355292.7966206912
59929 1355340.6642101798
60756 1355573.9837681574
62027 1355718.7553181185
62177 1355807.3472909776
64422 1356024.3563102034
64593 1356058.5833512975
64603 1356128.2581614868
64715 1356248.4491455120
65740 1356278.8917760972
65755 1356337.6067223954
66894 1356342.0838299508
67074 1356678.0838939475
68830 1356766.8069087323
69147 1356822.7136270893
72658 1356938.3682996894
72860 1356960.2156675491
75605 1357053.2314750389
77117 1357159.3560912402
77189 1357232.0851753112
77190 1357546.4654596641
77258 1357565.0731612828
77469 1357565.5069828308
77494 1357687.4963151240
79736 1357692.8983540011
79762 1357946.5894891189
79838 1357951.9893459820
81571 1358108.9983963221
81669 1358137.7199134196
81753 1358146.4235722402
81844 1358150.9535129338
81933 1358288.1910271829
82035 1358699.4378477097
84498 1358988.6629593961
84592 1359076.0007296088
85225 1359199.4009241578
86563 1359322.3325519648
86942 1359451.4577826944
87360 1359517.5037050683
89560 1359544.5376333415
100000 1358869.0355325642
