evaluations raw_y
1 -190.0000000000
39 -189.0000000000
45 -183.0000000000
78 -181.0000000000
83 -179.0000000000
108 -177.0000000000
124 -175.0000000000
131 -174.0000000000
138 -168.0000000000
166 -166.0000000000
185 -165.0000000000
200 -163.0000000000
202 -160.0000000000
217 -152.0000000000
242 -151.0000000000
274 -149.0000000000
283 -146.0000000000
321 -145.0000000000
337 -144.0000000000
362 -141.0000000000
388 -140.0000000000
407 -138.0000000000
444 -137.0000000000
447 -136.0000000000
475 -134.0000000000
493 -132.0000000000
523 -129.0000000000
571 -128.0000000000
591 -127.0000000000
623 -125.0000000000
680 -124.0000000000
690 -122.0000000000
727 -121.0000000000
735 -119.0000000000
766 -118.0000000000
786 -115.0000000000
828 -114.0000000000
830 -113.0000000000
854 -112.0000000000
883 -110.0000000000
906 -107.0000000000
948 -106.0000000000
960 -105.0000000000
969 -104.0000000000
984 -103.0000000000
1006 -102.0000000000
1007 -100.0000000000
1025 -98.0000000000
1071 -96.0000000000
1083 -94.0000000000
1125 -93.0000000000
1143 -92.0000000000
1163 -90.0000000000
1182 -88.0000000000
1203 -87.0000000000
1222 -86.0000000000
1241 -85.0000000000
1247 -83.0000000000
1276 -81.0000000000
1292 -78.0000000000
1306 -77.0000000000
1311 -76.0000000000
1360 -75.0000000000
1381 -74.0000000000
1422 -73.0000000000
1441 -72.0000000000
1443 -71.0000000000
1460 -70.0000000000
1481 -69.0000000000
1502 -68.0000000000
1522 -66.0000000000
1544 -65.0000000000
1616 -64.0000000000
1663 -63.0000000000
1704 -62.0000000000
1728 -61.0000000000
1777 -60.0000000000
1781 -59.0000000000
1812 -57.0000000000
1852 -56.0000000000
1892 -55.0000000000
1903 -54.0000000000
1904 -53.0000000000
1938 -52.0000000000
1963 -51.0000000000
2015 -50.0000000000
2020 -49.0000000000
2043 -48.0000000000
2118 -47.0000000000
2123 -46.0000000000
2173 -45.0000000000
2200 -44.0000000000
2213 -43.0000000000
2259 -42.0000000000
2266 -40.0000000000
2322 -39.0000000000
2341 -38.0000000000
2362 -37.0000000000
2378 -36.0000000000
2422 -35.0000000000
2472 -33.0000000000
2481 -32.0000000000
2522 -31.0000000000
2530 -30.0000000000
2585 -29.0000000000
2603 -28.0000000000
2630 -25.0000000000
2664 -23.0000000000
2734 -22.0000000000
2762 -21.0000000000
2797 -20.0000000000
2847 -19.0000000000
2907 -18.0000000000
2955 -17.0000000000
2981 -16.0000000000
3036 -15.0000000000
3073 -14.0000000000
3160 -12.0000000000
3247 -11.0000000000
3276 -10.0000000000
3301 -9.0000000000
3366 -8.0000000000
3465 -7.0000000000
3559 -6.0000000000
3587 -5.0000000000
3637 -4.0000000000
3682 -3.0000000000
3790 -2.0000000000
3842 -1.0000000000
3914 389.0000000000
4048 394.0000000000
4109 397.0000000000
4228 400.0000000000
4442 401.0000000000
4761 402.0000000000
5193 405.0000000000
5240 408.0000000000
9020 409.0000000000
9087 410.0000000000
9932 413.0000000000
12957 416.0000000000
13147 417.0000000000
13191 421.0000000000
13966 422.0000000000
14292 426.0000000000
44523 427.0000000000
44973 429.0000000000
74472 433.0000000000
96984 434.0000000000
100000 434.0000000000
evaluations raw_y
1 -199.0000000000
17 -197.0000000000
21 -193.0000000000
29 -188.0000000000
35 -187.0000000000
41 -181.0000000000
65 -179.0000000000
83 -175.0000000000
90 -168.0000000000
122 -166.0000000000
144 -165.0000000000
164 -160.0000000000
187 -156.0000000000
224 -152.0000000000
238 -151.0000000000
261 -149.0000000000
279 -147.0000000000
285 -145.0000000000
307 -143.0000000000
333 -142.0000000000
347 -141.0000000000
363 -139.0000000000
388 -134.0000000000
414 -133.0000000000
426 -132.0000000000
450 -131.0000000000
466 -130.0000000000
484 -129.0000000000
508 -128.0000000000
531 -127.0000000000
544 -126.0000000000
562 -124.0000000000
567 -122.0000000000
581 -121.0000000000
623 -119.0000000000
644 -117.0000000000
681 -116.0000000000
701 -115.0000000000
719 -111.0000000000
741 -109.0000000000
747 -108.0000000000
769 -107.0000000000
782 -106.0000000000
802 -104.0000000000
833 -103.0000000000
845 -102.0000000000
883 -101.0000000000
906 -99.0000000000
929 -98.0000000000
931 -97.0000000000
943 -96.0000000000
963 -95.0000000000
1003 -94.0000000000
1006 -93.0000000000
1011 -92.0000000000
1048 -91.0000000000
1062 -90.0000000000
1071 -89.0000000000
1115 -88.0000000000
1122 -87.0000000000
1142 -86.0000000000
1164 -85.0000000000
1166 -84.0000000000
1204 -83.0000000000
1219 -81.0000000000
1252 -80.0000000000
1270 -79.0000000000
1298 -78.0000000000
1315 -77.0000000000
1328 -76.0000000000
1344 -75.0000000000
1349 -74.0000000000
1373 -73.0000000000
1391 -72.0000000000
1431 -70.0000000000
1447 -69.0000000000
1478 -68.0000000000
1522 -67.0000000000
1531 -66.0000000000
1541 -65.0000000000
1568 -64.0000000000
1647 -63.0000000000
1673 -62.0000000000
1699 -61.0000000000
1717 -60.0000000000
1726 -59.0000000000
1762 -58.0000000000
1811 -57.0000000000
1855 -55.0000000000
1890 -54.0000000000
1911 -53.0000000000
1922 -52.0000000000
1931 -51.0000000000
1981 -50.0000000000
2004 -49.0000000000
2042 -48.0000000000
2073 -46.0000000000
2122 -45.0000000000
2135 -44.0000000000
2170 -43.0000000000
2178 -42.0000000000
2225 -40.0000000000
2263 -38.0000000000
2323 -37.0000000000
2353 -36.0000000000
2370 -34.0000000000
2391 -32.0000000000
2441 -31.0000000000
2450 -30.0000000000
2488 -28.0000000000
2546 -27.0000000000
2590 -26.0000000000
2627 -25.0000000000
2669 -24.0000000000
2684 -23.0000000000
2709 -22.0000000000
2770 -21.0000000000
2840 -20.0000000000
2911 -19.0000000000
2940 -18.0000000000
2983 -16.0000000000
3066 -15.0000000000
3134 -14.0000000000
3168 -13.0000000000
3244 -12.0000000000
3247 -11.0000000000
3311 -10.0000000000
3343 -9.0000000000
3363 -8.0000000000
3442 -7.0000000000
3489 -6.0000000000
3547 -5.0000000000
3669 -4.0000000000
3719 -3.0000000000
3838 -2.0000000000
3927 -1.0000000000
3983 378.0000000000
4032 386.0000000000
4717 392.0000000000
4796 394.0000000000
4935 398.0000000000
5381 399.0000000000
5974 404.0000000000
6018 405.0000000000
6588 406.0000000000
7193 407.0000000000
7223 418.0000000000
7851 419.0000000000
7896 421.0000000000
7905 423.0000000000
9854 424.0000000000
12870 426.0000000000
12891 429.0000000000
16854 431.0000000000
43139 432.0000000000
46804 433.0000000000
49174 435.0000000000
61382 436.0000000000
64990 438.0000000000
70865 440.0000000000
100000 -1.0000000000
evaluations raw_y
1 -227.0000000000
2 -209.0000000000
12 -204.0000000000
14 -201.0000000000
17 -193.0000000000
39 -190.0000000000
48 -189.0000000000
51 -179.0000000000
106 -177.0000000000
107 -174.0000000000
134 -173.0000000000
147 -172.0000000000
155 -171.0000000000
168 -170.0000000000
177 -169.0000000000
185 -165.0000000000
215 -162.0000000000
236 -159.0000000000
250 -158.0000000000
276 -155.0000000000
284 -152.0000000000
307 -149.0000000000
389 -148.0000000000
393 -145.0000000000
415 -144.0000000000
445 -143.0000000000
460 -140.0000000000
504 -138.0000000000
511 -137.0000000000
551 -136.0000000000
559 -134.0000000000
602 -133.0000000000
610 -130.0000000000
645 -128.0000000000
672 -127.0000000000
683 -126.0000000000
701 -125.0000000000
723 -124.0000000000
724 -123.0000000000
745 -122.0000000000
753 -121.0000000000
764 -120.0000000000
773 -119.0000000000
792 -117.0000000000
831 -116.0000000000
843 -115.0000000000
847 -112.0000000000
875 -111.0000000000
881 -110.0000000000
907 -109.0000000000
927 -108.0000000000
957 -106.0000000000
980 -104.0000000000
987 -103.0000000000
1013 -102.0000000000
1021 -101.0000000000
1041 -100.0000000000
1053 -99.0000000000
1067 -97.0000000000
1080 -95.0000000000
1100 -94.0000000000
1105 -93.0000000000
1118 -92.0000000000
1123 -91.0000000000
1145 -90.0000000000
1167 -87.0000000000
1192 -86.0000000000
1223 -84.0000000000
1247 -83.0000000000
1261 -82.0000000000
1288 -81.0000000000
1302 -80.0000000000
1328 -79.0000000000
1353 -77.0000000000
1404 -76.0000000000
1429 -75.0000000000
1438 -73.0000000000
1473 -72.0000000000
1508 -71.0000000000
1560 -70.0000000000
1585 -68.0000000000
1651 -67.0000000000
1654 -64.0000000000
1704 -63.0000000000
1738 -62.0000000000
1741 -61.0000000000
1767 -60.0000000000
1798 -58.0000000000
1815 -57.0000000000
1852 -54.0000000000
1893 -53.0000000000
1970 -52.0000000000
1988 -51.0000000000
2016 -49.0000000000
2026 -48.0000000000
2092 -46.0000000000
2111 -45.0000000000
2156 -44.0000000000
2159 -42.0000000000
2207 -41.0000000000
2274 -40.0000000000
2286 -39.0000000000
2323 -38.0000000000
2361 -36.0000000000
2412 -35.0000000000
2419 -34.0000000000
2457 -33.0000000000
2482 -31.0000000000
2526 -30.0000000000
2616 -29.0000000000
2659 -28.0000000000
2704 -27.0000000000
2726 -25.0000000000
2766 -24.0000000000
2782 -22.0000000000
2870 -21.0000000000
2922 -20.0000000000
2963 -19.0000000000
3007 -18.0000000000
3090 -17.0000000000
3122 -16.0000000000
3140 -15.0000000000
3174 -14.0000000000
3197 -12.0000000000
3203 -11.0000000000
3284 -10.0000000000
3310 -9.0000000000
3391 -8.0000000000
3450 -7.0000000000
3556 -6.0000000000
3669 -5.0000000000
3705 -4.0000000000
3773 -3.0000000000
3840 -2.0000000000
3887 -1.0000000000
4006 390.0000000000
4022 398.0000000000
4054 405.0000000000
4102 407.0000000000
5399 408.0000000000
5532 410.0000000000
7427 413.0000000000
7534 416.0000000000
8747 417.0000000000
17764 418.0000000000
18257 419.0000000000
22422 420.0000000000
25933 425.0000000000
27877 427.0000000000
33323 428.0000000000
71379 429.0000000000
100000 429.0000000000
evaluations raw_y
1 -216.0000000000
3 -211.0000000000
5 -204.0000000000
19 -197.0000000000
49 -191.0000000000
61 -186.0000000000
67 -182.0000000000
86 -178.0000000000
91 -177.0000000000
110 -176.0000000000
124 -174.0000000000
134 -171.0000000000
135 -168.0000000000
144 -161.0000000000
174 -152.0000000000
185 -151.0000000000
215 -148.0000000000
221 -142.0000000000
243 -139.0000000000
263 -138.0000000000
279 -134.0000000000
313 -133.0000000000
327 -131.0000000000
340 -130.0000000000
350 -129.0000000000
362 -128.0000000000
364 -127.0000000000
379 -126.0000000000
383 -125.0000000000
402 -124.0000000000
429 -122.0000000000
439 -119.0000000000
464 -118.0000000000
490 -117.0000000000
503 -116.0000000000
522 -115.0000000000
569 -113.0000000000
572 -111.0000000000
626 -109.0000000000
645 -108.0000000000
660 -107.0000000000
674 -105.0000000000
681 -103.0000000000
712 -102.0000000000
724 -98.0000000000
769 -97.0000000000
782 -96.0000000000
801 -95.0000000000
832 -94.0000000000
862 -93.0000000000
863 -89.0000000000
883 -88.0000000000
921 -86.0000000000
991 -84.0000000000
1023 -83.0000000000
1041 -80.0000000000
1088 -79.0000000000
1090 -78.0000000000
1094 -77.0000000000
1122 -75.0000000000
1149 -74.0000000000
1212 -73.0000000000
1221 -72.0000000000
1282 -71.0000000000
1296 -70.0000000000
1337 -69.0000000000
1356 -68.0000000000
1376 -67.0000000000
1388 -66.0000000000
1417 -65.0000000000
1452 -64.0000000000
1483 -63.0000000000
1500 -62.0000000000
1526 -61.0000000000
1556 -60.0000000000
1567 -59.0000000000
1613 -58.0000000000
1671 -57.0000000000
1673 -56.0000000000
1687 -55.0000000000
1729 -54.0000000000
1756 -52.0000000000
1798 -51.0000000000
1825 -50.0000000000
1852 -48.0000000000
1924 -47.0000000000
1951 -46.0000000000
1966 -45.0000000000
1990 -44.0000000000
2025 -42.0000000000
2047 -41.0000000000
2058 -40.0000000000
2087 -39.0000000000
2132 -38.0000000000
2183 -36.0000000000
2270 -35.0000000000
2283 -34.0000000000
2291 -33.0000000000
2327 -32.0000000000
2409 -31.0000000000
2473 -30.0000000000
2503 -29.0000000000
2528 -28.0000000000
2590 -27.0000000000
2632 -26.0000000000
2705 -25.0000000000
2772 -24.0000000000
2787 -23.0000000000
2830 -22.0000000000
2843 -21.0000000000
2886 -20.0000000000
2924 -19.0000000000
2981 -18.0000000000
3050 -17.0000000000
3106 -16.0000000000
3161 -15.0000000000
3227 -14.0000000000
3338 -13.0000000000
3413 -12.0000000000
3521 -11.0000000000
3602 -10.0000000000
3693 -9.0000000000
3786 -8.0000000000
3876 -7.0000000000
3919 -6.0000000000
3937 -5.0000000000
3968 -4.0000000000
4009 -3.0000000000
4073 -2.0000000000
4160 -1.0000000000
4226 393.0000000000
4292 395.0000000000
4314 404.0000000000
4710 408.0000000000
4896 412.0000000000
4989 415.0000000000
5025 416.0000000000
5082 417.0000000000
5084 422.0000000000
8421 423.0000000000
8733 430.0000000000
9305 431.0000000000
10037 432.0000000000
34257 434.0000000000
38275 435.0000000000
41449 436.0000000000
53838 437.0000000000
100000 437.0000000000
evaluations raw_y
1 -217.0000000000
2 -202.0000000000
8 -193.0000000000
46 -192.0000000000
51 -181.0000000000
64 -180.0000000000
87 -176.0000000000
115 -174.0000000000
119 -172.0000000000
132 -168.0000000000
141 -167.0000000000
160 -166.0000000000
173 -165.0000000000
184 -162.0000000000
207 -159.0000000000
254 -158.0000000000
261 -157.0000000000
281 -155.0000000000
283 -154.0000000000
305 -153.0000000000
313 -151.0000000000
325 -150.0000000000
327 -149.0000000000
342 -147.0000000000
388 -146.0000000000
409 -144.0000000000
426 -143.0000000000
442 -142.0000000000
443 -139.0000000000
462 -138.0000000000
491 -137.0000000000
520 -136.0000000000
521 -135.0000000000
562 -134.0000000000
581 -133.0000000000
596 -132.0000000000
605 -130.0000000000
646 -128.0000000000
667 -126.0000000000
700 -125.0000000000
709 -124.0000000000
743 -122.0000000000
783 -121.0000000000
802 -120.0000000000
835 -119.0000000000
836 -118.0000000000
842 -117.0000000000
851 -116.0000000000
869 -115.0000000000
883 -114.0000000000
911 -113.0000000000
912 -111.0000000000
923 -108.0000000000
979 -107.0000000000
983 -106.0000000000
1010 -105.0000000000
1031 -104.0000000000
1055 -102.0000000000
1089 -101.0000000000
1098 -100.0000000000
1107 -98.0000000000
1122 -97.0000000000
1184 -96.0000000000
1193 -94.0000000000
1221 -93.0000000000
1262 -92.0000000000
1282 -91.0000000000
1296 -90.0000000000
1309 -89.0000000000
1359 -88.0000000000
1366 -86.0000000000
1401 -84.0000000000
1436 -83.0000000000
1451 -82.0000000000
1487 -81.0000000000
1500 -80.0000000000
1538 -79.0000000000
1543 -78.0000000000
1582 -77.0000000000
1628 -76.0000000000
1658 -75.0000000000
1678 -74.0000000000
1683 -73.0000000000
1698 -72.0000000000
1737 -71.0000000000
1740 -70.0000000000
1758 -69.0000000000
1767 -68.0000000000
1793 -67.0000000000
1810 -66.0000000000
1845 -65.0000000000
1860 -63.0000000000
1880 -62.0000000000
1914 -61.0000000000
1944 -59.0000000000
1991 -58.0000000000
1994 -57.0000000000
2012 -55.0000000000
2046 -53.0000000000
2062 -52.0000000000
2123 -51.0000000000
2141 -49.0000000000
2182 -47.0000000000
2236 -46.0000000000
2271 -45.0000000000
2306 -44.0000000000
2325 -42.0000000000
2373 -40.0000000000
2407 -38.0000000000
2467 -37.0000000000
2513 -35.0000000000
2558 -34.0000000000
2600 -33.0000000000
2627 -31.0000000000
2670 -30.0000000000
2711 -29.0000000000
2723 -28.0000000000
2742 -27.0000000000
2803 -26.0000000000
2883 -25.0000000000
2901 -24.0000000000
2964 -23.0000000000
3019 -22.0000000000
3021 -21.0000000000
3032 -20.0000000000
3100 -19.0000000000
3123 -18.0000000000
3128 -17.0000000000
3181 -16.0000000000
3256 -15.0000000000
3323 -14.0000000000
3353 -13.0000000000
3402 -12.0000000000
3446 -11.0000000000
3471 -10.0000000000
3529 -9.0000000000
3548 -8.0000000000
3663 -7.0000000000
3701 -6.0000000000
3805 -5.0000000000
4067 -4.0000000000
4127 -3.0000000000
4271 -2.0000000000
4505 -1.0000000000
4604 390.0000000000
4699 395.0000000000
4736 400.0000000000
4859 404.0000000000
4890 405.0000000000
4922 408.0000000000
5988 415.0000000000
6041 416.0000000000
6102 417.0000000000
6355 420.0000000000
6839 423.0000000000
6872 425.0000000000
11520 426.0000000000
15051 427.0000000000
19722 428.0000000000
21065 429.0000000000
31508 430.0000000000
59019 432.0000000000
73803 433.0000000000
92987 434.0000000000
93798 435.0000000000
100000 -1.0000000000
evaluations raw_y
1 -213.0000000000
2 -208.0000000000
6 -207.0000000000
7 -198.0000000000
20 -197.0000000000
27 -196.0000000000
41 -192.0000000000
58 -191.0000000000
76 -188.0000000000
94 -181.0000000000
100 -177.0000000000
106 -176.0000000000
123 -175.0000000000
124 -174.0000000000
130 -172.0000000000
162 -167.0000000000
175 -165.0000000000
178 -160.0000000000
185 -159.0000000000
207 -158.0000000000
237 -157.0000000000
244 -155.0000000000
269 -154.0000000000
275 -153.0000000000
288 -151.0000000000
321 -150.0000000000
339 -149.0000000000
350 -148.0000000000
354 -145.0000000000
366 -143.0000000000
381 -141.0000000000
438 -139.0000000000
466 -137.0000000000
482 -136.0000000000
484 -135.0000000000
536 -133.0000000000
554 -131.0000000000
567 -129.0000000000
584 -127.0000000000
622 -126.0000000000
639 -125.0000000000
663 -124.0000000000
690 -122.0000000000
720 -121.0000000000
733 -119.0000000000
759 -118.0000000000
774 -117.0000000000
794 -115.0000000000
835 -114.0000000000
840 -113.0000000000
864 -110.0000000000
939 -109.0000000000
943 -108.0000000000
953 -107.0000000000
960 -105.0000000000
962 -102.0000000000
1034 -101.0000000000
1041 -100.0000000000
1059 -99.0000000000
1079 -98.0000000000
1087 -97.0000000000
1122 -96.0000000000
1145 -94.0000000000
1170 -92.0000000000
1194 -90.0000000000
1216 -89.0000000000
1260 -88.0000000000
1276 -87.0000000000
1302 -86.0000000000
1325 -85.0000000000
1338 -84.0000000000
1343 -83.0000000000
1367 -82.0000000000
1382 -80.0000000000
1397 -79.0000000000
1424 -78.0000000000
1461 -77.0000000000
1483 -76.0000000000
1508 -75.0000000000
1536 -74.0000000000
1542 -73.0000000000
1555 -72.0000000000
1573 -71.0000000000
1583 -69.0000000000
1623 -67.0000000000
1651 -65.0000000000
1674 -63.0000000000
1703 -62.0000000000
1717 -61.0000000000
1736 -60.0000000000
1769 -59.0000000000
1802 -58.0000000000
1828 -57.0000000000
1864 -56.0000000000
1902 -55.0000000000
1950 -53.0000000000
1979 -52.0000000000
1986 -51.0000000000
2012 -49.0000000000
2048 -48.0000000000
2065 -47.0000000000
2109 -46.0000000000
2124 -45.0000000000
2199 -44.0000000000
2238 -43.0000000000
2269 -41.0000000000
2292 -40.0000000000
2356 -39.0000000000
2448 -38.0000000000
2503 -37.0000000000
2549 -36.0000000000
2591 -35.0000000000
2609 -34.0000000000
2651 -33.0000000000
2692 -32.0000000000
2714 -31.0000000000
2754 -30.0000000000
2772 -28.0000000000
2812 -27.0000000000
2892 -26.0000000000
2925 -25.0000000000
2932 -24.0000000000
2984 -23.0000000000
3032 -22.0000000000
3041 -21.0000000000
3079 -20.0000000000
3095 -19.0000000000
3163 -18.0000000000
3202 -16.0000000000
3305 -15.0000000000
3343 -13.0000000000
3381 -12.0000000000
3428 -11.0000000000
3453 -10.0000000000
3534 -9.0000000000
3552 -8.0000000000
3592 -7.0000000000
3639 -6.0000000000
3783 -5.0000000000
3878 -4.0000000000
3907 -3.0000000000
3963 -2.0000000000
4015 -1.0000000000
4107 350.0000000000
4216 362.0000000000
4274 370.0000000000
4308 377.0000000000
4347 386.0000000000
4473 391.0000000000
4499 397.0000000000
4506 400.0000000000
4895 406.0000000000
5072 408.0000000000
6029 409.0000000000
6135 416.0000000000
6379 422.0000000000
11252 423.0000000000
12099 425.0000000000
19138 426.0000000000
44772 427.0000000000
73078 428.0000000000
100000 -1.0000000000
evaluations raw_y
1 -219.0000000000
3 -213.0000000000
4 -206.0000000000
20 -200.0000000000
34 -196.0000000000
49 -194.0000000000
51 -192.0000000000
53 -185.0000000000
83 -183.0000000000
89 -181.0000000000
100 -180.0000000000
104 -179.0000000000
108 -172.0000000000
124 -162.0000000000
160 -161.0000000000
163 -158.0000000000
182 -157.0000000000
191 -150.0000000000
208 -147.0000000000
212 -146.0000000000
223 -145.0000000000
226 -143.0000000000
240 -142.0000000000
244 -141.0000000000
253 -136.0000000000
279 -135.0000000000
301 -132.0000000000
322 -131.0000000000
345 -129.0000000000
360 -127.0000000000
382 -126.0000000000
401 -122.0000000000
459 -120.0000000000
481 -119.0000000000
488 -117.0000000000
507 -116.0000000000
514 -115.0000000000
526 -114.0000000000
551 -113.0000000000
592 -112.0000000000
602 -111.0000000000
621 -110.0000000000
628 -109.0000000000
661 -107.0000000000
700 -106.0000000000
715 -105.0000000000
738 -104.0000000000
742 -102.0000000000
791 -100.0000000000
812 -99.0000000000
849 -98.0000000000
866 -97.0000000000
883 -96.0000000000
911 -95.0000000000
950 -94.0000000000
962 -93.0000000000
974 -91.0000000000
981 -90.0000000000
1031 -88.0000000000
1077 -87.0000000000
1097 -86.0000000000
1132 -85.0000000000
1149 -84.0000000000
1185 -83.0000000000
1210 -82.0000000000
1218 -80.0000000000
1227 -77.0000000000
1258 -76.0000000000
1284 -75.0000000000
1308 -73.0000000000
1341 -72.0000000000
1343 -71.0000000000
1364 -70.0000000000
1405 -69.0000000000
1431 -68.0000000000
1442 -67.0000000000
1449 -66.0000000000
1485 -64.0000000000
1521 -63.0000000000
1542 -61.0000000000
1596 -60.0000000000
1615 -58.0000000000
1626 -57.0000000000
1654 -56.0000000000
1671 -54.0000000000
1721 -53.0000000000
1752 -52.0000000000
1767 -50.0000000000
1823 -49.0000000000
1848 -48.0000000000
1870 -46.0000000000
1905 -45.0000000000
1929 -44.0000000000
1978 -42.0000000000
2041 -41.0000000000
2090 -40.0000000000
2133 -39.0000000000
2162 -38.0000000000
2184 -37.0000000000
2211 -36.0000000000
2257 -35.0000000000
2270 -34.0000000000
2310 -33.0000000000
2360 -32.0000000000
2367 -31.0000000000
2390 -30.0000000000
2462 -29.0000000000
2508 -28.0000000000
2532 -27.0000000000
2567 -26.0000000000
2584 -25.0000000000
2701 -24.0000000000
2736 -23.0000000000
2764 -22.0000000000
2796 -21.0000000000
2833 -20.0000000000
2850 -18.0000000000
2887 -17.0000000000
3010 -16.0000000000
3068 -15.0000000000
3092 -14.0000000000
3132 -13.0000000000
3235 -12.0000000000
3248 -11.0000000000
3282 -10.0000000000
3379 -9.0000000000
3469 -8.0000000000
3543 -7.0000000000
3594 -6.0000000000
3741 -5.0000000000
3841 -4.0000000000
3851 -3.0000000000
3910 -2.0000000000
3968 -1.0000000000
4041 371.0000000000
4053 374.0000000000
4248 379.0000000000
4270 392.0000000000
4772 402.0000000000
4907 405.0000000000
4981 411.0000000000
5916 413.0000000000
6164 415.0000000000
6210 417.0000000000
6219 418.0000000000
6309 419.0000000000
6318 421.0000000000
6350 422.0000000000
9628 423.0000000000
17392 426.0000000000
19229 427.0000000000
27157 430.0000000000
29301 431.0000000000
40027 432.0000000000
100000 -1.0000000000
evaluations raw_y
1 -218.0000000000
5 -212.0000000000
9 -204.0000000000
14 -203.0000000000
18 -202.0000000000
19 -200.0000000000
20 -196.0000000000
29 -193.0000000000
40 -183.0000000000
61 -178.0000000000
77 -176.0000000000
81 -164.0000000000
109 -162.0000000000
162 -161.0000000000
163 -160.0000000000
167 -157.0000000000
178 -153.0000000000
182 -152.0000000000
211 -146.0000000000
221 -143.0000000000
245 -142.0000000000
270 -139.0000000000
310 -138.0000000000
311 -137.0000000000
317 -136.0000000000
323 -135.0000000000
325 -133.0000000000
370 -132.0000000000
376 -131.0000000000
403 -129.0000000000
426 -128.0000000000
446 -126.0000000000
473 -124.0000000000
501 -123.0000000000
508 -118.0000000000
601 -117.0000000000
608 -116.0000000000
627 -115.0000000000
653 -114.0000000000
660 -113.0000000000
688 -112.0000000000
692 -111.0000000000
705 -110.0000000000
707 -108.0000000000
746 -104.0000000000
786 -103.0000000000
806 -102.0000000000
819 -101.0000000000
827 -100.0000000000
855 -99.0000000000
885 -98.0000000000
901 -96.0000000000
936 -95.0000000000
971 -93.0000000000
995 -91.0000000000
1040 -90.0000000000
1041 -88.0000000000
1104 -87.0000000000
1122 -85.0000000000
1142 -84.0000000000
1144 -83.0000000000
1167 -82.0000000000
1185 -81.0000000000
1207 -79.0000000000
1211 -78.0000000000
1224 -77.0000000000
1253 -76.0000000000
1305 -75.0000000000
1318 -74.0000000000
1341 -72.0000000000
1363 -70.0000000000
1390 -68.0000000000
1419 -66.0000000000
1482 -63.0000000000
1546 -61.0000000000
1602 -60.0000000000
1630 -59.0000000000
1647 -58.0000000000
1678 -57.0000000000
1684 -56.0000000000
1710 -55.0000000000
1714 -53.0000000000
1752 -52.0000000000
1785 -51.0000000000
1807 -50.0000000000
1826 -49.0000000000
1867 -48.0000000000
1909 -46.0000000000
1962 -44.0000000000
1983 -43.0000000000
1987 -40.0000000000
2067 -39.0000000000
2103 -38.0000000000
2153 -37.0000000000
2201 -35.0000000000
2312 -33.0000000000
2354 -32.0000000000
2410 -31.0000000000
2429 -29.0000000000
2475 -28.0000000000
2573 -27.0000000000
2608 -26.0000000000
2621 -23.0000000000
2679 -22.0000000000
2706 -21.0000000000
2747 -20.0000000000
2798 -19.0000000000
2878 -18.0000000000
2921 -17.0000000000
2947 -16.0000000000
2963 -14.0000000000
3049 -13.0000000000
3106 -12.0000000000
3187 -11.0000000000
3225 -10.0000000000
3279 -9.0000000000
3329 -8.0000000000
3354 -7.0000000000
3444 -6.0000000000
3467 -5.0000000000
3573 -4.0000000000
3583 -3.0000000000
3685 -2.0000000000
3788 -1.0000000000
4083 392.0000000000
4495 398.0000000000
5141 402.0000000000
5231 405.0000000000
5830 406.0000000000
6110 408.0000000000
6292 409.0000000000
6339 411.0000000000
6457 413.0000000000
6479 414.0000000000
6509 416.0000000000
6816 421.0000000000
8726 422.0000000000
9343 425.0000000000
10245 430.0000000000
61589 431.0000000000
100000 -2.0000000000
evaluations raw_y
1 -213.0000000000
4 -206.0000000000
22 -200.0000000000
25 -197.0000000000
44 -187.0000000000
62 -185.0000000000
67 -182.0000000000
84 -178.0000000000
87 -172.0000000000
119 -170.0000000000
139 -166.0000000000
143 -163.0000000000
161 -162.0000000000
167 -155.0000000000
218 -152.0000000000
244 -150.0000000000
264 -148.0000000000
291 -146.0000000000
309 -145.0000000000
323 -141.0000000000
342 -140.0000000000
347 -139.0000000000
374 -138.0000000000
387 -136.0000000000
394 -134.0000000000
425 -132.0000000000
453 -131.0000000000
461 -129.0000000000
481 -127.0000000000
506 -126.0000000000
529 -125.0000000000
558 -124.0000000000
567 -123.0000000000
588 -121.0000000000
605 -119.0000000000
647 -118.0000000000
678 -115.0000000000
681 -113.0000000000
705 -112.0000000000
757 -108.0000000000
804 -107.0000000000
839 -106.0000000000
855 -105.0000000000
869 -104.0000000000
901 -102.0000000000
923 -101.0000000000
942 -100.0000000000
959 -99.0000000000
961 -97.0000000000
984 -94.0000000000
1028 -92.0000000000
1049 -91.0000000000
1096 -89.0000000000
1108 -88.0000000000
1149 -87.0000000000
1165 -86.0000000000
1167 -85.0000000000
1177 -84.0000000000
1234 -83.0000000000
1249 -82.0000000000
1277 -81.0000000000
1288 -80.0000000000
1325 -79.0000000000
1362 -78.0000000000
1391 -77.0000000000
1397 -76.0000000000
1421 -75.0000000000
1448 -74.0000000000
1468 -73.0000000000
1478 -72.0000000000
1515 -70.0000000000
1552 -69.0000000000
1582 -68.0000000000
1608 -67.0000000000
1625 -65.0000000000
1678 -64.0000000000
1685 -63.0000000000
1727 -62.0000000000
1773 -61.0000000000
1805 -59.0000000000
1829 -58.0000000000
1846 -55.0000000000
1912 -53.0000000000
1969 -52.0000000000
1983 -51.0000000000
1984 -50.0000000000
2008 -48.0000000000
2078 -47.0000000000
2082 -46.0000000000
2123 -45.0000000000
2149 -44.0000000000
2173 -43.0000000000
2203 -42.0000000000
2259 -40.0000000000
2285 -39.0000000000
2356 -38.0000000000
2365 -37.0000000000
2403 -36.0000000000
2425 -35.0000000000
2432 -34.0000000000
2463 -33.0000000000
2491 -32.0000000000
2517 -31.0000000000
2550 -30.0000000000
2601 -29.0000000000
2643 -28.0000000000
2693 -27.0000000000
2745 -26.0000000000
2781 -25.0000000000
2847 -23.0000000000
2915 -22.0000000000
2927 -21.0000000000
3013 -20.0000000000
3029 -19.0000000000
3110 -18.0000000000
3165 -17.0000000000
3201 -16.0000000000
3244 -15.0000000000
3347 -14.0000000000
3431 -13.0000000000
3445 -12.0000000000
3536 -11.0000000000
3597 -10.0000000000
3648 -9.0000000000
3718 -8.0000000000
3787 -7.0000000000
3806 -6.0000000000
3958 -5.0000000000
3972 -4.0000000000
4147 -3.0000000000
4236 -2.0000000000
4321 -1.0000000000
4362 398.0000000000
4416 406.0000000000
4482 409.0000000000
4505 412.0000000000
4975 416.0000000000
5269 418.0000000000
6487 421.0000000000
10304 423.0000000000
14826 424.0000000000
14931 425.0000000000
16055 426.0000000000
30065 427.0000000000
41026 428.0000000000
53851 429.0000000000
57977 431.0000000000
75801 434.0000000000
100000 -1.0000000000
evaluations raw_y
1 -202.0000000000
6 -193.0000000000
24 -191.0000000000
26 -188.0000000000
59 -186.0000000000
65 -185.0000000000
66 -182.0000000000
83 -174.0000000000
92 -171.0000000000
103 -167.0000000000
124 -166.0000000000
127 -165.0000000000
133 -164.0000000000
144 -157.0000000000
163 -154.0000000000
165 -150.0000000000
192 -149.0000000000
196 -144.0000000000
222 -141.0000000000
246 -139.0000000000
262 -136.0000000000
289 -134.0000000000
303 -133.0000000000
304 -132.0000000000
344 -130.0000000000
364 -129.0000000000
367 -127.0000000000
382 -126.0000000000
418 -124.0000000000
427 -123.0000000000
435 -122.0000000000
442 -121.0000000000
467 -119.0000000000
503 -118.0000000000
529 -117.0000000000
558 -116.0000000000
573 -115.0000000000
586 -114.0000000000
613 -113.0000000000
625 -112.0000000000
674 -110.0000000000
696 -108.0000000000
716 -106.0000000000
725 -104.0000000000
752 -103.0000000000
776 -102.0000000000
805 -101.0000000000
828 -100.0000000000
857 -98.0000000000
861 -97.0000000000
882 -96.0000000000
906 -95.0000000000
939 -94.0000000000
966 -93.0000000000
979 -91.0000000000
989 -90.0000000000
1042 -89.0000000000
1067 -85.0000000000
1082 -83.0000000000
1126 -82.0000000000
1138 -81.0000000000
1167 -80.0000000000
1201 -79.0000000000
1226 -78.0000000000
1227 -76.0000000000
1267 -75.0000000000
1303 -74.0000000000
1327 -73.0000000000
1335 -71.0000000000
1355 -70.0000000000
1383 -69.0000000000
1422 -68.0000000000
1447 -66.0000000000
1469 -65.0000000000
1484 -64.0000000000
1521 -63.0000000000
1546 -62.0000000000
1562 -58.0000000000
1644 -57.0000000000
1672 -56.0000000000
1687 -55.0000000000
1703 -54.0000000000
1721 -53.0000000000
1758 -52.0000000000
1783 -51.0000000000
1798 -49.0000000000
1825 -48.0000000000
1874 -47.0000000000
1896 -46.0000000000
1953 -45.0000000000
1965 -44.0000000000
2007 -42.0000000000
2065 -41.0000000000
2108 -39.0000000000
2217 -38.0000000000
2222 -37.0000000000
2302 -35.0000000000
2331 -34.0000000000
2377 -33.0000000000
2452 -32.0000000000
2487 -31.0000000000
2537 -30.0000000000
2568 -29.0000000000
2588 -28.0000000000
2622 -27.0000000000
2669 -26.0000000000
2703 -25.0000000000
2710 -24.0000000000
2748 -23.0000000000
2799 -22.0000000000
2829 -21.0000000000
2881 -20.0000000000
2925 -19.0000000000
2981 -18.0000000000
3008 -17.0000000000
3085 -16.0000000000
3131 -15.0000000000
3231 -14.0000000000
3255 -13.0000000000
3281 -12.0000000000
3352 -11.0000000000
3402 -10.0000000000
3503 -9.0000000000
3561 -8.0000000000
3623 -7.0000000000
3701 -6.0000000000
3800 -5.0000000000
3893 -3.0000000000
3915 -2.0000000000
3948 -1.0000000000
4003 376.0000000000
4100 382.0000000000
4121 391.0000000000
4220 393.0000000000
4284 404.0000000000
4379 405.0000000000
5132 407.0000000000
5183 409.0000000000
5250 412.0000000000
7171 415.0000000000
7232 418.0000000000
8488 425.0000000000
35966 427.0000000000
46691 429.0000000000
64367 430.0000000000
100000 430.0000000000
evaluations raw_y
1 -218.0000000000
2 -214.0000000000
7 -208.0000000000
9 -200.0000000000
19 -197.0000000000
21 -187.0000000000
43 -178.0000000000
59 -176.0000000000
77 -173.0000000000
81 -171.0000000000
87 -168.0000000000
108 -166.0000000000
120 -160.0000000000
148 -158.0000000000
159 -155.0000000000
173 -154.0000000000
201 -153.0000000000
209 -149.0000000000
221 -148.0000000000
226 -146.0000000000
243 -145.0000000000
261 -144.0000000000
265 -142.0000000000
270 -141.0000000000
287 -140.0000000000
311 -139.0000000000
318 -137.0000000000
341 -136.0000000000
354 -132.0000000000
405 -131.0000000000
410 -128.0000000000
425 -127.0000000000
445 -126.0000000000
462 -125.0000000000
463 -124.0000000000
468 -123.0000000000
489 -122.0000000000
500 -121.0000000000
501 -120.0000000000
521 -119.0000000000
535 -117.0000000000
546 -115.0000000000
554 -114.0000000000
606 -113.0000000000
627 -112.0000000000
637 -111.0000000000
643 -110.0000000000
669 -109.0000000000
679 -108.0000000000
687 -107.0000000000
703 -106.0000000000
722 -105.0000000000
726 -103.0000000000
742 -102.0000000000
765 -101.0000000000
790 -100.0000000000
797 -99.0000000000
807 -98.0000000000
829 -97.0000000000
841 -96.0000000000
864 -95.0000000000
884 -94.0000000000
917 -92.0000000000
958 -91.0000000000
987 -90.0000000000
1001 -89.0000000000
1009 -87.0000000000
1044 -86.0000000000
1061 -85.0000000000
1073 -84.0000000000
1102 -83.0000000000
1124 -82.0000000000
1126 -81.0000000000
1133 -80.0000000000
1168 -78.0000000000
1240 -77.0000000000
1260 -76.0000000000
1271 -75.0000000000
1291 -73.0000000000
1363 -72.0000000000
1375 -71.0000000000
1410 -69.0000000000
1447 -67.0000000000
1478 -66.0000000000
1491 -65.0000000000
1528 -62.0000000000
1608 -61.0000000000
1672 -60.0000000000
1684 -59.0000000000
1713 -58.0000000000
1743 -57.0000000000
1754 -56.0000000000
1765 -55.0000000000
1796 -54.0000000000
1828 -53.0000000000
1837 -52.0000000000
1862 -50.0000000000
1884 -49.0000000000
1902 -48.0000000000
1930 -47.0000000000
1942 -45.0000000000
1972 -44.0000000000
2005 -43.0000000000
2040 -42.0000000000
2049 -41.0000000000
2074 -40.0000000000
2101 -39.0000000000
2168 -38.0000000000
2190 -37.0000000000
2211 -36.0000000000
2322 -34.0000000000
2387 -33.0000000000
2409 -32.0000000000
2434 -31.0000000000
2472 -30.0000000000
2475 -28.0000000000
2483 -27.0000000000
2556 -26.0000000000
2558 -25.0000000000
2659 -24.0000000000
2689 -23.0000000000
2751 -22.0000000000
2762 -21.0000000000
2864 -20.0000000000
2882 -19.0000000000
2928 -18.0000000000
2965 -17.0000000000
3029 -16.0000000000
3087 -15.0000000000
3151 -14.0000000000
3209 -13.0000000000
3264 -12.0000000000
3294 -11.0000000000
3377 -10.0000000000
3426 -9.0000000000
3483 -8.0000000000
3523 -7.0000000000
3553 -6.0000000000
3594 -5.0000000000
3658 -4.0000000000
3878 -3.0000000000
3941 -2.0000000000
4014 -1.0000000000
4043 381.0000000000
4093 387.0000000000
4128 394.0000000000
4248 398.0000000000
5380 404.0000000000
6560 408.0000000000
6662 412.0000000000
8444 416.0000000000
11142 417.0000000000
12761 419.0000000000
14031 420.0000000000
14126 425.0000000000
14644 430.0000000000
15288 436.0000000000
44117 437.0000000000
100000 -4.0000000000
evaluations raw_y
1 -228.0000000000
2 -205.0000000000
9 -204.0000000000
11 -200.0000000000
26 -198.0000000000
28 -192.0000000000
50 -188.0000000000
61 -183.0000000000
72 -177.0000000000
82 -176.0000000000
94 -175.0000000000
105 -169.0000000000
120 -168.0000000000
122 -166.0000000000
135 -165.0000000000
143 -164.0000000000
154 -162.0000000000
162 -161.0000000000
178 -159.0000000000
182 -157.0000000000
202 -154.0000000000
231 -151.0000000000
243 -148.0000000000
282 -146.0000000000
286 -145.0000000000
291 -144.0000000000
301 -143.0000000000
313 -141.0000000000
326 -138.0000000000
371 -135.0000000000
382 -134.0000000000
403 -132.0000000000
424 -130.0000000000
450 -129.0000000000
452 -128.0000000000
467 -126.0000000000
526 -125.0000000000
543 -124.0000000000
568 -123.0000000000
605 -122.0000000000
608 -121.0000000000
618 -119.0000000000
650 -116.0000000000
672 -115.0000000000
701 -114.0000000000
723 -113.0000000000
766 -112.0000000000
777 -110.0000000000
781 -109.0000000000
812 -107.0000000000
855 -103.0000000000
909 -101.0000000000
955 -100.0000000000
958 -98.0000000000
1002 -97.0000000000
1010 -95.0000000000
1029 -94.0000000000
1064 -93.0000000000
1075 -92.0000000000
1084 -91.0000000000
1134 -90.0000000000
1142 -89.0000000000
1161 -88.0000000000
1183 -86.0000000000
1195 -85.0000000000
1207 -83.0000000000
1241 -82.0000000000
1266 -80.0000000000
1289 -79.0000000000
1324 -78.0000000000
1337 -76.0000000000
1392 -75.0000000000
1396 -73.0000000000
1443 -71.0000000000
1484 -70.0000000000
1502 -67.0000000000
1604 -65.0000000000
1636 -64.0000000000
1648 -63.0000000000
1685 -61.0000000000
1694 -60.0000000000
1744 -58.0000000000
1781 -57.0000000000
1784 -56.0000000000
1832 -55.0000000000
1851 -53.0000000000
1882 -52.0000000000
1927 -51.0000000000
1951 -50.0000000000
1994 -49.0000000000
2009 -48.0000000000
2041 -47.0000000000
2064 -46.0000000000
2082 -45.0000000000
2113 -44.0000000000
2132 -43.0000000000
2170 -42.0000000000
2195 -41.0000000000
2211 -40.0000000000
2238 -39.0000000000
2263 -38.0000000000
2289 -37.0000000000
2322 -36.0000000000
2341 -35.0000000000
2391 -34.0000000000
2407 -33.0000000000
2426 -32.0000000000
2454 -30.0000000000
2510 -29.0000000000
2536 -27.0000000000
2580 -26.0000000000
2588 -25.0000000000
2674 -24.0000000000
2725 -23.0000000000
2780 -22.0000000000
2832 -21.0000000000
2862 -20.0000000000
2901 -19.0000000000
2935 -18.0000000000
2997 -17.0000000000
3025 -16.0000000000
3181 -15.0000000000
3237 -14.0000000000
3307 -13.0000000000
3326 -12.0000000000
3360 -11.0000000000
3464 -10.0000000000
3526 -9.0000000000
3564 -8.0000000000
3645 -7.0000000000
3687 -6.0000000000
3725 -5.0000000000
3873 -4.0000000000
3938 -3.0000000000
4021 -2.0000000000
4104 -1.0000000000
4179 340.0000000000
4188 345.0000000000
4202 348.0000000000
4207 349.0000000000
4225 368.0000000000
4275 369.0000000000
4319 382.0000000000
4658 389.0000000000
4833 391.0000000000
4842 395.0000000000
4843 398.0000000000
5054 406.0000000000
5143 411.0000000000
5436 417.0000000000
6954 420.0000000000
8053 426.0000000000
8907 428.0000000000
10304 429.0000000000
29209 433.0000000000
31112 434.0000000000
38319 435.0000000000
100000 -4.0000000000
evaluations raw_y
1 -203.0000000000
3 -201.0000000000
7 -198.0000000000
26 -191.0000000000
28 -188.0000000000
58 -181.0000000000
59 -175.0000000000
62 -174.0000000000
87 -173.0000000000
90 -172.0000000000
93 -169.0000000000
98 -168.0000000000
101 -165.0000000000
103 -163.0000000000
109 -159.0000000000
125 -155.0000000000
160 -154.0000000000
161 -147.0000000000
189 -145.0000000000
202 -143.0000000000
214 -140.0000000000
221 -137.0000000000
229 -135.0000000000
230 -133.0000000000
232 -132.0000000000
247 -128.0000000000
269 -127.0000000000
289 -126.0000000000
291 -125.0000000000
312 -120.0000000000
344 -119.0000000000
388 -118.0000000000
402 -115.0000000000
446 -114.0000000000
465 -113.0000000000
472 -112.0000000000
487 -111.0000000000
506 -109.0000000000
534 -107.0000000000
546 -106.0000000000
570 -104.0000000000
607 -103.0000000000
624 -102.0000000000
638 -101.0000000000
650 -100.0000000000
661 -98.0000000000
688 -97.0000000000
711 -95.0000000000
757 -94.0000000000
766 -92.0000000000
796 -91.0000000000
801 -90.0000000000
832 -89.0000000000
848 -88.0000000000
854 -87.0000000000
888 -86.0000000000
915 -85.0000000000
957 -83.0000000000
985 -82.0000000000
1025 -81.0000000000
1043 -80.0000000000
1065 -79.0000000000
1081 -78.0000000000
1087 -77.0000000000
1100 -76.0000000000
1124 -75.0000000000
1144 -74.0000000000
1147 -73.0000000000
1170 -72.0000000000
1186 -71.0000000000
1202 -70.0000000000
1242 -69.0000000000
1279 -68.0000000000
1301 -66.0000000000
1346 -65.0000000000
1368 -63.0000000000
1384 -61.0000000000
1427 -60.0000000000
1447 -59.0000000000
1467 -58.0000000000
1484 -56.0000000000
1513 -55.0000000000
1541 -53.0000000000
1574 -52.0000000000
1600 -51.0000000000
1620 -49.0000000000
1664 -48.0000000000
1694 -47.0000000000
1708 -46.0000000000
1717 -45.0000000000
1731 -44.0000000000
1764 -42.0000000000
1788 -41.0000000000
1834 -40.0000000000
1847 -39.0000000000
1883 -38.0000000000
1922 -37.0000000000
1941 -36.0000000000
1975 -35.0000000000
2012 -34.0000000000
2061 -33.0000000000
2069 -32.0000000000
2083 -30.0000000000
2140 -29.0000000000
2162 -28.0000000000
2207 -27.0000000000
2221 -26.0000000000
2240 -25.0000000000
2242 -24.0000000000
2305 -22.0000000000
2361 -21.0000000000
2400 -20.0000000000
2421 -19.0000000000
2484 -18.0000000000
2570 -17.0000000000
2672 -16.0000000000
2745 -15.0000000000
2828 -14.0000000000
2851 -13.0000000000
2901 -11.0000000000
2949 -10.0000000000
2969 -9.0000000000
3029 -8.0000000000
3138 -7.0000000000
3192 -6.0000000000
3247 -5.0000000000
3326 -4.0000000000
3397 -3.0000000000
3472 -2.0000000000
3521 -1.0000000000
3628 407.0000000000
3661 408.0000000000
4756 413.0000000000
5394 414.0000000000
6021 417.0000000000
9051 420.0000000000
9917 424.0000000000
11536 426.0000000000
34488 427.0000000000
35788 428.0000000000
62798 430.0000000000
68247 431.0000000000
70867 432.0000000000
79531 435.0000000000
100000 -2.0000000000
evaluations raw_y
1 -211.0000000000
2 -207.0000000000
6 -203.0000000000
10 -182.0000000000
41 -177.0000000000
54 -174.0000000000
87 -171.0000000000
89 -170.0000000000
92 -169.0000000000
118 -164.0000000000
148 -163.0000000000
155 -161.0000000000
161 -159.0000000000
184 -157.0000000000
189 -156.0000000000
201 -153.0000000000
204 -148.0000000000
224 -139.0000000000
263 -133.0000000000
284 -132.0000000000
325 -129.0000000000
345 -128.0000000000
364 -126.0000000000
371 -125.0000000000
377 -124.0000000000
402 -123.0000000000
421 -122.0000000000
423 -121.0000000000
443 -119.0000000000
469 -116.0000000000
500 -115.0000000000
510 -112.0000000000
513 -111.0000000000
540 -109.0000000000
561 -107.0000000000
598 -106.0000000000
605 -105.0000000000
621 -103.0000000000
646 -102.0000000000
667 -101.0000000000
681 -99.0000000000
724 -98.0000000000
731 -97.0000000000
746 -96.0000000000
766 -95.0000000000
774 -94.0000000000
778 -93.0000000000
795 -92.0000000000
811 -91.0000000000
831 -89.0000000000
848 -88.0000000000
868 -86.0000000000
889 -84.0000000000
939 -81.0000000000
949 -80.0000000000
983 -79.0000000000
994 -78.0000000000
1016 -76.0000000000
1048 -75.0000000000
1070 -73.0000000000
1103 -71.0000000000
1143 -70.0000000000
1189 -69.0000000000
1219 -68.0000000000
1226 -66.0000000000
1247 -65.0000000000
1265 -64.0000000000
1304 -63.0000000000
1323 -62.0000000000
1325 -61.0000000000
1350 -59.0000000000
1384 -58.0000000000
1389 -57.0000000000
1423 -56.0000000000
1441 -54.0000000000
1498 -52.0000000000
1534 -51.0000000000
1544 -50.0000000000
1545 -49.0000000000
1586 -47.0000000000
1603 -46.0000000000
1608 -45.0000000000
1636 -44.0000000000
1696 -43.0000000000
1704 -42.0000000000
1753 -41.0000000000
1771 -40.0000000000
1820 -39.0000000000
1850 -38.0000000000
1851 -37.0000000000
1881 -36.0000000000
1920 -35.0000000000
1949 -34.0000000000
1969 -33.0000000000
2018 -32.0000000000
2022 -31.0000000000
2050 -30.0000000000
2089 -29.0000000000
2121 -28.0000000000
2155 -27.0000000000
2175 -26.0000000000
2214 -24.0000000000
2232 -23.0000000000
2343 -22.0000000000
2390 -21.0000000000
2447 -20.0000000000
2515 -18.0000000000
2597 -17.0000000000
2651 -16.0000000000
2774 -15.0000000000
2782 -14.0000000000
2851 -13.0000000000
2891 -12.0000000000
2987 -11.0000000000
3078 -10.0000000000
3165 -9.0000000000
3170 -8.0000000000
3301 -7.0000000000
3365 -6.0000000000
3415 -5.0000000000
3553 -4.0000000000
3569 -3.0000000000
3717 -2.0000000000
3762 -1.0000000000
3850 370.0000000000
3856 380.0000000000
3913 385.0000000000
4136 391.0000000000
4304 395.0000000000
4417 396.0000000000
6892 399.0000000000
6952 402.0000000000
7154 405.0000000000
7261 408.0000000000
7310 411.0000000000
7396 413.0000000000
8004 415.0000000000
12615 417.0000000000
12871 418.0000000000
12947 421.0000000000
18533 422.0000000000
23855 425.0000000000
25149 426.0000000000
26585 429.0000000000
32775 430.0000000000
53125 433.0000000000
54209 434.0000000000
100000 434.0000000000
evaluations raw_y
1 -222.0000000000
3 -217.0000000000
4 -203.0000000000
16 -198.0000000000
26 -197.0000000000
27 -190.0000000000
37 -186.0000000000
61 -176.0000000000
88 -175.0000000000
101 -172.0000000000
107 -166.0000000000
145 -164.0000000000
164 -161.0000000000
169 -160.0000000000
189 -158.0000000000
197 -156.0000000000
207 -155.0000000000
221 -153.0000000000
237 -150.0000000000
262 -148.0000000000
281 -147.0000000000
291 -146.0000000000
293 -144.0000000000
312 -142.0000000000
334 -141.0000000000
341 -140.0000000000
360 -139.0000000000
374 -136.0000000000
397 -135.0000000000
421 -134.0000000000
431 -133.0000000000
462 -132.0000000000
471 -130.0000000000
481 -128.0000000000
538 -127.0000000000
545 -124.0000000000
601 -123.0000000000
604 -122.0000000000
624 -118.0000000000
686 -116.0000000000
704 -115.0000000000
742 -114.0000000000
748 -113.0000000000
764 -111.0000000000
788 -110.0000000000
806 -108.0000000000
842 -107.0000000000
847 -106.0000000000
851 -104.0000000000
874 -103.0000000000
885 -102.0000000000
907 -99.0000000000
948 -98.0000000000
959 -97.0000000000
964 -96.0000000000
984 -95.0000000000
989 -94.0000000000
1002 -93.0000000000
1024 -92.0000000000
1026 -91.0000000000
1052 -88.0000000000
1116 -87.0000000000
1153 -86.0000000000
1162 -84.0000000000
1181 -83.0000000000
1232 -82.0000000000
1245 -81.0000000000
1262 -80.0000000000
1281 -79.0000000000
1303 -78.0000000000
1304 -77.0000000000
1344 -76.0000000000
1345 -75.0000000000
1385 -74.0000000000
1403 -72.0000000000
1442 -71.0000000000
1443 -70.0000000000
1464 -69.0000000000
1468 -68.0000000000
1492 -67.0000000000
1523 -65.0000000000
1563 -64.0000000000
1565 -63.0000000000
1600 -62.0000000000
1607 -61.0000000000
1623 -60.0000000000
1646 -59.0000000000
1669 -58.0000000000
1704 -57.0000000000
1752 -56.0000000000
1772 -54.0000000000
1798 -53.0000000000
1811 -52.0000000000
1842 -51.0000000000
1875 -50.0000000000
1900 -49.0000000000
1914 -48.0000000000
1927 -47.0000000000
1959 -46.0000000000
2002 -45.0000000000
2027 -43.0000000000
2074 -42.0000000000
2101 -41.0000000000
2141 -40.0000000000
2163 -38.0000000000
2226 -36.0000000000
2276 -35.0000000000
2303 -34.0000000000
2325 -33.0000000000
2329 -32.0000000000
2349 -31.0000000000
2378 -30.0000000000
2446 -29.0000000000
2463 -28.0000000000
2542 -27.0000000000
2639 -26.0000000000
2670 -25.0000000000
2687 -24.0000000000
2735 -23.0000000000
2757 -22.0000000000
2800 -21.0000000000
2852 -20.0000000000
2884 -19.0000000000
2946 -18.0000000000
2990 -16.0000000000
3049 -15.0000000000
3102 -14.0000000000
3157 -13.0000000000
3203 -12.0000000000
3247 -11.0000000000
3344 -10.0000000000
3364 -9.0000000000
3426 -8.0000000000
3453 -7.0000000000
3507 -6.0000000000
3544 -5.0000000000
3648 -4.0000000000
3744 -2.0000000000
3817 -1.0000000000
3896 397.0000000000
4210 400.0000000000
4713 407.0000000000
4746 414.0000000000
5136 417.0000000000
5186 420.0000000000
5291 421.0000000000
6757 423.0000000000
17760 424.0000000000
20427 427.0000000000
21528 428.0000000000
21690 430.0000000000
26281 432.0000000000
74725 433.0000000000
100000 -1.0000000000
evaluations raw_y
1 -217.0000000000
3 -190.0000000000
42 -189.0000000000
82 -186.0000000000
103 -185.0000000000
126 -184.0000000000
142 -180.0000000000
195 -179.0000000000
196 -178.0000000000
208 -175.0000000000
224 -174.0000000000
246 -173.0000000000
267 -172.0000000000
271 -168.0000000000
301 -167.0000000000
307 -166.0000000000
342 -165.0000000000
355 -161.0000000000
382 -160.0000000000
389 -157.0000000000
427 -156.0000000000
441 -154.0000000000
461 -149.0000000000
484 -148.0000000000
505 -146.0000000000
530 -145.0000000000
531 -143.0000000000
548 -142.0000000000
567 -141.0000000000
581 -140.0000000000
590 -139.0000000000
601 -136.0000000000
624 -135.0000000000
646 -133.0000000000
668 -132.0000000000
682 -130.0000000000
701 -129.0000000000
736 -128.0000000000
756 -127.0000000000
761 -126.0000000000
787 -125.0000000000
793 -124.0000000000
823 -122.0000000000
839 -121.0000000000
861 -120.0000000000
864 -119.0000000000
866 -118.0000000000
909 -117.0000000000
945 -115.0000000000
991 -112.0000000000
1021 -110.0000000000
1053 -109.0000000000
1084 -107.0000000000
1114 -106.0000000000
1130 -105.0000000000
1182 -104.0000000000
1188 -103.0000000000
1229 -102.0000000000
1247 -101.0000000000
1249 -100.0000000000
1280 -99.0000000000
1290 -97.0000000000
1303 -96.0000000000
1324 -95.0000000000
1371 -94.0000000000
1387 -93.0000000000
1414 -92.0000000000
1423 -91.0000000000
1449 -90.0000000000
1485 -89.0000000000
1503 -88.0000000000
1529 -87.0000000000
1538 -86.0000000000
1552 -84.0000000000
1585 -83.0000000000
1586 -81.0000000000
1601 -79.0000000000
1629 -78.0000000000
1660 -76.0000000000
1716 -75.0000000000
1727 -74.0000000000
1730 -73.0000000000
1771 -72.0000000000
1802 -70.0000000000
1830 -69.0000000000
1840 -68.0000000000
1855 -67.0000000000
1918 -66.0000000000
1969 -65.0000000000
2021 -64.0000000000
2037 -62.0000000000
2071 -59.0000000000
2104 -58.0000000000
2125 -57.0000000000
2163 -56.0000000000
2195 -55.0000000000
2218 -53.0000000000
2241 -51.0000000000
2285 -50.0000000000
2293 -48.0000000000
2313 -46.0000000000
2356 -45.0000000000
2371 -44.0000000000
2393 -43.0000000000
2473 -42.0000000000
2502 -41.0000000000
2558 -39.0000000000
2600 -38.0000000000
2624 -36.0000000000
2652 -35.0000000000
2701 -34.0000000000
2738 -30.0000000000
2773 -29.0000000000
2849 -28.0000000000
2889 -27.0000000000
2942 -26.0000000000
3017 -25.0000000000
3074 -24.0000000000
3084 -22.0000000000
3130 -21.0000000000
3195 -20.0000000000
3252 -18.0000000000
3284 -17.0000000000
3497 -16.0000000000
3571 -15.0000000000
3632 -14.0000000000
3662 -13.0000000000
3703 -12.0000000000
3763 -11.0000000000
3803 -10.0000000000
3821 -9.0000000000
3920 -8.0000000000
4073 -7.0000000000
4131 -6.0000000000
4155 -5.0000000000
4256 -4.0000000000
4300 -3.0000000000
4304 -2.0000000000
4427 -1.0000000000
4527 384.0000000000
4570 397.0000000000
4639 398.0000000000
4695 400.0000000000
4721 401.0000000000
4780 404.0000000000
4849 408.0000000000
5334 417.0000000000
6678 418.0000000000
6719 419.0000000000
8181 426.0000000000
11177 427.0000000000
49975 429.0000000000
74207 431.0000000000
76741 432.0000000000
78130 433.0000000000
78424 435.0000000000
79202 438.0000000000
100000 -1.0000000000
evaluations raw_y
1 -239.0000000000
2 -208.0000000000
26 -201.0000000000
28 -200.0000000000
29 -196.0000000000
41 -195.0000000000
43 -191.0000000000
54 -189.0000000000
64 -187.0000000000
75 -181.0000000000
81 -180.0000000000
89 -177.0000000000
98 -166.0000000000
127 -163.0000000000
143 -159.0000000000
150 -154.0000000000
178 -153.0000000000
195 -152.0000000000
202 -147.0000000000
227 -145.0000000000
244 -144.0000000000
245 -141.0000000000
277 -140.0000000000
294 -138.0000000000
312 -137.0000000000
314 -136.0000000000
319 -134.0000000000
323 -132.0000000000
348 -130.0000000000
351 -128.0000000000
367 -126.0000000000
381 -123.0000000000
421 -120.0000000000
451 -118.0000000000
460 -117.0000000000
480 -116.0000000000
487 -114.0000000000
508 -113.0000000000
524 -111.0000000000
584 -110.0000000000
585 -109.0000000000
617 -108.0000000000
653 -107.0000000000
673 -106.0000000000
724 -105.0000000000
735 -104.0000000000
748 -103.0000000000
762 -102.0000000000
787 -101.0000000000
815 -99.0000000000
820 -98.0000000000
825 -97.0000000000
861 -95.0000000000
940 -93.0000000000
971 -92.0000000000
989 -90.0000000000
1049 -89.0000000000
1069 -88.0000000000
1091 -87.0000000000
1123 -86.0000000000
1158 -85.0000000000
1183 -83.0000000000
1193 -82.0000000000
1232 -81.0000000000
1236 -80.0000000000
1258 -79.0000000000
1294 -78.0000000000
1310 -77.0000000000
1321 -76.0000000000
1356 -75.0000000000
1365 -74.0000000000
1400 -72.0000000000
1408 -71.0000000000
1424 -69.0000000000
1463 -68.0000000000
1496 -67.0000000000
1509 -66.0000000000
1554 -65.0000000000
1559 -64.0000000000
1575 -62.0000000000
1594 -61.0000000000
1604 -60.0000000000
1626 -59.0000000000
1668 -58.0000000000
1681 -56.0000000000
1682 -55.0000000000
1733 -54.0000000000
1751 -52.0000000000
1801 -51.0000000000
1829 -49.0000000000
1845 -46.0000000000
1917 -45.0000000000
1933 -44.0000000000
1937 -42.0000000000
1990 -41.0000000000
2023 -40.0000000000
2060 -38.0000000000
2094 -37.0000000000
2114 -35.0000000000
2209 -34.0000000000
2222 -33.0000000000
2328 -31.0000000000
2397 -30.0000000000
2446 -29.0000000000
2517 -28.0000000000
2575 -27.0000000000
2594 -26.0000000000
2675 -25.0000000000
2676 -24.0000000000
2711 -23.0000000000
2751 -22.0000000000
2794 -21.0000000000
2831 -20.0000000000
2842 -19.0000000000
2913 -18.0000000000
2982 -17.0000000000
2997 -16.0000000000
3031 -14.0000000000
3088 -12.0000000000
3183 -11.0000000000
3222 -10.0000000000
3294 -9.0000000000
3345 -8.0000000000
3385 -7.0000000000
3435 -6.0000000000
3486 -5.0000000000
3525 -4.0000000000
3584 -3.0000000000
3753 -2.0000000000
3999 -1.0000000000
4078 366.0000000000
4101 379.0000000000
4108 382.0000000000
4285 390.0000000000
4494 405.0000000000
4549 410.0000000000
4590 411.0000000000
4808 414.0000000000
5612 415.0000000000
6355 421.0000000000
6435 423.0000000000
14341 425.0000000000
15772 427.0000000000
15870 428.0000000000
16113 430.0000000000
16966 431.0000000000
21506 432.0000000000
75350 437.0000000000
78866 438.0000000000
100000 438.0000000000
evaluations raw_y
1 -206.0000000000
5 -193.0000000000
30 -184.0000000000
64 -180.0000000000
88 -177.0000000000
99 -173.0000000000
115 -170.0000000000
120 -168.0000000000
121 -166.0000000000
129 -164.0000000000
143 -156.0000000000
156 -152.0000000000
185 -149.0000000000
196 -143.0000000000
218 -142.0000000000
226 -141.0000000000
227 -132.0000000000
275 -131.0000000000
283 -130.0000000000
284 -128.0000000000
308 -125.0000000000
323 -124.0000000000
364 -122.0000000000
378 -121.0000000000
402 -120.0000000000
426 -116.0000000000
462 -114.0000000000
475 -113.0000000000
494 -112.0000000000
514 -111.0000000000
539 -108.0000000000
556 -107.0000000000
578 -106.0000000000
602 -105.0000000000
606 -104.0000000000
632 -103.0000000000
644 -101.0000000000
700 -99.0000000000
718 -97.0000000000
761 -96.0000000000
808 -92.0000000000
861 -91.0000000000
887 -90.0000000000
888 -89.0000000000
905 -88.0000000000
943 -87.0000000000
944 -86.0000000000
976 -85.0000000000
994 -83.0000000000
1012 -82.0000000000
1041 -81.0000000000
1064 -80.0000000000
1086 -79.0000000000
1093 -78.0000000000
1168 -77.0000000000
1172 -76.0000000000
1206 -75.0000000000
1224 -74.0000000000
1251 -73.0000000000
1298 -72.0000000000
1302 -71.0000000000
1306 -69.0000000000
1345 -68.0000000000
1362 -67.0000000000
1385 -65.0000000000
1448 -64.0000000000
1467 -62.0000000000
1512 -61.0000000000
1531 -60.0000000000
1566 -59.0000000000
1618 -58.0000000000
1624 -56.0000000000
1681 -54.0000000000
1721 -53.0000000000
1763 -52.0000000000
1795 -51.0000000000
1861 -49.0000000000
1925 -48.0000000000
1967 -47.0000000000
1973 -46.0000000000
2019 -44.0000000000
2048 -43.0000000000
2088 -42.0000000000
2130 -41.0000000000
2134 -39.0000000000
2188 -38.0000000000
2234 -36.0000000000
2298 -35.0000000000
2314 -34.0000000000
2366 -32.0000000000
2448 -31.0000000000
2498 -30.0000000000
2565 -29.0000000000
2630 -28.0000000000
2645 -27.0000000000
2686 -26.0000000000
2731 -25.0000000000
2762 -22.0000000000
2851 -21.0000000000
2912 -20.0000000000
2965 -18.0000000000
3017 -17.0000000000
3075 -16.0000000000
3096 -15.0000000000
3117 -14.0000000000
3189 -13.0000000000
3221 -12.0000000000
3287 -11.0000000000
3328 -10.0000000000
3347 -9.0000000000
3383 -8.0000000000
3490 -7.0000000000
3562 -6.0000000000
3583 -5.0000000000
3643 -4.0000000000
3662 -3.0000000000
3700 -2.0000000000
3715 -1.0000000000
3856 361.0000000000
4145 379.0000000000
4668 385.0000000000
4780 407.0000000000
4965 415.0000000000
5115 420.0000000000
6495 426.0000000000
9218 427.0000000000
17266 428.0000000000
26036 429.0000000000
36638 430.0000000000
59461 432.0000000000
60911 436.0000000000
67033 437.0000000000
72308 438.0000000000
100000 438.0000000000
evaluations raw_y
1 -215.0000000000
3 -203.0000000000
18 -184.0000000000
23 -179.0000000000
54 -175.0000000000
64 -172.0000000000
88 -162.0000000000
119 -159.0000000000
123 -157.0000000000
139 -156.0000000000
144 -149.0000000000
197 -148.0000000000
207 -145.0000000000
227 -142.0000000000
272 -141.0000000000
273 -139.0000000000
275 -137.0000000000
285 -133.0000000000
326 -131.0000000000
335 -130.0000000000
346 -129.0000000000
365 -128.0000000000
369 -127.0000000000
384 -126.0000000000
387 -123.0000000000
429 -122.0000000000
450 -121.0000000000
459 -119.0000000000
485 -116.0000000000
523 -115.0000000000
549 -114.0000000000
553 -110.0000000000
581 -109.0000000000
634 -108.0000000000
648 -106.0000000000
663 -105.0000000000
685 -104.0000000000
700 -103.0000000000
719 -102.0000000000
740 -101.0000000000
743 -100.0000000000
766 -99.0000000000
787 -98.0000000000
809 -95.0000000000
850 -94.0000000000
852 -93.0000000000
895 -91.0000000000
904 -90.0000000000
943 -89.0000000000
959 -88.0000000000
994 -87.0000000000
1001 -86.0000000000
1033 -84.0000000000
1101 -83.0000000000
1110 -81.0000000000
1173 -80.0000000000
1177 -79.0000000000
1201 -75.0000000000
1241 -74.0000000000
1262 -73.0000000000
1265 -71.0000000000
1289 -69.0000000000
1341 -68.0000000000
1344 -66.0000000000
1362 -65.0000000000
1391 -64.0000000000
1396 -63.0000000000
1412 -62.0000000000
1483 -60.0000000000
1555 -59.0000000000
1556 -58.0000000000
1565 -56.0000000000
1628 -55.0000000000
1640 -54.0000000000
1661 -53.0000000000
1716 -51.0000000000
1744 -50.0000000000
1777 -49.0000000000
1784 -48.0000000000
1829 -46.0000000000
1895 -45.0000000000
1905 -44.0000000000
1939 -43.0000000000
1948 -42.0000000000
1970 -40.0000000000
2025 -39.0000000000
2056 -38.0000000000
2068 -37.0000000000
2124 -36.0000000000
2141 -35.0000000000
2143 -34.0000000000
2195 -33.0000000000
2254 -32.0000000000
2298 -31.0000000000
2351 -30.0000000000
2381 -29.0000000000
2394 -28.0000000000
2440 -27.0000000000
2498 -26.0000000000
2550 -24.0000000000
2616 -23.0000000000
2674 -22.0000000000
2730 -21.0000000000
2781 -20.0000000000
2829 -19.0000000000
2873 -18.0000000000
2883 -17.0000000000
2937 -16.0000000000
3027 -15.0000000000
3064 -14.0000000000
3104 -13.0000000000
3181 -11.0000000000
3269 -10.0000000000
3299 -9.0000000000
3323 -8.0000000000
3373 -7.0000000000
3401 -6.0000000000
3440 -5.0000000000
3547 -4.0000000000
3584 -3.0000000000
3653 -2.0000000000
3726 -1.0000000000
3826 383.0000000000
4195 385.0000000000
4241 391.0000000000
4990 392.0000000000
5065 394.0000000000
5459 399.0000000000
5507 403.0000000000
5669 405.0000000000
6115 409.0000000000
6153 412.0000000000
9506 413.0000000000
9550 414.0000000000
10013 415.0000000000
10134 416.0000000000
11393 420.0000000000
12546 421.0000000000
17074 424.0000000000
41715 427.0000000000
43004 429.0000000000
47427 430.0000000000
50413 433.0000000000
84250 434.0000000000
86725 436.0000000000
100000 436.0000000000
evaluations raw_y
1 -217.0000000000
4 -196.0000000000
25 -195.0000000000
43 -193.0000000000
48 -191.0000000000
62 -187.0000000000
70 -185.0000000000
102 -178.0000000000
123 -177.0000000000
132 -176.0000000000
146 -173.0000000000
161 -167.0000000000
182 -166.0000000000
211 -157.0000000000
253 -155.0000000000
254 -153.0000000000
277 -152.0000000000
290 -151.0000000000
304 -149.0000000000
312 -148.0000000000
343 -143.0000000000
391 -142.0000000000
395 -141.0000000000
430 -139.0000000000
468 -138.0000000000
471 -137.0000000000
485 -136.0000000000
488 -135.0000000000
501 -134.0000000000
510 -132.0000000000
528 -130.0000000000
569 -128.0000000000
583 -127.0000000000
610 -126.0000000000
636 -125.0000000000
652 -124.0000000000
672 -123.0000000000
686 -122.0000000000
694 -121.0000000000
707 -119.0000000000
744 -118.0000000000
792 -117.0000000000
798 -116.0000000000
803 -115.0000000000
815 -114.0000000000
824 -113.0000000000
833 -112.0000000000
850 -111.0000000000
877 -110.0000000000
880 -109.0000000000
892 -108.0000000000
918 -107.0000000000
938 -106.0000000000
962 -105.0000000000
982 -104.0000000000
1025 -103.0000000000
1029 -102.0000000000
1055 -99.0000000000
1086 -98.0000000000
1099 -97.0000000000
1117 -95.0000000000
1184 -94.0000000000
1215 -93.0000000000
1230 -91.0000000000
1240 -89.0000000000
1261 -87.0000000000
1292 -86.0000000000
1301 -85.0000000000
1321 -84.0000000000
1325 -83.0000000000
1338 -82.0000000000
1368 -81.0000000000
1404 -80.0000000000
1426 -79.0000000000
1430 -78.0000000000
1458 -77.0000000000
1463 -76.0000000000
1483 -75.0000000000
1485 -74.0000000000
1503 -73.0000000000
1537 -72.0000000000
1552 -71.0000000000
1581 -70.0000000000
1593 -68.0000000000
1652 -66.0000000000
1703 -65.0000000000
1757 -64.0000000000
1768 -63.0000000000
1805 -62.0000000000
1824 -61.0000000000
1858 -60.0000000000
1867 -59.0000000000
1881 -58.0000000000
1897 -57.0000000000
1947 -55.0000000000
1961 -54.0000000000
1986 -53.0000000000
2025 -51.0000000000
2078 -50.0000000000
2112 -49.0000000000
2129 -47.0000000000
2163 -46.0000000000
2179 -45.0000000000
2222 -44.0000000000
2301 -42.0000000000
2342 -40.0000000000
2431 -39.0000000000
2434 -38.0000000000
2454 -37.0000000000
2516 -36.0000000000
2585 -35.0000000000
2597 -34.0000000000
2635 -33.0000000000
2751 -32.0000000000
2802 -31.0000000000
2803 -30.0000000000
2846 -28.0000000000
2904 -27.0000000000
2932 -26.0000000000
2968 -25.0000000000
3038 -24.0000000000
3068 -23.0000000000
3144 -22.0000000000
3171 -21.0000000000
3242 -20.0000000000
3244 -19.0000000000
3299 -18.0000000000
3312 -17.0000000000
3421 -16.0000000000
3454 -15.0000000000
3463 -14.0000000000
3522 -13.0000000000
3550 -12.0000000000
3572 -11.0000000000
3602 -10.0000000000
3607 -9.0000000000
3690 -7.0000000000
3836 -6.0000000000
3919 -5.0000000000
4001 -4.0000000000
4023 -3.0000000000
4105 -2.0000000000
4212 -1.0000000000
4411 384.0000000000
4548 391.0000000000
4569 393.0000000000
4581 394.0000000000
4604 396.0000000000
4782 402.0000000000
4928 403.0000000000
4986 404.0000000000
5027 406.0000000000
5547 407.0000000000
5625 411.0000000000
6197 413.0000000000
6258 415.0000000000
6389 417.0000000000
6613 419.0000000000
6661 420.0000000000
8458 421.0000000000
12664 422.0000000000
12749 425.0000000000
18235 426.0000000000
18352 427.0000000000
21518 430.0000000000
21640 434.0000000000
28195 435.0000000000
28584 437.0000000000
33144 438.0000000000
100000 -2.0000000000
evaluations raw_y
1 -223.0000000000
2 -204.0000000000
4 -203.0000000000
11 -201.0000000000
16 -189.0000000000
43 -188.0000000000
61 -181.0000000000
79 -179.0000000000
81 -176.0000000000
101 -171.0000000000
110 -167.0000000000
126 -164.0000000000
127 -163.0000000000
131 -157.0000000000
149 -154.0000000000
161 -149.0000000000
186 -146.0000000000
203 -145.0000000000
205 -139.0000000000
251 -138.0000000000
264 -137.0000000000
280 -134.0000000000
293 -132.0000000000
307 -131.0000000000
309 -127.0000000000
350 -126.0000000000
353 -125.0000000000
367 -123.0000000000
382 -120.0000000000
405 -117.0000000000
409 -116.0000000000
442 -114.0000000000
462 -113.0000000000
471 -112.0000000000
496 -111.0000000000
505 -106.0000000000
536 -104.0000000000
575 -103.0000000000
582 -102.0000000000
643 -100.0000000000
668 -98.0000000000
682 -96.0000000000
736 -95.0000000000
744 -94.0000000000
770 -92.0000000000
783 -90.0000000000
823 -89.0000000000
843 -88.0000000000
852 -87.0000000000
874 -86.0000000000
883 -85.0000000000
916 -84.0000000000
923 -83.0000000000
958 -81.0000000000
984 -80.0000000000
986 -79.0000000000
1041 -76.0000000000
1063 -74.0000000000
1087 -72.0000000000
1111 -71.0000000000
1135 -70.0000000000
1157 -69.0000000000
1168 -68.0000000000
1194 -67.0000000000
1205 -66.0000000000
1228 -65.0000000000
1250 -64.0000000000
1265 -63.0000000000
1296 -62.0000000000
1331 -61.0000000000
1343 -59.0000000000
1366 -58.0000000000
1423 -56.0000000000
1428 -55.0000000000
1461 -54.0000000000
1490 -53.0000000000
1493 -52.0000000000
1506 -50.0000000000
1561 -49.0000000000
1563 -48.0000000000
1599 -46.0000000000
1646 -44.0000000000
1696 -43.0000000000
1722 -42.0000000000
1750 -41.0000000000
1762 -40.0000000000
1792 -39.0000000000
1820 -38.0000000000
1858 -37.0000000000
1867 -36.0000000000
1924 -35.0000000000
1971 -34.0000000000
2006 -33.0000000000
2041 -32.0000000000
2049 -31.0000000000
2071 -30.0000000000
2158 -29.0000000000
2173 -28.0000000000
2227 -27.0000000000
2257 -26.0000000000
2304 -24.0000000000
2374 -23.0000000000
2473 -22.0000000000
2492 -21.0000000000
2511 -20.0000000000
2604 -19.0000000000
2686 -18.0000000000
2728 -17.0000000000
2787 -16.0000000000
2833 -15.0000000000
2911 -13.0000000000
2987 -12.0000000000
3094 -11.0000000000
3167 -10.0000000000
3217 -9.0000000000
3256 -8.0000000000
3307 -7.0000000000
3389 -6.0000000000
3407 -5.0000000000
3454 -4.0000000000
3528 -3.0000000000
3548 -2.0000000000
3597 -1.0000000000
3641 350.0000000000
3647 382.0000000000
3648 392.0000000000
3776 397.0000000000
3815 398.0000000000
3855 404.0000000000
3865 413.0000000000
4449 414.0000000000
4500 418.0000000000
4502 419.0000000000
4508 420.0000000000
19480 422.0000000000
25649 423.0000000000
28632 424.0000000000
31178 426.0000000000
31403 428.0000000000
54634 429.0000000000
65218 430.0000000000
100000 -1.0000000000
evaluations raw_y
1 -223.0000000000
3 -218.0000000000
5 -196.0000000000
28 -189.0000000000
44 -183.0000000000
48 -179.0000000000
71 -177.0000000000
79 -170.0000000000
104 -169.0000000000
105 -166.0000000000
117 -161.0000000000
130 -160.0000000000
151 -157.0000000000
171 -145.0000000000
202 -144.0000000000
217 -143.0000000000
222 -138.0000000000
247 -135.0000000000
276 -132.0000000000
305 -131.0000000000
314 -129.0000000000
326 -125.0000000000
369 -123.0000000000
386 -122.0000000000
415 -120.0000000000
430 -117.0000000000
464 -114.0000000000
481 -112.0000000000
509 -111.0000000000
543 -110.0000000000
558 -109.0000000000
567 -108.0000000000
583 -107.0000000000
589 -106.0000000000
618 -105.0000000000
621 -104.0000000000
636 -103.0000000000
644 -102.0000000000
656 -101.0000000000
678 -100.0000000000
682 -99.0000000000
702 -98.0000000000
730 -96.0000000000
781 -95.0000000000
802 -94.0000000000
837 -93.0000000000
844 -92.0000000000
869 -91.0000000000
879 -90.0000000000
900 -89.0000000000
917 -87.0000000000
946 -85.0000000000
952 -84.0000000000
970 -83.0000000000
1013 -82.0000000000
1033 -80.0000000000
1072 -79.0000000000
1089 -78.0000000000
1123 -76.0000000000
1139 -75.0000000000
1143 -74.0000000000
1177 -73.0000000000
1185 -72.0000000000
1214 -71.0000000000
1229 -70.0000000000
1232 -69.0000000000
1263 -68.0000000000
1302 -67.0000000000
1334 -66.0000000000
1335 -65.0000000000
1377 -63.0000000000
1408 -61.0000000000
1463 -60.0000000000
1491 -58.0000000000
1509 -56.0000000000
1530 -55.0000000000
1556 -53.0000000000
1621 -52.0000000000
1626 -51.0000000000
1657 -49.0000000000
1694 -48.0000000000
1735 -47.0000000000
1779 -46.0000000000
1820 -45.0000000000
1854 -44.0000000000
1869 -43.0000000000
1924 -42.0000000000
1938 -41.0000000000
1945 -40.0000000000
1985 -39.0000000000
2018 -37.0000000000
2066 -36.0000000000
2070 -35.0000000000
2087 -34.0000000000
2131 -33.0000000000
2133 -32.0000000000
2140 -31.0000000000
2165 -30.0000000000
2208 -29.0000000000
2245 -28.0000000000
2306 -27.0000000000
2350 -26.0000000000
2396 -25.0000000000
2412 -24.0000000000
2457 -23.0000000000
2476 -22.0000000000
2550 -21.0000000000
2637 -20.0000000000
2663 -19.0000000000
2723 -18.0000000000
2808 -17.0000000000
2835 -16.0000000000
2925 -15.0000000000
2985 -14.0000000000
3059 -13.0000000000
3150 -12.0000000000
3241 -11.0000000000
3282 -10.0000000000
3340 -9.0000000000
3379 -8.0000000000
3401 -7.0000000000
3426 -6.0000000000
3501 -5.0000000000
3560 -4.0000000000
3592 -3.0000000000
3599 -2.0000000000
3783 -1.0000000000
4108 398.0000000000
5188 400.0000000000
5226 409.0000000000
5346 415.0000000000
10365 419.0000000000
10474 421.0000000000
11091 422.0000000000
11240 423.0000000000
12207 424.0000000000
14748 425.0000000000
20152 426.0000000000
20541 427.0000000000
26849 430.0000000000
51506 432.0000000000
57877 434.0000000000
70280 435.0000000000
100000 -1.0000000000
evaluations raw_y
1 -204.0000000000
2 -200.0000000000
4 -198.0000000000
27 -193.0000000000
28 -185.0000000000
41 -180.0000000000
60 -176.0000000000
78 -175.0000000000
103 -174.0000000000
108 -162.0000000000
161 -156.0000000000
194 -150.0000000000
219 -149.0000000000
224 -148.0000000000
229 -145.0000000000
248 -144.0000000000
256 -138.0000000000
303 -137.0000000000
306 -135.0000000000
335 -133.0000000000
341 -131.0000000000
367 -127.0000000000
412 -126.0000000000
428 -124.0000000000
443 -122.0000000000
448 -121.0000000000
481 -120.0000000000
500 -119.0000000000
502 -117.0000000000
530 -116.0000000000
546 -114.0000000000
553 -113.0000000000
575 -112.0000000000
581 -111.0000000000
606 -110.0000000000
607 -106.0000000000
644 -105.0000000000
659 -104.0000000000
714 -102.0000000000
738 -101.0000000000
763 -100.0000000000
789 -99.0000000000
814 -98.0000000000
829 -97.0000000000
852 -95.0000000000
872 -94.0000000000
914 -92.0000000000
973 -89.0000000000
1013 -88.0000000000
1030 -87.0000000000
1092 -86.0000000000
1113 -85.0000000000
1141 -84.0000000000
1179 -83.0000000000
1184 -82.0000000000
1202 -81.0000000000
1241 -80.0000000000
1268 -77.0000000000
1344 -75.0000000000
1365 -74.0000000000
1382 -72.0000000000
1447 -71.0000000000
1474 -69.0000000000
1507 -66.0000000000
1568 -65.0000000000
1580 -63.0000000000
1604 -61.0000000000
1642 -60.0000000000
1657 -59.0000000000
1695 -58.0000000000
1721 -57.0000000000
1782 -56.0000000000
1795 -55.0000000000
1815 -54.0000000000
1821 -53.0000000000
1827 -51.0000000000
1856 -50.0000000000
1863 -49.0000000000
1913 -48.0000000000
1933 -46.0000000000
1952 -45.0000000000
2002 -44.0000000000
2030 -43.0000000000
2049 -41.0000000000
2081 -40.0000000000
2122 -38.0000000000
2181 -37.0000000000
2222 -36.0000000000
2224 -35.0000000000
2267 -34.0000000000
2295 -33.0000000000
2338 -32.0000000000
2374 -31.0000000000
2380 -29.0000000000
2410 -28.0000000000
2441 -27.0000000000
2451 -26.0000000000
2496 -25.0000000000
2511 -24.0000000000
2571 -23.0000000000
2600 -22.0000000000
2628 -21.0000000000
2683 -18.0000000000
2749 -16.0000000000
2868 -15.0000000000
2903 -14.0000000000
2957 -13.0000000000
2990 -12.0000000000
3006 -11.0000000000
3020 -10.0000000000
3085 -9.0000000000
3165 -8.0000000000
3208 -7.0000000000
3219 -6.0000000000
3263 -5.0000000000
3285 -4.0000000000
3345 -3.0000000000
3452 -2.0000000000
3590 -1.0000000000
3752 394.0000000000
3809 395.0000000000
3835 397.0000000000
3881 403.0000000000
3974 407.0000000000
4065 408.0000000000
4113 409.0000000000
4143 414.0000000000
4883 415.0000000000
5945 417.0000000000
7372 419.0000000000
7797 420.0000000000
8027 421.0000000000
10758 424.0000000000
12490 425.0000000000
13573 426.0000000000
14572 428.0000000000
14643 429.0000000000
15517 431.0000000000
24352 432.0000000000
33435 433.0000000000
54681 434.0000000000
62043 435.0000000000
100000 -1.0000000000
evaluations raw_y
1 -218.0000000000
5 -213.0000000000
8 -186.0000000000
35 -180.0000000000
49 -177.0000000000
58 -176.0000000000
63 -172.0000000000
82 -161.0000000000
101 -160.0000000000
123 -158.0000000000
133 -156.0000000000
149 -153.0000000000
161 -151.0000000000
184 -146.0000000000
249 -142.0000000000
271 -140.0000000000
287 -136.0000000000
325 -134.0000000000
333 -131.0000000000
361 -130.0000000000
385 -129.0000000000
389 -128.0000000000
402 -124.0000000000
431 -123.0000000000
461 -122.0000000000
481 -121.0000000000
501 -120.0000000000
528 -119.0000000000
538 -118.0000000000
541 -117.0000000000
546 -115.0000000000
600 -110.0000000000
659 -109.0000000000
674 -108.0000000000
688 -106.0000000000
702 -104.0000000000
723 -103.0000000000
745 -102.0000000000
764 -101.0000000000
766 -100.0000000000
784 -99.0000000000
804 -98.0000000000
817 -97.0000000000
824 -96.0000000000
854 -95.0000000000
869 -94.0000000000
887 -92.0000000000
907 -91.0000000000
932 -90.0000000000
940 -89.0000000000
956 -87.0000000000
962 -86.0000000000
999 -85.0000000000
1010 -83.0000000000
1022 -82.0000000000
1052 -81.0000000000
1098 -80.0000000000
1142 -79.0000000000
1158 -78.0000000000
1204 -77.0000000000
1246 -76.0000000000
1274 -75.0000000000
1286 -74.0000000000
1311 -73.0000000000
1342 -71.0000000000
1404 -70.0000000000
1413 -69.0000000000
1422 -68.0000000000
1451 -67.0000000000
1465 -65.0000000000
1497 -64.0000000000
1512 -63.0000000000
1555 -61.0000000000
1593 -59.0000000000
1632 -58.0000000000
1637 -57.0000000000
1666 -56.0000000000
1706 -55.0000000000
1724 -54.0000000000
1761 -53.0000000000
1784 -52.0000000000
1811 -51.0000000000
1845 -50.0000000000
1873 -49.0000000000
1896 -48.0000000000
1909 -47.0000000000
1946 -46.0000000000
1985 -45.0000000000
2027 -43.0000000000
2052 -42.0000000000
2117 -41.0000000000
2179 -40.0000000000
2192 -39.0000000000
2233 -38.0000000000
2272 -37.0000000000
2300 -36.0000000000
2306 -35.0000000000
2325 -34.0000000000
2345 -33.0000000000
2385 -31.0000000000
2429 -30.0000000000
2465 -29.0000000000
2508 -28.0000000000
2546 -27.0000000000
2601 -26.0000000000
2630 -25.0000000000
2687 -24.0000000000
2763 -23.0000000000
2807 -22.0000000000
2852 -21.0000000000
2886 -20.0000000000
2900 -19.0000000000
2918 -18.0000000000
2988 -16.0000000000
3066 -15.0000000000
3088 -14.0000000000
3157 -13.0000000000
3208 -12.0000000000
3224 -11.0000000000
3246 -10.0000000000
3305 -9.0000000000
3397 -8.0000000000
3408 -7.0000000000
3443 -6.0000000000
3474 -5.0000000000
3509 -4.0000000000
3540 -3.0000000000
3680 -2.0000000000
3835 -1.0000000000
4077 380.0000000000
4112 386.0000000000
4520 391.0000000000
4579 395.0000000000
4704 396.0000000000
4787 397.0000000000
4808 399.0000000000
4946 402.0000000000
5035 406.0000000000
5091 407.0000000000
5142 409.0000000000
5166 410.0000000000
5351 411.0000000000
5739 413.0000000000
5831 414.0000000000
5889 415.0000000000
5913 417.0000000000
12769 419.0000000000
18297 421.0000000000
20356 422.0000000000
63882 423.0000000000
64695 425.0000000000
69536 427.0000000000
100000 -1.0000000000
evaluations raw_y
1 -227.0000000000
2 -215.0000000000
3 -203.0000000000
6 -198.0000000000
25 -197.0000000000
32 -193.0000000000
46 -188.0000000000
51 -186.0000000000
65 -185.0000000000
71 -183.0000000000
77 -178.0000000000
85 -177.0000000000
100 -176.0000000000
103 -172.0000000000
121 -171.0000000000
122 -170.0000000000
126 -168.0000000000
155 -166.0000000000
161 -164.0000000000
168 -163.0000000000
187 -160.0000000000
213 -157.0000000000
219 -152.0000000000
245 -150.0000000000
261 -146.0000000000
307 -142.0000000000
345 -140.0000000000
354 -139.0000000000
372 -138.0000000000
389 -136.0000000000
403 -134.0000000000
419 -132.0000000000
424 -130.0000000000
442 -129.0000000000
451 -128.0000000000
457 -127.0000000000
469 -126.0000000000
484 -125.0000000000
504 -124.0000000000
509 -123.0000000000
521 -122.0000000000
522 -121.0000000000
535 -120.0000000000
540 -119.0000000000
542 -118.0000000000
567 -114.0000000000
591 -113.0000000000
614 -112.0000000000
652 -107.0000000000
705 -105.0000000000
732 -104.0000000000
745 -102.0000000000
781 -100.0000000000
835 -99.0000000000
842 -96.0000000000
890 -94.0000000000
921 -93.0000000000
948 -91.0000000000
974 -89.0000000000
993 -86.0000000000
1011 -85.0000000000
1028 -84.0000000000
1041 -83.0000000000
1063 -82.0000000000
1080 -81.0000000000
1085 -79.0000000000
1122 -76.0000000000
1143 -75.0000000000
1171 -73.0000000000
1177 -71.0000000000
1217 -69.0000000000
1244 -68.0000000000
1302 -67.0000000000
1344 -66.0000000000
1364 -64.0000000000
1402 -61.0000000000
1446 -60.0000000000
1463 -59.0000000000
1490 -58.0000000000
1508 -57.0000000000
1550 -56.0000000000
1583 -55.0000000000
1623 -54.0000000000
1656 -53.0000000000
1683 -51.0000000000
1713 -50.0000000000
1771 -49.0000000000
1780 -48.0000000000
1806 -47.0000000000
1828 -46.0000000000
1842 -44.0000000000
1887 -43.0000000000
1915 -41.0000000000
1934 -39.0000000000
1994 -38.0000000000
2047 -37.0000000000
2068 -36.0000000000
2140 -35.0000000000
2151 -34.0000000000
2190 -33.0000000000
2207 -31.0000000000
2287 -29.0000000000
2340 -27.0000000000
2360 -26.0000000000
2386 -25.0000000000
2473 -24.0000000000
2487 -23.0000000000
2529 -22.0000000000
2569 -21.0000000000
2609 -20.0000000000
2611 -19.0000000000
2656 -18.0000000000
2762 -17.0000000000
2786 -16.0000000000
2804 -15.0000000000
2848 -14.0000000000
2879 -13.0000000000
2905 -12.0000000000
2986 -11.0000000000
3014 -10.0000000000
3091 -9.0000000000
3322 -8.0000000000
3389 -7.0000000000
3478 -6.0000000000
3597 -5.0000000000
3727 -4.0000000000
3805 -3.0000000000
3846 -2.0000000000
3904 -1.0000000000
3962 401.0000000000
4921 405.0000000000
4974 409.0000000000
5081 411.0000000000
5181 412.0000000000
5535 414.0000000000
5584 418.0000000000
5613 419.0000000000
7765 421.0000000000
7899 423.0000000000
11556 424.0000000000
12059 425.0000000000
16369 427.0000000000
44538 428.0000000000
48856 429.0000000000
52671 432.0000000000
73209 433.0000000000
75456 435.0000000000
83023 436.0000000000
83192 438.0000000000
100000 -1.0000000000
evaluations raw_y
1 -214.0000000000
2 -206.0000000000
3 -203.0000000000
4 -198.0000000000
21 -197.0000000000
26 -193.0000000000
41 -189.0000000000
44 -188.0000000000
58 -184.0000000000
65 -182.0000000000
72 -181.0000000000
79 -179.0000000000
92 -174.0000000000
99 -169.0000000000
125 -167.0000000000
141 -166.0000000000
147 -156.0000000000
181 -155.0000000000
189 -152.0000000000
217 -151.0000000000
226 -150.0000000000
234 -149.0000000000
237 -141.0000000000
256 -140.0000000000
273 -139.0000000000
303 -137.0000000000
305 -134.0000000000
325 -133.0000000000
345 -131.0000000000
366 -130.0000000000
373 -128.0000000000
386 -127.0000000000
410 -126.0000000000
424 -125.0000000000
443 -123.0000000000
461 -122.0000000000
480 -121.0000000000
496 -120.0000000000
523 -118.0000000000
535 -117.0000000000
553 -116.0000000000
571 -114.0000000000
585 -113.0000000000
610 -111.0000000000
629 -110.0000000000
645 -109.0000000000
662 -106.0000000000
706 -105.0000000000
737 -104.0000000000
747 -103.0000000000
762 -99.0000000000
805 -98.0000000000
836 -96.0000000000
865 -95.0000000000
876 -93.0000000000
912 -92.0000000000
936 -91.0000000000
948 -89.0000000000
986 -88.0000000000
1001 -87.0000000000
1029 -86.0000000000
1061 -85.0000000000
1067 -83.0000000000
1104 -80.0000000000
1161 -77.0000000000
1196 -76.0000000000
1225 -75.0000000000
1233 -74.0000000000
1236 -72.0000000000
1281 -71.0000000000
1285 -69.0000000000
1301 -68.0000000000
1344 -66.0000000000
1365 -65.0000000000
1377 -63.0000000000
1387 -62.0000000000
1409 -61.0000000000
1425 -59.0000000000
1457 -58.0000000000
1463 -57.0000000000
1489 -56.0000000000
1490 -55.0000000000
1508 -54.0000000000
1521 -53.0000000000
1543 -52.0000000000
1553 -49.0000000000
1568 -48.0000000000
1611 -47.0000000000
1632 -46.0000000000
1669 -45.0000000000
1670 -44.0000000000
1685 -43.0000000000
1730 -42.0000000000
1744 -41.0000000000
1779 -40.0000000000
1806 -39.0000000000
1846 -37.0000000000
1909 -36.0000000000
1918 -35.0000000000
1930 -34.0000000000
1973 -32.0000000000
2056 -31.0000000000
2098 -30.0000000000
2149 -29.0000000000
2161 -26.0000000000
2241 -24.0000000000
2300 -23.0000000000
2331 -22.0000000000
2352 -21.0000000000
2449 -20.0000000000
2498 -19.0000000000
2539 -18.0000000000
2653 -17.0000000000
2677 -16.0000000000
2754 -15.0000000000
2779 -14.0000000000
2820 -13.0000000000
2852 -12.0000000000
2884 -11.0000000000
2923 -10.0000000000
2987 -9.0000000000
3041 -7.0000000000
3114 -6.0000000000
3149 -5.0000000000
3187 -4.0000000000
3248 -3.0000000000
3317 -2.0000000000
3356 -1.0000000000
3484 389.0000000000
3521 398.0000000000
4895 399.0000000000
5054 400.0000000000
5059 403.0000000000
5067 404.0000000000
5092 410.0000000000
5265 413.0000000000
6251 414.0000000000
6382 418.0000000000
6394 419.0000000000
13296 420.0000000000
18394 429.0000000000
51093 430.0000000000
81208 432.0000000000
100000 432.0000000000
evaluations raw_y
1 -212.0000000000
4 -211.0000000000
5 -207.0000000000
6 -205.0000000000
8 -200.0000000000
31 -199.0000000000
33 -198.0000000000
34 -195.0000000000
42 -193.0000000000
47 -192.0000000000
49 -186.0000000000
65 -184.0000000000
68 -176.0000000000
85 -173.0000000000
106 -171.0000000000
130 -170.0000000000
132 -169.0000000000
155 -168.0000000000
161 -164.0000000000
168 -162.0000000000
199 -160.0000000000
203 -157.0000000000
213 -156.0000000000
220 -155.0000000000
223 -152.0000000000
233 -150.0000000000
262 -145.0000000000
283 -143.0000000000
302 -138.0000000000
348 -137.0000000000
368 -133.0000000000
386 -132.0000000000
404 -130.0000000000
427 -128.0000000000
448 -127.0000000000
482 -125.0000000000
484 -122.0000000000
515 -120.0000000000
537 -119.0000000000
548 -118.0000000000
564 -117.0000000000
583 -116.0000000000
655 -114.0000000000
691 -112.0000000000
703 -111.0000000000
721 -110.0000000000
741 -109.0000000000
772 -108.0000000000
783 -107.0000000000
810 -106.0000000000
822 -105.0000000000
857 -104.0000000000
866 -103.0000000000
874 -102.0000000000
889 -101.0000000000
933 -100.0000000000
938 -98.0000000000
959 -97.0000000000
984 -96.0000000000
993 -95.0000000000
1019 -94.0000000000
1052 -92.0000000000
1058 -91.0000000000
1061 -90.0000000000
1105 -89.0000000000
1128 -88.0000000000
1168 -86.0000000000
1193 -85.0000000000
1201 -82.0000000000
1223 -81.0000000000
1257 -80.0000000000
1262 -79.0000000000
1288 -77.0000000000
1308 -76.0000000000
1341 -74.0000000000
1401 -72.0000000000
1406 -71.0000000000
1437 -69.0000000000
1456 -67.0000000000
1511 -66.0000000000
1518 -65.0000000000
1554 -64.0000000000
1564 -63.0000000000
1578 -62.0000000000
1585 -60.0000000000
1603 -57.0000000000
1686 -56.0000000000
1716 -55.0000000000
1746 -54.0000000000
1771 -53.0000000000
1817 -52.0000000000
1843 -51.0000000000
1863 -49.0000000000
1892 -48.0000000000
1901 -47.0000000000
1930 -44.0000000000
2007 -42.0000000000
2041 -41.0000000000
2070 -40.0000000000
2111 -39.0000000000
2142 -38.0000000000
2169 -37.0000000000
2187 -36.0000000000
2237 -35.0000000000
2263 -34.0000000000
2306 -32.0000000000
2331 -31.0000000000
2391 -30.0000000000
2421 -29.0000000000
2461 -28.0000000000
2493 -27.0000000000
2508 -26.0000000000
2535 -25.0000000000
2572 -24.0000000000
2611 -23.0000000000
2643 -22.0000000000
2662 -21.0000000000
2665 -20.0000000000
2751 -18.0000000000
2797 -17.0000000000
2804 -16.0000000000
2864 -14.0000000000
2913 -13.0000000000
2979 -12.0000000000
3024 -11.0000000000
3133 -10.0000000000
3282 -9.0000000000
3343 -8.0000000000
3396 -7.0000000000
3468 -6.0000000000
3546 -5.0000000000
3584 -4.0000000000
3693 -3.0000000000
3761 -1.0000000000
3918 393.0000000000
4032 396.0000000000
4068 398.0000000000
4758 404.0000000000
5271 407.0000000000
5808 409.0000000000
6603 413.0000000000
6644 414.0000000000
8307 416.0000000000
15028 418.0000000000
21778 421.0000000000
28878 422.0000000000
31440 425.0000000000
43555 426.0000000000
60460 428.0000000000
61808 429.0000000000
63497 430.0000000000
68897 431.0000000000
73798 435.0000000000
100000 -2.0000000000
evaluations raw_y
1 -201.0000000000
29 -196.0000000000
41 -189.0000000000
51 -187.0000000000
61 -185.0000000000
82 -183.0000000000
87 -180.0000000000
96 -178.0000000000
101 -176.0000000000
122 -171.0000000000
126 -166.0000000000
141 -161.0000000000
151 -160.0000000000
164 -157.0000000000
182 -154.0000000000
201 -150.0000000000
227 -149.0000000000
235 -145.0000000000
266 -144.0000000000
275 -140.0000000000
291 -138.0000000000
325 -137.0000000000
329 -136.0000000000
339 -135.0000000000
364 -132.0000000000
384 -130.0000000000
404 -128.0000000000
420 -127.0000000000
427 -122.0000000000
481 -120.0000000000
489 -119.0000000000
516 -117.0000000000
557 -116.0000000000
569 -115.0000000000
590 -114.0000000000
609 -112.0000000000
641 -111.0000000000
654 -110.0000000000
692 -109.0000000000
703 -108.0000000000
730 -107.0000000000
734 -106.0000000000
742 -105.0000000000
762 -104.0000000000
806 -102.0000000000
846 -99.0000000000
881 -98.0000000000
910 -97.0000000000
943 -96.0000000000
951 -95.0000000000
965 -94.0000000000
985 -93.0000000000
1001 -91.0000000000
1042 -89.0000000000
1072 -88.0000000000
1100 -87.0000000000
1114 -85.0000000000
1121 -84.0000000000
1142 -83.0000000000
1164 -82.0000000000
1199 -79.0000000000
1246 -78.0000000000
1259 -77.0000000000
1315 -75.0000000000
1328 -74.0000000000
1377 -72.0000000000
1384 -70.0000000000
1410 -69.0000000000
1428 -68.0000000000
1474 -67.0000000000
1485 -66.0000000000
1533 -63.0000000000
1580 -62.0000000000
1598 -61.0000000000
1625 -60.0000000000
1641 -59.0000000000
1677 -58.0000000000
1690 -57.0000000000
1719 -56.0000000000
1741 -54.0000000000
1795 -53.0000000000
1810 -52.0000000000
1819 -51.0000000000
1854 -50.0000000000
1881 -49.0000000000
1943 -48.0000000000
1967 -47.0000000000
2022 -46.0000000000
2026 -45.0000000000
2047 -44.0000000000
2102 -43.0000000000
2142 -42.0000000000
2156 -41.0000000000
2187 -40.0000000000
2199 -39.0000000000
2242 -38.0000000000
2261 -37.0000000000
2262 -36.0000000000
2289 -35.0000000000
2334 -34.0000000000
2368 -33.0000000000
2387 -31.0000000000
2413 -30.0000000000
2450 -29.0000000000
2481 -28.0000000000
2548 -27.0000000000
2577 -26.0000000000
2622 -25.0000000000
2677 -24.0000000000
2682 -23.0000000000
2745 -22.0000000000
2892 -21.0000000000
2956 -19.0000000000
3044 -18.0000000000
3069 -17.0000000000
3099 -16.0000000000
3147 -15.0000000000
3162 -12.0000000000
3294 -11.0000000000
3355 -10.0000000000
3367 -9.0000000000
3422 -8.0000000000
3470 -7.0000000000
3488 -6.0000000000
3574 -5.0000000000
3607 -4.0000000000
3623 -3.0000000000
3670 -2.0000000000
3809 -1.0000000000
3830 386.0000000000
3848 391.0000000000
4131 392.0000000000
4205 409.0000000000
5079 411.0000000000
5867 416.0000000000
13725 420.0000000000
15165 422.0000000000
63564 424.0000000000
65270 425.0000000000
79506 428.0000000000
100000 -2.0000000000
evaluations raw_y
1 -224.0000000000
2 -203.0000000000
7 -185.0000000000
30 -183.0000000000
49 -181.0000000000
54 -178.0000000000
72 -175.0000000000
74 -172.0000000000
86 -168.0000000000
87 -160.0000000000
137 -159.0000000000
143 -158.0000000000
148 -153.0000000000
188 -152.0000000000
193 -151.0000000000
203 -143.0000000000
228 -141.0000000000
257 -139.0000000000
265 -137.0000000000
273 -135.0000000000
283 -133.0000000000
301 -132.0000000000
313 -131.0000000000
315 -130.0000000000
324 -129.0000000000
328 -128.0000000000
344 -126.0000000000
364 -125.0000000000
370 -124.0000000000
384 -123.0000000000
390 -122.0000000000
424 -120.0000000000
425 -118.0000000000
464 -117.0000000000
471 -116.0000000000
503 -114.0000000000
527 -112.0000000000
544 -108.0000000000
599 -107.0000000000
609 -105.0000000000
639 -104.0000000000
674 -103.0000000000
683 -102.0000000000
686 -100.0000000000
719 -99.0000000000
724 -97.0000000000
750 -96.0000000000
801 -95.0000000000
821 -94.0000000000
853 -91.0000000000
882 -89.0000000000
934 -88.0000000000
941 -87.0000000000
966 -85.0000000000
983 -83.0000000000
1005 -81.0000000000
1042 -79.0000000000
1071 -76.0000000000
1105 -75.0000000000
1123 -74.0000000000
1150 -73.0000000000
1164 -72.0000000000
1184 -71.0000000000
1204 -70.0000000000
1211 -69.0000000000
1237 -67.0000000000
1318 -66.0000000000
1326 -64.0000000000
1343 -63.0000000000
1360 -62.0000000000
1373 -61.0000000000
1424 -60.0000000000
1454 -59.0000000000
1487 -57.0000000000
1511 -55.0000000000
1526 -54.0000000000
1574 -53.0000000000
1589 -52.0000000000
1622 -50.0000000000
1672 -49.0000000000
1690 -48.0000000000
1727 -47.0000000000
1747 -46.0000000000
1807 -45.0000000000
1825 -44.0000000000
1863 -43.0000000000
1885 -42.0000000000
1909 -41.0000000000
2022 -40.0000000000
2025 -39.0000000000
2089 -37.0000000000
2129 -36.0000000000
2133 -35.0000000000
2144 -33.0000000000
2216 -32.0000000000
2248 -31.0000000000
2310 -30.0000000000
2343 -29.0000000000
2377 -28.0000000000
2401 -27.0000000000
2465 -26.0000000000
2505 -25.0000000000
2525 -24.0000000000
2568 -22.0000000000
2627 -21.0000000000
2675 -19.0000000000
2761 -18.0000000000
2821 -17.0000000000
2862 -16.0000000000
2907 -15.0000000000
2921 -14.0000000000
2967 -12.0000000000
3062 -11.0000000000
3111 -10.0000000000
3167 -9.0000000000
3258 -8.0000000000
3295 -7.0000000000
3385 -6.0000000000
3469 -5.0000000000
3490 -4.0000000000
3593 -3.0000000000
3706 -2.0000000000
3856 -1.0000000000
3945 378.0000000000
4009 381.0000000000
4047 382.0000000000
4055 384.0000000000
4074 388.0000000000
4115 391.0000000000
4173 396.0000000000
4229 397.0000000000
4494 399.0000000000
4497 402.0000000000
4609 406.0000000000
4901 410.0000000000
4909 416.0000000000
4950 419.0000000000
6430 421.0000000000
6488 422.0000000000
6490 426.0000000000
19729 428.0000000000
21864 429.0000000000
22486 430.0000000000
24921 432.0000000000
36770 433.0000000000
55413 434.0000000000
58051 435.0000000000
100000 -2.0000000000
evaluations raw_y
1 -212.0000000000
3 -199.0000000000
5 -182.0000000000
32 -181.0000000000
41 -180.0000000000
44 -175.0000000000
65 -174.0000000000
66 -166.0000000000
94 -165.0000000000
103 -164.0000000000
114 -163.0000000000
144 -162.0000000000
146 -158.0000000000
186 -155.0000000000
211 -154.0000000000
221 -153.0000000000
222 -152.0000000000
237 -150.0000000000
245 -149.0000000000
265 -145.0000000000
293 -144.0000000000
323 -142.0000000000
358 -140.0000000000
375 -139.0000000000
384 -137.0000000000
402 -136.0000000000
427 -134.0000000000
452 -133.0000000000
453 -131.0000000000
483 -130.0000000000
503 -128.0000000000
544 -125.0000000000
562 -122.0000000000
585 -121.0000000000
602 -119.0000000000
643 -117.0000000000
650 -115.0000000000
688 -114.0000000000
702 -112.0000000000
707 -111.0000000000
729 -109.0000000000
744 -108.0000000000
782 -107.0000000000
805 -106.0000000000
819 -105.0000000000
829 -103.0000000000
842 -102.0000000000
897 -99.0000000000
930 -98.0000000000
931 -97.0000000000
942 -96.0000000000
949 -95.0000000000
977 -94.0000000000
981 -93.0000000000
1007 -92.0000000000
1043 -91.0000000000
1081 -90.0000000000
1121 -89.0000000000
1142 -88.0000000000
1148 -86.0000000000
1206 -85.0000000000
1228 -84.0000000000
1271 -83.0000000000
1290 -82.0000000000
1336 -81.0000000000
1337 -80.0000000000
1370 -78.0000000000
1402 -77.0000000000
1425 -76.0000000000
1455 -75.0000000000
1475 -74.0000000000
1487 -73.0000000000
1526 -72.0000000000
1539 -71.0000000000
1542 -70.0000000000
1564 -69.0000000000
1565 -67.0000000000
1602 -63.0000000000
1685 -62.0000000000
1706 -61.0000000000
1736 -59.0000000000
1756 -58.0000000000
1774 -57.0000000000
1803 -56.0000000000
1828 -55.0000000000
1891 -54.0000000000
1938 -53.0000000000
1958 -52.0000000000
1982 -51.0000000000
2033 -50.0000000000
2043 -48.0000000000
2089 -47.0000000000
2146 -46.0000000000
2193 -45.0000000000
2213 -44.0000000000
2272 -43.0000000000
2299 -42.0000000000
2337 -41.0000000000
2352 -40.0000000000
2369 -39.0000000000
2389 -38.0000000000
2419 -37.0000000000
2461 -36.0000000000
2497 -35.0000000000
2500 -34.0000000000
2512 -33.0000000000
2540 -32.0000000000
2588 -31.0000000000
2643 -30.0000000000
2670 -29.0000000000
2695 -28.0000000000
2706 -27.0000000000
2765 -26.0000000000
2776 -25.0000000000
2809 -24.0000000000
2852 -23.0000000000
2892 -22.0000000000
2962 -21.0000000000
2981 -20.0000000000
3001 -19.0000000000
3033 -18.0000000000
3077 -17.0000000000
3099 -16.0000000000
3102 -15.0000000000
3132 -13.0000000000
3252 -12.0000000000
3305 -11.0000000000
3350 -10.0000000000
3398 -9.0000000000
3407 -8.0000000000
3468 -7.0000000000
3518 -6.0000000000
3551 -5.0000000000
3584 -4.0000000000
3672 -3.0000000000
3767 -2.0000000000
3820 -1.0000000000
3853 394.0000000000
3948 399.0000000000
4558 403.0000000000
4680 407.0000000000
4777 408.0000000000
6271 413.0000000000
6310 417.0000000000
10205 418.0000000000
11998 419.0000000000
12136 422.0000000000
14321 428.0000000000
14563 432.0000000000
23443 434.0000000000
23629 435.0000000000
24996 437.0000000000
26789 438.0000000000
100000 -1.0000000000
