evaluations raw_y
1 -2013.0000000000
5 -1977.0000000000
6 -1949.0000000000
14 -1942.0000000000
28 -1916.0000000000
47 -1915.0000000000
50 -1909.0000000000
65 -1902.0000000000
73 -1880.0000000000
81 -1875.0000000000
103 -1874.0000000000
115 -1871.0000000000
116 -1863.0000000000
119 -1858.0000000000
133 -1850.0000000000
137 -1828.0000000000
167 -1819.0000000000
183 -1813.0000000000
199 -1812.0000000000
203 -1791.0000000000
224 -1790.0000000000
249 -1781.0000000000
253 -1777.0000000000
263 -1767.0000000000
287 -1766.0000000000
315 -1762.0000000000
320 -1757.0000000000
329 -1756.0000000000
339 -1755.0000000000
340 -1748.0000000000
346 -1747.0000000000
348 -1744.0000000000
364 -1741.0000000000
384 -1740.0000000000
400 -1738.0000000000
401 -1734.0000000000
402 -1733.0000000000
434 -1729.0000000000
471 -1727.0000000000
488 -1725.0000000000
502 -1723.0000000000
505 -1721.0000000000
523 -1720.0000000000
544 -1716.0000000000
569 -1715.0000000000
583 -1714.0000000000
602 -1713.0000000000
606 -1711.0000000000
611 -1708.0000000000
636 -1705.0000000000
653 -1703.0000000000
687 -1701.0000000000
696 -1695.0000000000
743 -1694.0000000000
760 -1693.0000000000
790 -1692.0000000000
800 -1691.0000000000
801 -1690.0000000000
821 -1688.0000000000
861 -1687.0000000000
868 -1686.0000000000
869 -1685.0000000000
886 -1684.0000000000
890 -1683.0000000000
922 -1682.0000000000
932 -1679.0000000000
957 -1676.0000000000
989 -1674.0000000000
1020 -1673.0000000000
1025 -1670.0000000000
1043 -1668.0000000000
1069 -1667.0000000000
1084 -1666.0000000000
1102 -1665.0000000000
1121 -1664.0000000000
1141 -1663.0000000000
1149 -1662.0000000000
1169 -1661.0000000000
1183 -1660.0000000000
1187 -1658.0000000000
1225 -1657.0000000000
1250 -1655.0000000000
1256 -1652.0000000000
1272 -1650.0000000000
1306 -1649.0000000000
1309 -1648.0000000000
1323 -1647.0000000000
1347 -1644.0000000000
1372 -1643.0000000000
1374 -1642.0000000000
1385 -1641.0000000000
1414 -1640.0000000000
1423 -1638.0000000000
1430 -1634.0000000000
1494 -1633.0000000000
1509 -1631.0000000000
1538 -1630.0000000000
1552 -1629.0000000000
1565 -1628.0000000000
1572 -1627.0000000000
1573 -1626.0000000000
1583 -1625.0000000000
1584 -1624.0000000000
1618 -1623.0000000000
1632 -1622.0000000000
1657 -1621.0000000000
1662 -1620.0000000000
1693 -1619.0000000000
1697 -1618.0000000000
1702 -1617.0000000000
1741 -1615.0000000000
1765 -1614.0000000000
1775 -1613.0000000000
1790 -1612.0000000000
1794 -1611.0000000000
1809 -1608.0000000000
1842 -1606.0000000000
1844 -1604.0000000000
1861 -1603.0000000000
1872 -1602.0000000000
1884 -1599.0000000000
1903 -1598.0000000000
1916 -1597.0000000000
1921 -1596.0000000000
1941 -1594.0000000000
1963 -1593.0000000000
1966 -1592.0000000000
1995 -1591.0000000000
2006 -1589.0000000000
2026 -1587.0000000000
2052 -1586.0000000000
2084 -1584.0000000000
2086 -1583.0000000000
2103 -1581.0000000000
2125 -1579.0000000000
2149 -1576.0000000000
2204 -1575.0000000000
2215 -1574.0000000000
2222 -1571.0000000000
2267 -1570.0000000000
2274 -1568.0000000000
2309 -1566.0000000000
2332 -1565.0000000000
2339 -1562.0000000000
2355 -1561.0000000000
2369 -1560.0000000000
2386 -1559.0000000000
2408 -1558.0000000000
2414 -1557.0000000000
2450 -1556.0000000000
2461 -1554.0000000000
2470 -1553.0000000000
2496 -1551.0000000000
2506 -1550.0000000000
2525 -1549.0000000000
2541 -1548.0000000000
2544 -1546.0000000000
2552 -1545.0000000000
2590 -1542.0000000000
2600 -1541.0000000000
2618 -1539.0000000000
2633 -1538.0000000000
2634 -1537.0000000000
2648 -1536.0000000000
2662 -1535.0000000000
2669 -1534.0000000000
2682 -1533.0000000000
2695 -1532.0000000000
2706 -1531.0000000000
2723 -1530.0000000000
2727 -1527.0000000000
2746 -1525.0000000000
2765 -1523.0000000000
2785 -1522.0000000000
2816 -1520.0000000000
2842 -1519.0000000000
2844 -1517.0000000000
2866 -1516.0000000000
2873 -1515.0000000000
2890 -1514.0000000000
2902 -1513.0000000000
2909 -1511.0000000000
2940 -1510.0000000000
2946 -1508.0000000000
2965 -1507.0000000000
2988 -1505.0000000000
3027 -1503.0000000000
3029 -1500.0000000000
3088 -1499.0000000000
3098 -1498.0000000000
3103 -1497.0000000000
3112 -1496.0000000000
3120 -1495.0000000000
3145 -1494.0000000000
3151 -1492.0000000000
3162 -1490.0000000000
3188 -1489.0000000000
3199 -1486.0000000000
3221 -1485.0000000000
3229 -1484.0000000000
3252 -1483.0000000000
3261 -1481.0000000000
3304 -1480.0000000000
3308 -1479.0000000000
3324 -1477.0000000000
3345 -1475.0000000000
3362 -1474.0000000000
3373 -1473.0000000000
3384 -1472.0000000000
3403 -1470.0000000000
3428 -1469.0000000000
3437 -1467.0000000000
3449 -1465.0000000000
3463 -1463.0000000000
3497 -1462.0000000000
3502 -1461.0000000000
3506 -1460.0000000000
3533 -1459.0000000000
3541 -1458.0000000000
3547 -1456.0000000000
3573 -1453.0000000000
3615 -1452.0000000000
3621 -1449.0000000000
3650 -1448.0000000000
3662 -1446.0000000000
3683 -1445.0000000000
3700 -1444.0000000000
3706 -1443.0000000000
3723 -1442.0000000000
3731 -1439.0000000000
3771 -1438.0000000000
3783 -1437.0000000000
3795 -1436.0000000000
3802 -1435.0000000000
3804 -1433.0000000000
3830 -1431.0000000000
3865 -1428.0000000000
3900 -1427.0000000000
3910 -1426.0000000000
3917 -1424.0000000000
3929 -1422.0000000000
3941 -1420.0000000000
3963 -1419.0000000000
3982 -1418.0000000000
3984 -1416.0000000000
4003 -1414.0000000000
4035 -1413.0000000000
4059 -1411.0000000000
4071 -1410.0000000000
4118 -1409.0000000000
4130 -1407.0000000000
4155 -1406.0000000000
4177 -1405.0000000000
4189 -1402.0000000000
4208 -1401.0000000000
4225 -1400.0000000000
4241 -1397.0000000000
4274 -1396.0000000000
4286 -1395.0000000000
4292 -1394.0000000000
4323 -1393.0000000000
4332 -1392.0000000000
4341 -1389.0000000000
4367 -1388.0000000000
4393 -1387.0000000000
4427 -1386.0000000000
4456 -1385.0000000000
4465 -1384.0000000000
4469 -1383.0000000000
4486 -1381.0000000000
4497 -1380.0000000000
4524 -1378.0000000000
4542 -1377.0000000000
4549 -1376.0000000000
4553 -1375.0000000000
4561 -1374.0000000000
4581 -1373.0000000000
4583 -1371.0000000000
4615 -1368.0000000000
4630 -1367.0000000000
4644 -1366.0000000000
4662 -1364.0000000000
4686 -1363.0000000000
4704 -1358.0000000000
4788 -1357.0000000000
4808 -1356.0000000000
4823 -1355.0000000000
4835 -1354.0000000000
4845 -1353.0000000000
4869 -1352.0000000000
4877 -1351.0000000000
4908 -1349.0000000000
4925 -1348.0000000000
4947 -1345.0000000000
4982 -1344.0000000000
4986 -1343.0000000000
5006 -1341.0000000000
5008 -1340.0000000000
5037 -1338.0000000000
5070 -1337.0000000000
5099 -1336.0000000000
5104 -1334.0000000000
5134 -1333.0000000000
5148 -1332.0000000000
5150 -1331.0000000000
5171 -1329.0000000000
5189 -1327.0000000000
5205 -1326.0000000000
5218 -1325.0000000000
5229 -1324.0000000000
5251 -1323.0000000000
5260 -1322.0000000000
5271 -1321.0000000000
5284 -1320.0000000000
5301 -1317.0000000000
5335 -1316.0000000000
5358 -1315.0000000000
5367 -1314.0000000000
5375 -1313.0000000000
5389 -1311.0000000000
5404 -1310.0000000000
5407 -1309.0000000000
5423 -1307.0000000000
5461 -1306.0000000000
5469 -1305.0000000000
5470 -1304.0000000000
5487 -1303.0000000000
5494 -1302.0000000000
5517 -1301.0000000000
5523 -1300.0000000000
5524 -1299.0000000000
5542 -1296.0000000000
5563 -1294.0000000000
5582 -1291.0000000000
5643 -1289.0000000000
5647 -1288.0000000000
5652 -1287.0000000000
5689 -1286.0000000000
5702 -1283.0000000000
5733 -1282.0000000000
5750 -1279.0000000000
5771 -1278.0000000000
5775 -1277.0000000000
5781 -1275.0000000000
5806 -1274.0000000000
5826 -1273.0000000000
5841 -1272.0000000000
5866 -1270.0000000000
5881 -1268.0000000000
5908 -1267.0000000000
5909 -1266.0000000000
5936 -1265.0000000000
5946 -1264.0000000000
5961 -1263.0000000000
5986 -1262.0000000000
5989 -1261.0000000000
6004 -1260.0000000000
6026 -1259.0000000000
6041 -1258.0000000000
6046 -1257.0000000000
6081 -1256.0000000000
6107 -1255.0000000000
6132 -1254.0000000000
6167 -1253.0000000000
6168 -1252.0000000000
6212 -1250.0000000000
6222 -1248.0000000000
6245 -1246.0000000000
6282 -1243.0000000000
6335 -1242.0000000000
6342 -1240.0000000000
6368 -1239.0000000000
6393 -1238.0000000000
6402 -1235.0000000000
6424 -1233.0000000000
6463 -1231.0000000000
6483 -1230.0000000000
6525 -1228.0000000000
6530 -1227.0000000000
6545 -1226.0000000000
6586 -1225.0000000000
6595 -1223.0000000000
6604 -1221.0000000000
6632 -1220.0000000000
6646 -1218.0000000000
6673 -1216.0000000000
6693 -1215.0000000000
6717 -1214.0000000000
6733 -1213.0000000000
6734 -1212.0000000000
6742 -1211.0000000000
6757 -1210.0000000000
6765 -1209.0000000000
6785 -1208.0000000000
6806 -1204.0000000000
6836 -1202.0000000000
6846 -1200.0000000000
6864 -1197.0000000000
6889 -1196.0000000000
6919 -1195.0000000000
6923 -1193.0000000000
6953 -1191.0000000000
6961 -1190.0000000000
6981 -1188.0000000000
7021 -1186.0000000000
7023 -1185.0000000000
7025 -1184.0000000000
7048 -1183.0000000000
7060 -1181.0000000000
7079 -1180.0000000000
7101 -1179.0000000000
7102 -1176.0000000000
7122 -1175.0000000000
7138 -1174.0000000000
7145 -1173.0000000000
7170 -1172.0000000000
7191 -1171.0000000000
7204 -1170.0000000000
7227 -1169.0000000000
7235 -1167.0000000000
7282 -1166.0000000000
7304 -1164.0000000000
7327 -1161.0000000000
7355 -1160.0000000000
7388 -1159.0000000000
7401 -1157.0000000000
7453 -1156.0000000000
7457 -1155.0000000000
7470 -1152.0000000000
7504 -1151.0000000000
7541 -1150.0000000000
7545 -1149.0000000000
7561 -1146.0000000000
7589 -1145.0000000000
7601 -1144.0000000000
7623 -1143.0000000000
7628 -1142.0000000000
7650 -1141.0000000000
7661 -1140.0000000000
7667 -1138.0000000000
7676 -1137.0000000000
7702 -1136.0000000000
7733 -1134.0000000000
7759 -1133.0000000000
7767 -1131.0000000000
7778 -1130.0000000000
7790 -1129.0000000000
7801 -1127.0000000000
7840 -1126.0000000000
7855 -1124.0000000000
7861 -1123.0000000000
7881 -1122.0000000000
7915 -1121.0000000000
7922 -1120.0000000000
7950 -1119.0000000000
7968 -1117.0000000000
7989 -1116.0000000000
7995 -1115.0000000000
8021 -1114.0000000000
8025 -1113.0000000000
8060 -1112.0000000000
8066 -1111.0000000000
8081 -1110.0000000000
8098 -1108.0000000000
8103 -1107.0000000000
8134 -1106.0000000000
8139 -1105.0000000000
8148 -1103.0000000000
8167 -1101.0000000000
8199 -1100.0000000000
8214 -1098.0000000000
8244 -1097.0000000000
8256 -1095.0000000000
8265 -1094.0000000000
8322 -1091.0000000000
8347 -1090.0000000000
8369 -1087.0000000000
8381 -1086.0000000000
8434 -1085.0000000000
8456 -1084.0000000000
8486 -1083.0000000000
8505 -1082.0000000000
8525 -1081.0000000000
8530 -1080.0000000000
8573 -1079.0000000000
8580 -1078.0000000000
8605 -1077.0000000000
8609 -1076.0000000000
8617 -1074.0000000000
8663 -1073.0000000000
8710 -1072.0000000000
8732 -1070.0000000000
8746 -1068.0000000000
8762 -1067.0000000000
8786 -1066.0000000000
8812 -1065.0000000000
8827 -1064.0000000000
8828 -1063.0000000000
8841 -1062.0000000000
8912 -1060.0000000000
8934 -1059.0000000000
8955 -1057.0000000000
8970 -1056.0000000000
8997 -1053.0000000000
9029 -1051.0000000000
9072 -1050.0000000000
9092 -1049.0000000000
9107 -1048.0000000000
9125 -1046.0000000000
9130 -1044.0000000000
9163 -1042.0000000000
9204 -1041.0000000000
9217 -1040.0000000000
9221 -1039.0000000000
9262 -1037.0000000000
9281 -1036.0000000000
9310 -1035.0000000000
9325 -1034.0000000000
9345 -1033.0000000000
9361 -1032.0000000000
9382 -1031.0000000000
9421 -1030.0000000000
9450 -1029.0000000000
9467 -1028.0000000000
9472 -1025.0000000000
9501 -1024.0000000000
9519 -1022.0000000000
9527 -1021.0000000000
9566 -1019.0000000000
9608 -1018.0000000000
9622 -1015.0000000000
9653 -1014.0000000000
9666 -1013.0000000000
9674 -1011.0000000000
9683 -1010.0000000000
9703 -1007.0000000000
9721 -1006.0000000000
9749 -1005.0000000000
9766 -1004.0000000000
9781 -1000.0000000000
9837 -999.0000000000
9867 -998.0000000000
9884 -996.0000000000
9930 -995.0000000000
9933 -993.0000000000
9968 -992.0000000000
9969 -991.0000000000
9981 -990.0000000000
10001 -989.0000000000
10010 -985.0000000000
10042 -984.0000000000
10072 -982.0000000000
10110 -980.0000000000
10131 -979.0000000000
10153 -978.0000000000
10162 -976.0000000000
10202 -975.0000000000
10217 -974.0000000000
10241 -972.0000000000
10261 -971.0000000000
10288 -970.0000000000
10290 -967.0000000000
10340 -965.0000000000
10378 -964.0000000000
10404 -963.0000000000
10410 -962.0000000000
10436 -961.0000000000
10446 -960.0000000000
10464 -958.0000000000
10490 -957.0000000000
10505 -956.0000000000
10537 -955.0000000000
10586 -954.0000000000
10623 -953.0000000000
10634 -950.0000000000
10664 -949.0000000000
10701 -948.0000000000
10727 -947.0000000000
10738 -946.0000000000
10774 -945.0000000000
10789 -944.0000000000
10797 -943.0000000000
10824 -942.0000000000
10854 -941.0000000000
10904 -939.0000000000
10934 -938.0000000000
10942 -937.0000000000
10964 -934.0000000000
10984 -933.0000000000
11021 -931.0000000000
11063 -930.0000000000
11090 -929.0000000000
11106 -928.0000000000
11110 -927.0000000000
11151 -925.0000000000
11192 -924.0000000000
11193 -923.0000000000
11203 -922.0000000000
11229 -920.0000000000
11253 -918.0000000000
11269 -916.0000000000
11293 -915.0000000000
11306 -913.0000000000
11321 -912.0000000000
11366 -911.0000000000
11372 -910.0000000000
11399 -909.0000000000
11409 -908.0000000000
11417 -907.0000000000
11444 -906.0000000000
11484 -905.0000000000
11495 -904.0000000000
11501 -903.0000000000
11508 -901.0000000000
11551 -900.0000000000
11563 -898.0000000000
11608 -896.0000000000
11621 -895.0000000000
11655 -894.0000000000
11670 -893.0000000000
11706 -891.0000000000
11766 -890.0000000000
11767 -888.0000000000
11788 -886.0000000000
11807 -885.0000000000
11813 -884.0000000000
11858 -883.0000000000
11866 -882.0000000000
11897 -881.0000000000
11908 -880.0000000000
11910 -879.0000000000
11926 -878.0000000000
11928 -877.0000000000
11946 -876.0000000000
11969 -875.0000000000
11971 -873.0000000000
12001 -872.0000000000
12042 -871.0000000000
12050 -870.0000000000
12065 -867.0000000000
12089 -866.0000000000
12155 -865.0000000000
12174 -864.0000000000
12187 -863.0000000000
12232 -862.0000000000
12261 -860.0000000000
12281 -858.0000000000
12306 -857.0000000000
12339 -855.0000000000
12363 -853.0000000000
12381 -852.0000000000
12423 -850.0000000000
12481 -849.0000000000
12493 -848.0000000000
12505 -847.0000000000
12517 -846.0000000000
12532 -844.0000000000
12582 -843.0000000000
12603 -841.0000000000
12604 -840.0000000000
12640 -839.0000000000
12643 -837.0000000000
12663 -834.0000000000
12703 -831.0000000000
12745 -830.0000000000
12755 -829.0000000000
12768 -828.0000000000
12799 -826.0000000000
12808 -825.0000000000
12850 -824.0000000000
12864 -822.0000000000
12882 -820.0000000000
12907 -819.0000000000
12944 -818.0000000000
12945 -817.0000000000
12986 -816.0000000000
13005 -815.0000000000
13036 -814.0000000000
13043 -812.0000000000
13074 -811.0000000000
13080 -810.0000000000
13105 -809.0000000000
13107 -808.0000000000
13126 -807.0000000000
13146 -806.0000000000
13161 -805.0000000000
13175 -804.0000000000
13214 -802.0000000000
13228 -801.0000000000
13229 -800.0000000000
13268 -799.0000000000
13291 -798.0000000000
13301 -797.0000000000
13326 -796.0000000000
13366 -795.0000000000
13388 -794.0000000000
13427 -793.0000000000
13437 -792.0000000000
13462 -791.0000000000
13484 -790.0000000000
13488 -786.0000000000
13520 -785.0000000000
13558 -784.0000000000
13580 -783.0000000000
13587 -782.0000000000
13601 -781.0000000000
13628 -779.0000000000
13642 -777.0000000000
13660 -776.0000000000
13665 -775.0000000000
13684 -774.0000000000
13705 -773.0000000000
13739 -772.0000000000
13747 -771.0000000000
13768 -769.0000000000
13806 -768.0000000000
13853 -767.0000000000
13863 -766.0000000000
13887 -764.0000000000
13923 -761.0000000000
13959 -760.0000000000
13990 -759.0000000000
14041 -757.0000000000
14087 -756.0000000000
14107 -755.0000000000
14108 -752.0000000000
14121 -751.0000000000
14144 -750.0000000000
14181 -749.0000000000
14223 -747.0000000000
14289 -746.0000000000
14345 -745.0000000000
14364 -744.0000000000
14403 -743.0000000000
14454 -739.0000000000
14502 -738.0000000000
14505 -737.0000000000
14549 -736.0000000000
14554 -735.0000000000
14598 -733.0000000000
14624 -732.0000000000
14637 -731.0000000000
14678 -730.0000000000
14695 -729.0000000000
14726 -728.0000000000
14738 -727.0000000000
14763 -726.0000000000
14782 -725.0000000000
14797 -724.0000000000
14806 -723.0000000000
14813 -722.0000000000
14832 -721.0000000000
14855 -719.0000000000
14867 -714.0000000000
14928 -713.0000000000
14941 -711.0000000000
14961 -710.0000000000
14987 -708.0000000000
14989 -706.0000000000
15004 -705.0000000000
15067 -704.0000000000
15081 -703.0000000000
15099 -702.0000000000
15124 -701.0000000000
15130 -700.0000000000
15159 -699.0000000000
15164 -698.0000000000
15198 -697.0000000000
15205 -696.0000000000
15228 -694.0000000000
15264 -693.0000000000
15271 -691.0000000000
15304 -688.0000000000
15322 -687.0000000000
15367 -686.0000000000
15371 -685.0000000000
15392 -684.0000000000
15452 -683.0000000000
15465 -682.0000000000
15498 -681.0000000000
15508 -680.0000000000
15531 -679.0000000000
15547 -678.0000000000
15565 -676.0000000000
15599 -675.0000000000
15602 -674.0000000000
15649 -673.0000000000
15677 -672.0000000000
15688 -671.0000000000
15701 -670.0000000000
15727 -669.0000000000
15741 -668.0000000000
15772 -667.0000000000
15786 -666.0000000000
15804 -665.0000000000
15832 -664.0000000000
15859 -663.0000000000
15886 -662.0000000000
15923 -661.0000000000
15926 -660.0000000000
15955 -659.0000000000
15967 -658.0000000000
15999 -657.0000000000
16010 -656.0000000000
16042 -655.0000000000
16048 -654.0000000000
16057 -652.0000000000
16085 -650.0000000000
16118 -649.0000000000
16165 -648.0000000000
16171 -646.0000000000
16181 -644.0000000000
16223 -643.0000000000
16234 -642.0000000000
16249 -641.0000000000
16280 -640.0000000000
16304 -638.0000000000
16323 -637.0000000000
16358 -635.0000000000
16381 -634.0000000000
16395 -633.0000000000
16414 -632.0000000000
16438 -630.0000000000
16458 -629.0000000000
16487 -628.0000000000
16529 -627.0000000000
16550 -626.0000000000
16552 -625.0000000000
16581 -624.0000000000
16601 -623.0000000000
16645 -622.0000000000
16673 -621.0000000000
16713 -620.0000000000
16716 -618.0000000000
16785 -617.0000000000
16796 -616.0000000000
16841 -615.0000000000
16855 -614.0000000000
16882 -612.0000000000
16915 -611.0000000000
16951 -610.0000000000
16974 -609.0000000000
16999 -608.0000000000
17033 -607.0000000000
17044 -606.0000000000
17067 -604.0000000000
17123 -601.0000000000
17176 -600.0000000000
17205 -599.0000000000
17234 -597.0000000000
17280 -596.0000000000
17281 -595.0000000000
17321 -594.0000000000
17322 -593.0000000000
17360 -592.0000000000
17363 -591.0000000000
17398 -589.0000000000
17407 -588.0000000000
17465 -586.0000000000
17514 -585.0000000000
17523 -584.0000000000
17540 -583.0000000000
17543 -582.0000000000
17578 -581.0000000000
17604 -580.0000000000
17642 -579.0000000000
17671 -578.0000000000
17701 -577.0000000000
17741 -576.0000000000
17782 -575.0000000000
17830 -574.0000000000
17860 -572.0000000000
17895 -571.0000000000
17908 -570.0000000000
17943 -568.0000000000
18020 -567.0000000000
18088 -566.0000000000
18108 -565.0000000000
18133 -564.0000000000
18162 -563.0000000000
18180 -561.0000000000
18224 -560.0000000000
18227 -559.0000000000
18248 -558.0000000000
18290 -557.0000000000
18303 -556.0000000000
18340 -555.0000000000
18345 -554.0000000000
18366 -553.0000000000
18389 -552.0000000000
18441 -551.0000000000
18465 -550.0000000000
18492 -549.0000000000
18515 -546.0000000000
18592 -545.0000000000
18623 -544.0000000000
18642 -543.0000000000
18657 -541.0000000000
18684 -540.0000000000
18721 -539.0000000000
18736 -538.0000000000
18796 -537.0000000000
18822 -536.0000000000
18834 -535.0000000000
18847 -532.0000000000
18896 -531.0000000000
18905 -528.0000000000
18938 -527.0000000000
18966 -525.0000000000
19017 -524.0000000000
19019 -523.0000000000
19030 -522.0000000000
19048 -521.0000000000
19072 -520.0000000000
19084 -518.0000000000
19095 -517.0000000000
19106 -516.0000000000
19148 -515.0000000000
19161 -514.0000000000
19201 -512.0000000000
19234 -511.0000000000
19277 -508.0000000000
19301 -505.0000000000
19344 -504.0000000000
19399 -503.0000000000
19411 -502.0000000000
19433 -501.0000000000
19470 -500.0000000000
19472 -499.0000000000
19491 -498.0000000000
19528 -497.0000000000
19538 -495.0000000000
19580 -494.0000000000
19600 -492.0000000000
19661 -491.0000000000
19693 -490.0000000000
19712 -489.0000000000
19788 -488.0000000000
19802 -487.0000000000
19804 -486.0000000000
19822 -485.0000000000
19854 -484.0000000000
19875 -483.0000000000
19927 -482.0000000000
19977 -481.0000000000
20023 -480.0000000000
20035 -479.0000000000
20053 -478.0000000000
20064 -477.0000000000
20132 -475.0000000000
20180 -474.0000000000
20190 -473.0000000000
20207 -472.0000000000
20226 -471.0000000000
20260 -470.0000000000
20291 -469.0000000000
20310 -468.0000000000
20313 -467.0000000000
20332 -465.0000000000
20385 -464.0000000000
20411 -463.0000000000
20422 -461.0000000000
20477 -460.0000000000
20482 -459.0000000000
20506 -458.0000000000
20553 -457.0000000000
20571 -456.0000000000
20605 -455.0000000000
20639 -454.0000000000
20648 -453.0000000000
20654 -452.0000000000
20693 -451.0000000000
20719 -450.0000000000
20753 -449.0000000000
20778 -448.0000000000
20791 -447.0000000000
20804 -446.0000000000
20829 -445.0000000000
20879 -444.0000000000
20891 -443.0000000000
20913 -442.0000000000
20961 -441.0000000000
20993 -440.0000000000
21012 -439.0000000000
21024 -437.0000000000
21076 -435.0000000000
21115 -434.0000000000
21157 -433.0000000000
21172 -432.0000000000
21243 -431.0000000000
21274 -430.0000000000
21324 -429.0000000000
21368 -428.0000000000
21467 -427.0000000000
21491 -426.0000000000
21502 -425.0000000000
21521 -424.0000000000
21575 -422.0000000000
21623 -421.0000000000
21667 -420.0000000000
21683 -419.0000000000
21707 -418.0000000000
21786 -417.0000000000
21788 -416.0000000000
21815 -414.0000000000
21837 -413.0000000000
21895 -412.0000000000
21907 -411.0000000000
21942 -410.0000000000
22043 -409.0000000000
22110 -408.0000000000
22115 -406.0000000000
22142 -405.0000000000
22184 -404.0000000000
22217 -403.0000000000
22258 -402.0000000000
22276 -401.0000000000
22286 -400.0000000000
22307 -398.0000000000
22342 -397.0000000000
22411 -396.0000000000
22422 -395.0000000000
22465 -394.0000000000
22497 -393.0000000000
22549 -391.0000000000
22582 -390.0000000000
22611 -388.0000000000
22645 -387.0000000000
22692 -385.0000000000
22733 -383.0000000000
22787 -382.0000000000
22851 -381.0000000000
22906 -380.0000000000
22930 -379.0000000000
22991 -378.0000000000
23000 -377.0000000000
23006 -376.0000000000
23078 -375.0000000000
23152 -374.0000000000
23158 -373.0000000000
23205 -372.0000000000
23238 -371.0000000000
23266 -370.0000000000
23329 -369.0000000000
23334 -368.0000000000
23358 -367.0000000000
23406 -366.0000000000
23413 -365.0000000000
23455 -364.0000000000
23482 -363.0000000000
23501 -362.0000000000
23514 -361.0000000000
23594 -360.0000000000
23625 -359.0000000000
23680 -358.0000000000
23681 -357.0000000000
23746 -356.0000000000
23783 -355.0000000000
23813 -354.0000000000
23881 -353.0000000000
23917 -352.0000000000
23952 -351.0000000000
23994 -350.0000000000
24009 -349.0000000000
24054 -348.0000000000
24088 -346.0000000000
24170 -345.0000000000
24178 -343.0000000000
24215 -342.0000000000
24256 -341.0000000000
24279 -340.0000000000
24303 -339.0000000000
24388 -338.0000000000
24401 -337.0000000000
24431 -336.0000000000
24469 -334.0000000000
24526 -333.0000000000
24562 -332.0000000000
24585 -331.0000000000
24673 -330.0000000000
24682 -329.0000000000
24710 -328.0000000000
24714 -327.0000000000
24741 -326.0000000000
24766 -325.0000000000
24784 -324.0000000000
24795 -323.0000000000
24831 -322.0000000000
24854 -321.0000000000
24916 -320.0000000000
24956 -319.0000000000
24999 -318.0000000000
25005 -317.0000000000
25038 -316.0000000000
25091 -315.0000000000
25108 -314.0000000000
25155 -313.0000000000
25172 -312.0000000000
25235 -310.0000000000
25273 -309.0000000000
25310 -308.0000000000
25358 -307.0000000000
25395 -306.0000000000
25430 -305.0000000000
25456 -304.0000000000
25496 -303.0000000000
25573 -302.0000000000
25584 -301.0000000000
25686 -300.0000000000
25707 -299.0000000000
25742 -298.0000000000
25792 -297.0000000000
25832 -296.0000000000
25866 -295.0000000000
25901 -294.0000000000
25961 -293.0000000000
26076 -292.0000000000
26205 -290.0000000000
26244 -289.0000000000
26301 -288.0000000000
26322 -287.0000000000
26366 -286.0000000000
26371 -285.0000000000
26453 -284.0000000000
26522 -283.0000000000
26610 -282.0000000000
26701 -281.0000000000
26765 -280.0000000000
26833 -279.0000000000
26867 -278.0000000000
26907 -277.0000000000
26947 -275.0000000000
27005 -274.0000000000
27034 -273.0000000000
27062 -272.0000000000
27137 -271.0000000000
27195 -270.0000000000
27215 -269.0000000000
27289 -267.0000000000
27368 -266.0000000000
27425 -265.0000000000
27470 -264.0000000000
27508 -263.0000000000
27557 -262.0000000000
27584 -261.0000000000
27611 -260.0000000000
27636 -259.0000000000
27657 -258.0000000000
27679 -257.0000000000
27682 -256.0000000000
27761 -255.0000000000
27891 -254.0000000000
27941 -253.0000000000
27947 -252.0000000000
28039 -250.0000000000
28098 -249.0000000000
28173 -248.0000000000
28178 -247.0000000000
28213 -246.0000000000
28234 -245.0000000000
28250 -244.0000000000
28310 -243.0000000000
28342 -242.0000000000
28373 -241.0000000000
28408 -240.0000000000
28483 -239.0000000000
28516 -238.0000000000
28578 -237.0000000000
28623 -235.0000000000
28690 -234.0000000000
28727 -233.0000000000
28804 -232.0000000000
28901 -231.0000000000
28926 -230.0000000000
28948 -229.0000000000
28996 -228.0000000000
29003 -227.0000000000
29086 -226.0000000000
29145 -225.0000000000
29153 -224.0000000000
29224 -223.0000000000
29344 -222.0000000000
29403 -220.0000000000
29464 -219.0000000000
29522 -218.0000000000
29583 -217.0000000000
29627 -216.0000000000
29659 -215.0000000000
29673 -214.0000000000
29737 -213.0000000000
29797 -212.0000000000
29842 -211.0000000000
29891 -210.0000000000
29916 -209.0000000000
29962 -207.0000000000
30047 -206.0000000000
30064 -205.0000000000
30140 -204.0000000000
30197 -203.0000000000
30207 -202.0000000000
30261 -201.0000000000
30294 -200.0000000000
30381 -199.0000000000
30412 -198.0000000000
30484 -196.0000000000
30590 -195.0000000000
30612 -194.0000000000
30814 -193.0000000000
30876 -191.0000000000
30969 -190.0000000000
31064 -189.0000000000
31149 -187.0000000000
31212 -186.0000000000
31223 -185.0000000000
31273 -184.0000000000
31290 -183.0000000000
31348 -182.0000000000
31403 -181.0000000000
31437 -180.0000000000
31529 -179.0000000000
31553 -178.0000000000
31585 -177.0000000000
31703 -176.0000000000
31738 -175.0000000000
31760 -174.0000000000
31767 -173.0000000000
31823 -172.0000000000
31875 -171.0000000000
31891 -170.0000000000
31987 -168.0000000000
32088 -167.0000000000
32097 -166.0000000000
32164 -165.0000000000
32210 -164.0000000000
32241 -163.0000000000
32306 -162.0000000000
32328 -161.0000000000
32388 -160.0000000000
32446 -159.0000000000
32496 -158.0000000000
32522 -157.0000000000
32563 -156.0000000000
32599 -155.0000000000
32604 -154.0000000000
32665 -153.0000000000
32681 -152.0000000000
32780 -151.0000000000
32808 -150.0000000000
32814 -149.0000000000
32906 -148.0000000000
32925 -147.0000000000
32951 -146.0000000000
33025 -144.0000000000
33104 -143.0000000000
33111 -142.0000000000
33181 -141.0000000000
33207 -139.0000000000
33274 -138.0000000000
33335 -137.0000000000
33384 -136.0000000000
33470 -134.0000000000
33725 -133.0000000000
33778 -132.0000000000
33811 -131.0000000000
33888 -130.0000000000
34073 -129.0000000000
34191 -128.0000000000
34291 -127.0000000000
34513 -126.0000000000
34535 -125.0000000000
34637 -124.0000000000
34707 -123.0000000000
34820 -122.0000000000
34965 -121.0000000000
35001 -120.0000000000
35061 -119.0000000000
35109 -118.0000000000
35126 -117.0000000000
35287 -116.0000000000
35653 -115.0000000000
35735 -114.0000000000
35812 -113.0000000000
35877 -112.0000000000
35945 -111.0000000000
35965 -110.0000000000
36081 -109.0000000000
36117 -108.0000000000
36177 -107.0000000000
36206 -106.0000000000
36359 -105.0000000000
36447 -104.0000000000
36482 -103.0000000000
36517 -102.0000000000
36597 -101.0000000000
36612 -100.0000000000
36766 -98.0000000000
36881 -97.0000000000
37044 -96.0000000000
37205 -95.0000000000
37226 -94.0000000000
37287 -93.0000000000
37326 -92.0000000000
37367 -91.0000000000
37450 -89.0000000000
37492 -88.0000000000
37600 -87.0000000000
37981 -86.0000000000
38110 -85.0000000000
38158 -84.0000000000
38213 -83.0000000000
38283 -82.0000000000
38313 -81.0000000000
38368 -80.0000000000
38445 -79.0000000000
38446 -78.0000000000
38488 -77.0000000000
38570 -76.0000000000
38756 -75.0000000000
38809 -74.0000000000
38944 -72.0000000000
39006 -71.0000000000
39180 -70.0000000000
39263 -69.0000000000
39423 -68.0000000000
39457 -67.0000000000
39561 -66.0000000000
39643 -65.0000000000
39990 -64.0000000000
40056 -63.0000000000
40121 -62.0000000000
40344 -61.0000000000
40671 -60.0000000000
40976 -59.0000000000
41085 -58.0000000000
41223 -57.0000000000
41287 -56.0000000000
41340 -55.0000000000
41358 -54.0000000000
41444 -53.0000000000
41519 -52.0000000000
41534 -51.0000000000
41712 -50.0000000000
41750 -49.0000000000
41824 -48.0000000000
42329 -47.0000000000
42497 -46.0000000000
42638 -45.0000000000
42691 -43.0000000000
43413 -42.0000000000
43573 -41.0000000000
43774 -40.0000000000
43872 -39.0000000000
43965 -38.0000000000
44121 -37.0000000000
44202 -36.0000000000
44269 -35.0000000000
44419 -34.0000000000
44807 -33.0000000000
44957 -32.0000000000
45084 -31.0000000000
45152 -30.0000000000
45870 -29.0000000000
46804 -28.0000000000
46953 -27.0000000000
47100 -26.0000000000
47262 -25.0000000000
47447 -24.0000000000
47681 -23.0000000000
47748 -22.0000000000
47898 -21.0000000000
48708 -20.0000000000
48783 -19.0000000000
49481 -18.0000000000
50056 -17.0000000000
50222 -16.0000000000
50356 -15.0000000000
50547 -14.0000000000
51352 -13.0000000000
51600 -12.0000000000
52676 -11.0000000000
52898 -10.0000000000
53509 -9.0000000000
55443 -8.0000000000
55484 -7.0000000000
55554 -6.0000000000
56031 -5.0000000000
56209 -4.0000000000
57041 -3.0000000000
61033 -2.0000000000
61861 -1.0000000000
61969 77.0800000000
61984 80.5300000000
62005 82.6300000000
62019 87.9300000000
62080 91.7300000000
62314 93.9200000000
62521 97.9500000000
64239 100.2000000000
64982 103.1600000000
66006 106.1400000000
84196 109.0000000000
100000 72.5200000000
