evaluations raw_y
1 -1969.0000000000
3 -1921.0000000000
5 -1901.0000000000
9 -1889.0000000000
10 -1867.0000000000
16 -1842.0000000000
28 -1827.0000000000
41 -1810.0000000000
65 -1795.0000000000
67 -1768.0000000000
82 -1760.0000000000
114 -1748.0000000000
130 -1747.0000000000
143 -1746.0000000000
146 -1737.0000000000
175 -1732.0000000000
183 -1724.0000000000
217 -1719.0000000000
222 -1718.0000000000
229 -1715.0000000000
248 -1713.0000000000
260 -1712.0000000000
264 -1707.0000000000
267 -1702.0000000000
281 -1696.0000000000
302 -1695.0000000000
325 -1691.0000000000
328 -1690.0000000000
345 -1689.0000000000
353 -1688.0000000000
369 -1686.0000000000
371 -1684.0000000000
372 -1682.0000000000
410 -1676.0000000000
426 -1668.0000000000
470 -1667.0000000000
481 -1666.0000000000
503 -1665.0000000000
507 -1664.0000000000
527 -1663.0000000000
531 -1662.0000000000
541 -1661.0000000000
574 -1660.0000000000
584 -1659.0000000000
589 -1656.0000000000
637 -1655.0000000000
644 -1653.0000000000
653 -1652.0000000000
665 -1651.0000000000
666 -1648.0000000000
681 -1647.0000000000
702 -1645.0000000000
727 -1644.0000000000
741 -1643.0000000000
744 -1641.0000000000
786 -1638.0000000000
793 -1636.0000000000
808 -1632.0000000000
833 -1630.0000000000
860 -1627.0000000000
874 -1624.0000000000
908 -1623.0000000000
922 -1621.0000000000
942 -1618.0000000000
971 -1617.0000000000
981 -1616.0000000000
1002 -1615.0000000000
1005 -1613.0000000000
1027 -1609.0000000000
1046 -1608.0000000000
1060 -1607.0000000000
1081 -1606.0000000000
1104 -1605.0000000000
1106 -1604.0000000000
1116 -1603.0000000000
1126 -1602.0000000000
1142 -1600.0000000000
1155 -1599.0000000000
1161 -1598.0000000000
1165 -1597.0000000000
1182 -1596.0000000000
1202 -1595.0000000000
1218 -1591.0000000000
1242 -1589.0000000000
1261 -1587.0000000000
1282 -1584.0000000000
1307 -1583.0000000000
1323 -1582.0000000000
1335 -1581.0000000000
1353 -1578.0000000000
1392 -1576.0000000000
1405 -1574.0000000000
1421 -1572.0000000000
1438 -1571.0000000000
1453 -1570.0000000000
1461 -1567.0000000000
1496 -1566.0000000000
1508 -1565.0000000000
1509 -1563.0000000000
1521 -1562.0000000000
1546 -1561.0000000000
1561 -1560.0000000000
1611 -1559.0000000000
1623 -1557.0000000000
1640 -1556.0000000000
1648 -1555.0000000000
1649 -1554.0000000000
1667 -1552.0000000000
1681 -1551.0000000000
1703 -1550.0000000000
1716 -1549.0000000000
1723 -1548.0000000000
1749 -1547.0000000000
1759 -1546.0000000000
1761 -1545.0000000000
1794 -1544.0000000000
1797 -1543.0000000000
1816 -1541.0000000000
1833 -1536.0000000000
1865 -1535.0000000000
1881 -1533.0000000000
1902 -1532.0000000000
1925 -1531.0000000000
1939 -1529.0000000000
1945 -1528.0000000000
1974 -1526.0000000000
2005 -1524.0000000000
2011 -1523.0000000000
2025 -1522.0000000000
2047 -1519.0000000000
2085 -1517.0000000000
2095 -1515.0000000000
2115 -1514.0000000000
2123 -1512.0000000000
2151 -1510.0000000000
2178 -1508.0000000000
2203 -1507.0000000000
2221 -1505.0000000000
2246 -1504.0000000000
2252 -1503.0000000000
2261 -1502.0000000000
2263 -1501.0000000000
2283 -1500.0000000000
2304 -1498.0000000000
2308 -1495.0000000000
2349 -1494.0000000000
2354 -1493.0000000000
2367 -1491.0000000000
2406 -1490.0000000000
2441 -1488.0000000000
2445 -1487.0000000000
2467 -1486.0000000000
2481 -1484.0000000000
2508 -1483.0000000000
2517 -1481.0000000000
2548 -1479.0000000000
2563 -1477.0000000000
2583 -1476.0000000000
2601 -1475.0000000000
2622 -1473.0000000000
2639 -1471.0000000000
2666 -1470.0000000000
2669 -1468.0000000000
2686 -1466.0000000000
2709 -1465.0000000000
2721 -1464.0000000000
2753 -1462.0000000000
2782 -1461.0000000000
2786 -1460.0000000000
2805 -1459.0000000000
2822 -1458.0000000000
2844 -1457.0000000000
2848 -1455.0000000000
2876 -1452.0000000000
2904 -1450.0000000000
2914 -1449.0000000000
2931 -1448.0000000000
2964 -1447.0000000000
2966 -1444.0000000000
2996 -1443.0000000000
3026 -1439.0000000000
3056 -1438.0000000000
3074 -1436.0000000000
3082 -1434.0000000000
3109 -1431.0000000000
3148 -1429.0000000000
3163 -1428.0000000000
3173 -1427.0000000000
3186 -1426.0000000000
3207 -1425.0000000000
3221 -1424.0000000000
3222 -1422.0000000000
3265 -1418.0000000000
3284 -1417.0000000000
3288 -1416.0000000000
3308 -1415.0000000000
3329 -1414.0000000000
3336 -1413.0000000000
3351 -1411.0000000000
3372 -1410.0000000000
3383 -1408.0000000000
3401 -1407.0000000000
3428 -1406.0000000000
3442 -1403.0000000000
3473 -1402.0000000000
3490 -1401.0000000000
3508 -1400.0000000000
3520 -1399.0000000000
3522 -1397.0000000000
3543 -1396.0000000000
3565 -1395.0000000000
3599 -1394.0000000000
3604 -1393.0000000000
3605 -1392.0000000000
3627 -1391.0000000000
3650 -1390.0000000000
3660 -1389.0000000000
3675 -1388.0000000000
3686 -1387.0000000000
3689 -1386.0000000000
3719 -1385.0000000000
3741 -1384.0000000000
3743 -1383.0000000000
3763 -1382.0000000000
3764 -1381.0000000000
3777 -1380.0000000000
3787 -1379.0000000000
3801 -1377.0000000000
3821 -1376.0000000000
3842 -1375.0000000000
3846 -1374.0000000000
3861 -1370.0000000000
3901 -1369.0000000000
3909 -1368.0000000000
3922 -1366.0000000000
3933 -1365.0000000000
3950 -1364.0000000000
3973 -1361.0000000000
3990 -1360.0000000000
4005 -1359.0000000000
4024 -1358.0000000000
4031 -1357.0000000000
4041 -1355.0000000000
4062 -1353.0000000000
4083 -1352.0000000000
4106 -1351.0000000000
4120 -1350.0000000000
4146 -1349.0000000000
4148 -1346.0000000000
4155 -1345.0000000000
4163 -1342.0000000000
4210 -1340.0000000000
4228 -1338.0000000000
4238 -1336.0000000000
4262 -1334.0000000000
4281 -1333.0000000000
4301 -1332.0000000000
4312 -1331.0000000000
4342 -1330.0000000000
4358 -1329.0000000000
4363 -1328.0000000000
4383 -1327.0000000000
4394 -1325.0000000000
4421 -1324.0000000000
4437 -1323.0000000000
4444 -1321.0000000000
4460 -1319.0000000000
4461 -1317.0000000000
4486 -1316.0000000000
4524 -1314.0000000000
4546 -1313.0000000000
4557 -1312.0000000000
4564 -1311.0000000000
4587 -1310.0000000000
4614 -1306.0000000000
4654 -1305.0000000000
4662 -1303.0000000000
4690 -1302.0000000000
4701 -1301.0000000000
4713 -1299.0000000000
4758 -1298.0000000000
4760 -1297.0000000000
4763 -1295.0000000000
4795 -1294.0000000000
4809 -1292.0000000000
4829 -1291.0000000000
4842 -1290.0000000000
4861 -1288.0000000000
4887 -1287.0000000000
4903 -1286.0000000000
4917 -1285.0000000000
4948 -1284.0000000000
4963 -1283.0000000000
4987 -1281.0000000000
4995 -1280.0000000000
5006 -1279.0000000000
5025 -1278.0000000000
5036 -1277.0000000000
5049 -1276.0000000000
5066 -1273.0000000000
5081 -1270.0000000000
5118 -1269.0000000000
5127 -1267.0000000000
5141 -1266.0000000000
5179 -1265.0000000000
5194 -1264.0000000000
5218 -1263.0000000000
5226 -1262.0000000000
5235 -1260.0000000000
5258 -1259.0000000000
5266 -1258.0000000000
5281 -1255.0000000000
5307 -1254.0000000000
5324 -1253.0000000000
5333 -1252.0000000000
5357 -1250.0000000000
5370 -1249.0000000000
5377 -1248.0000000000
5402 -1246.0000000000
5439 -1244.0000000000
5476 -1243.0000000000
5501 -1240.0000000000
5525 -1239.0000000000
5546 -1238.0000000000
5550 -1237.0000000000
5583 -1236.0000000000
5596 -1235.0000000000
5601 -1234.0000000000
5602 -1233.0000000000
5621 -1232.0000000000
5632 -1230.0000000000
5685 -1229.0000000000
5689 -1227.0000000000
5725 -1225.0000000000
5726 -1224.0000000000
5763 -1223.0000000000
5770 -1222.0000000000
5793 -1221.0000000000
5809 -1220.0000000000
5831 -1218.0000000000
5888 -1217.0000000000
5890 -1216.0000000000
5903 -1215.0000000000
5908 -1213.0000000000
5941 -1211.0000000000
5970 -1210.0000000000
5979 -1209.0000000000
5983 -1208.0000000000
6001 -1207.0000000000
6021 -1206.0000000000
6039 -1204.0000000000
6044 -1203.0000000000
6074 -1201.0000000000
6103 -1198.0000000000
6109 -1197.0000000000
6123 -1195.0000000000
6159 -1194.0000000000
6171 -1193.0000000000
6185 -1190.0000000000
6221 -1189.0000000000
6225 -1187.0000000000
6258 -1186.0000000000
6265 -1182.0000000000
6281 -1181.0000000000
6301 -1179.0000000000
6325 -1178.0000000000
6370 -1176.0000000000
6394 -1175.0000000000
6427 -1173.0000000000
6460 -1172.0000000000
6465 -1171.0000000000
6482 -1170.0000000000
6504 -1167.0000000000
6546 -1164.0000000000
6568 -1163.0000000000
6592 -1162.0000000000
6613 -1160.0000000000
6614 -1159.0000000000
6626 -1156.0000000000
6667 -1154.0000000000
6689 -1153.0000000000
6690 -1152.0000000000
6709 -1151.0000000000
6723 -1149.0000000000
6775 -1147.0000000000
6786 -1145.0000000000
6812 -1144.0000000000
6823 -1143.0000000000
6846 -1142.0000000000
6850 -1141.0000000000
6862 -1140.0000000000
6889 -1139.0000000000
6908 -1138.0000000000
6928 -1134.0000000000
6966 -1133.0000000000
6987 -1130.0000000000
7006 -1129.0000000000
7033 -1127.0000000000
7052 -1126.0000000000
7073 -1123.0000000000
7110 -1122.0000000000
7115 -1120.0000000000
7137 -1119.0000000000
7146 -1118.0000000000
7150 -1117.0000000000
7184 -1116.0000000000
7203 -1115.0000000000
7215 -1114.0000000000
7232 -1111.0000000000
7245 -1107.0000000000
7300 -1106.0000000000
7309 -1104.0000000000
7341 -1103.0000000000
7350 -1102.0000000000
7385 -1101.0000000000
7426 -1099.0000000000
7452 -1098.0000000000
7471 -1096.0000000000
7483 -1094.0000000000
7488 -1093.0000000000
7518 -1092.0000000000
7528 -1091.0000000000
7544 -1090.0000000000
7587 -1088.0000000000
7608 -1085.0000000000
7626 -1084.0000000000
7664 -1082.0000000000
7685 -1081.0000000000
7696 -1080.0000000000
7702 -1078.0000000000
7751 -1077.0000000000
7767 -1076.0000000000
7770 -1075.0000000000
7783 -1074.0000000000
7801 -1073.0000000000
7813 -1072.0000000000
7830 -1071.0000000000
7843 -1070.0000000000
7868 -1069.0000000000
7869 -1068.0000000000
7883 -1066.0000000000
7912 -1065.0000000000
7927 -1063.0000000000
7941 -1062.0000000000
7966 -1061.0000000000
7967 -1060.0000000000
7983 -1059.0000000000
7992 -1058.0000000000
8005 -1057.0000000000
8024 -1056.0000000000
8032 -1055.0000000000
8049 -1053.0000000000
8073 -1050.0000000000
8132 -1049.0000000000
8158 -1048.0000000000
8174 -1046.0000000000
8206 -1045.0000000000
8229 -1044.0000000000
8230 -1043.0000000000
8255 -1042.0000000000
8263 -1039.0000000000
8282 -1038.0000000000
8307 -1037.0000000000
8324 -1035.0000000000
8363 -1033.0000000000
8381 -1032.0000000000
8404 -1030.0000000000
8430 -1027.0000000000
8439 -1026.0000000000
8470 -1024.0000000000
8484 -1023.0000000000
8505 -1021.0000000000
8540 -1020.0000000000
8557 -1019.0000000000
8562 -1018.0000000000
8563 -1017.0000000000
8572 -1016.0000000000
8606 -1015.0000000000
8622 -1014.0000000000
8646 -1013.0000000000
8655 -1012.0000000000
8678 -1011.0000000000
8685 -1010.0000000000
8728 -1009.0000000000
8745 -1008.0000000000
8776 -1007.0000000000
8783 -1006.0000000000
8813 -1004.0000000000
8831 -1003.0000000000
8849 -1001.0000000000
8879 -1000.0000000000
8906 -998.0000000000
8925 -996.0000000000
8944 -994.0000000000
8963 -993.0000000000
8987 -991.0000000000
9011 -990.0000000000
9023 -988.0000000000
9052 -987.0000000000
9067 -986.0000000000
9102 -985.0000000000
9105 -984.0000000000
9119 -983.0000000000
9128 -982.0000000000
9142 -980.0000000000
9159 -978.0000000000
9197 -977.0000000000
9205 -976.0000000000
9238 -975.0000000000
9244 -973.0000000000
9292 -972.0000000000
9304 -970.0000000000
9321 -969.0000000000
9331 -968.0000000000
9355 -967.0000000000
9383 -966.0000000000
9415 -965.0000000000
9421 -964.0000000000
9431 -963.0000000000
9445 -962.0000000000
9464 -961.0000000000
9470 -960.0000000000
9491 -957.0000000000
9524 -955.0000000000
9542 -953.0000000000
9568 -950.0000000000
9585 -949.0000000000
9616 -948.0000000000
9633 -947.0000000000
9639 -946.0000000000
9645 -945.0000000000
9657 -943.0000000000
9688 -942.0000000000
9699 -941.0000000000
9714 -940.0000000000
9724 -939.0000000000
9741 -938.0000000000
9765 -937.0000000000
9766 -936.0000000000
9802 -935.0000000000
9832 -933.0000000000
9844 -931.0000000000
9873 -929.0000000000
9891 -928.0000000000
9933 -927.0000000000
9941 -925.0000000000
9985 -924.0000000000
10000 -926.0000000000
