evaluations raw_y
1 95.0000000000
2 178.0000000000
3 198.0000000000
4 287.0000000000
5 317.0000000000
6 375.0000000000
7 397.0000000000
8 432.0000000000
10 525.0000000000
11 530.0000000000
12 584.0000000000
14 639.0000000000
16 678.0000000000
17 769.0000000000
18 817.0000000000
19 892.0000000000
20 934.0000000000
21 984.0000000000
22 994.0000000000
23 1046.0000000000
24 1057.0000000000
25 1125.0000000000
26 1150.0000000000
27 1219.0000000000
28 1278.0000000000
29 1357.0000000000
30 1439.0000000000
31 1536.0000000000
32 1608.0000000000
33 1665.0000000000
34 1712.0000000000
35 1779.0000000000
36 1820.0000000000
38 1834.0000000000
39 1842.0000000000
40 1918.0000000000
41 1983.0000000000
42 2001.0000000000
44 2062.0000000000
47 2066.0000000000
48 2094.0000000000
51 2178.0000000000
52 2197.0000000000
53 2229.0000000000
54 2235.0000000000
55 2322.0000000000
58 2345.0000000000
60 2433.0000000000
64 2482.0000000000
68 2553.0000000000
71 2554.0000000000
77 2617.0000000000
79 2653.0000000000
80 2669.0000000000
82 2693.0000000000
90 2778.0000000000
91 2807.0000000000
100 2860.0000000000
102 2938.0000000000
105 3028.0000000000
108 3066.0000000000
110 3092.0000000000
112 3137.0000000000
113 3233.0000000000
116 3297.0000000000
117 3331.0000000000
122 3393.0000000000
128 3405.0000000000
129 3471.0000000000
130 3486.0000000000
136 3586.0000000000
137 3678.0000000000
140 3758.0000000000
141 3809.0000000000
143 3826.0000000000
147 3920.0000000000
159 3994.0000000000
160 4093.0000000000
166 4096.0000000000
170 4133.0000000000
171 4179.0000000000
177 4210.0000000000
185 4231.0000000000
186 4329.0000000000
190 4373.0000000000
199 4454.0000000000
221 4510.0000000000
222 4550.0000000000
232 4636.0000000000
241 4706.0000000000
242 4708.0000000000
258 4751.0000000000
265 4828.0000000000
268 4837.0000000000
278 4844.0000000000
281 4904.0000000000
300 4931.0000000000
352 4944.0000000000
387 5017.0000000000
492 5050.0000000000
evaluations raw_y
1 14.0000000000
2 113.0000000000
3 131.0000000000
4 156.0000000000
5 186.0000000000
7 274.0000000000
8 286.0000000000
9 327.0000000000
10 422.0000000000
11 429.0000000000
12 529.0000000000
13 604.0000000000
14 666.0000000000
15 753.0000000000
16 835.0000000000
17 882.0000000000
18 955.0000000000
19 972.0000000000
20 1022.0000000000
21 1060.0000000000
22 1064.0000000000
24 1084.0000000000
25 1173.0000000000
26 1215.0000000000
28 1312.0000000000
30 1344.0000000000
31 1409.0000000000
32 1440.0000000000
33 1462.0000000000
36 1547.0000000000
37 1576.0000000000
39 1660.0000000000
40 1741.0000000000
41 1827.0000000000
43 1843.0000000000
45 1896.0000000000
46 1942.0000000000
50 1943.0000000000
52 1956.0000000000
54 1964.0000000000
56 2062.0000000000
57 2064.0000000000
59 2147.0000000000
62 2201.0000000000
63 2204.0000000000
65 2296.0000000000
68 2362.0000000000
69 2429.0000000000
70 2488.0000000000
71 2557.0000000000
72 2601.0000000000
73 2638.0000000000
74 2647.0000000000
75 2675.0000000000
77 2736.0000000000
80 2779.0000000000
81 2875.0000000000
82 2953.0000000000
84 2987.0000000000
89 3061.0000000000
90 3067.0000000000
92 3112.0000000000
94 3203.0000000000
103 3259.0000000000
104 3307.0000000000
106 3326.0000000000
107 3377.0000000000
109 3437.0000000000
111 3447.0000000000
115 3486.0000000000
116 3521.0000000000
117 3589.0000000000
125 3612.0000000000
126 3648.0000000000
128 3719.0000000000
132 3791.0000000000
134 3861.0000000000
136 3919.0000000000
139 3983.0000000000
144 4032.0000000000
147 4109.0000000000
154 4188.0000000000
178 4281.0000000000
184 4371.0000000000
192 4376.0000000000
199 4452.0000000000
206 4473.0000000000
207 4497.0000000000
242 4560.0000000000
248 4586.0000000000
280 4680.0000000000
281 4691.0000000000
283 4718.0000000000
367 4773.0000000000
375 4830.0000000000
412 4845.0000000000
444 4878.0000000000
479 4930.0000000000
530 5010.0000000000
568 5050.0000000000
evaluations raw_y
1 71.0000000000
2 134.0000000000
3 141.0000000000
4 216.0000000000
5 295.0000000000
6 323.0000000000
7 370.0000000000
8 406.0000000000
9 492.0000000000
12 582.0000000000
13 613.0000000000
14 639.0000000000
15 684.0000000000
16 782.0000000000
17 812.0000000000
18 814.0000000000
20 866.0000000000
21 965.0000000000
22 986.0000000000
23 1030.0000000000
24 1086.0000000000
26 1100.0000000000
27 1142.0000000000
28 1162.0000000000
31 1249.0000000000
32 1262.0000000000
33 1326.0000000000
34 1334.0000000000
35 1371.0000000000
37 1400.0000000000
38 1435.0000000000
40 1446.0000000000
41 1528.0000000000
43 1550.0000000000
44 1643.0000000000
45 1740.0000000000
46 1780.0000000000
47 1814.0000000000
49 1871.0000000000
51 1960.0000000000
52 2048.0000000000
56 2101.0000000000
57 2168.0000000000
59 2244.0000000000
60 2312.0000000000
62 2337.0000000000
63 2417.0000000000
64 2432.0000000000
65 2491.0000000000
66 2497.0000000000
67 2506.0000000000
68 2568.0000000000
69 2586.0000000000
70 2602.0000000000
72 2656.0000000000
75 2657.0000000000
76 2738.0000000000
77 2757.0000000000
78 2796.0000000000
79 2842.0000000000
80 2934.0000000000
81 2985.0000000000
84 3051.0000000000
85 3125.0000000000
88 3135.0000000000
92 3138.0000000000
96 3232.0000000000
100 3317.0000000000
103 3334.0000000000
106 3403.0000000000
108 3436.0000000000
109 3509.0000000000
112 3559.0000000000
117 3608.0000000000
123 3699.0000000000
125 3737.0000000000
131 3749.0000000000
133 3773.0000000000
134 3857.0000000000
141 3957.0000000000
145 4040.0000000000
150 4112.0000000000
151 4208.0000000000
159 4213.0000000000
170 4283.0000000000
172 4324.0000000000
190 4382.0000000000
191 4405.0000000000
200 4465.0000000000
204 4543.0000000000
210 4570.0000000000
217 4647.0000000000
240 4695.0000000000
241 4727.0000000000
273 4792.0000000000
286 4887.0000000000
318 4891.0000000000
348 4946.0000000000
461 4989.0000000000
519 5050.0000000000
evaluations raw_y
1 89.0000000000
2 166.0000000000
3 254.0000000000
4 277.0000000000
5 344.0000000000
6 424.0000000000
8 449.0000000000
9 451.0000000000
10 542.0000000000
11 572.0000000000
12 620.0000000000
13 690.0000000000
14 730.0000000000
15 830.0000000000
16 833.0000000000
17 838.0000000000
20 848.0000000000
21 876.0000000000
22 928.0000000000
23 961.0000000000
24 1034.0000000000
25 1133.0000000000
26 1211.0000000000
27 1217.0000000000
28 1261.0000000000
29 1318.0000000000
30 1377.0000000000
31 1427.0000000000
32 1434.0000000000
33 1456.0000000000
34 1522.0000000000
35 1614.0000000000
36 1646.0000000000
37 1647.0000000000
38 1723.0000000000
39 1808.0000000000
41 1824.0000000000
46 1839.0000000000
48 1843.0000000000
51 1885.0000000000
52 1938.0000000000
53 1956.0000000000
55 1991.0000000000
56 2060.0000000000
57 2131.0000000000
59 2192.0000000000
62 2266.0000000000
63 2330.0000000000
64 2392.0000000000
66 2489.0000000000
70 2561.0000000000
72 2592.0000000000
74 2611.0000000000
75 2665.0000000000
76 2740.0000000000
77 2760.0000000000
78 2784.0000000000
80 2820.0000000000
81 2828.0000000000
84 2926.0000000000
89 2971.0000000000
103 3065.0000000000
104 3147.0000000000
107 3168.0000000000
108 3207.0000000000
111 3290.0000000000
112 3377.0000000000
116 3470.0000000000
117 3496.0000000000
119 3542.0000000000
121 3621.0000000000
122 3686.0000000000
124 3703.0000000000
126 3771.0000000000
128 3861.0000000000
136 3874.0000000000
137 3955.0000000000
150 3993.0000000000
163 4005.0000000000
168 4039.0000000000
171 4088.0000000000
172 4143.0000000000
177 4157.0000000000
178 4208.0000000000
180 4294.0000000000
181 4390.0000000000
185 4448.0000000000
189 4508.0000000000
194 4551.0000000000
195 4646.0000000000
207 4709.0000000000
209 4738.0000000000
213 4785.0000000000
217 4841.0000000000
219 4850.0000000000
223 4887.0000000000
238 4928.0000000000
249 4955.0000000000
263 4966.0000000000
334 5050.0000000000
evaluations raw_y
1 12.0000000000
2 105.0000000000
3 178.0000000000
4 188.0000000000
5 239.0000000000
6 262.0000000000
7 263.0000000000
8 292.0000000000
9 310.0000000000
10 376.0000000000
11 404.0000000000
12 472.0000000000
13 510.0000000000
16 597.0000000000
17 691.0000000000
18 767.0000000000
20 775.0000000000
21 796.0000000000
22 837.0000000000
23 846.0000000000
24 936.0000000000
25 986.0000000000
26 1018.0000000000
28 1082.0000000000
29 1152.0000000000
30 1248.0000000000
31 1336.0000000000
32 1358.0000000000
33 1437.0000000000
34 1517.0000000000
35 1614.0000000000
36 1709.0000000000
37 1770.0000000000
38 1856.0000000000
41 1904.0000000000
42 1962.0000000000
43 2017.0000000000
45 2052.0000000000
46 2094.0000000000
48 2127.0000000000
51 2170.0000000000
54 2215.0000000000
57 2217.0000000000
58 2221.0000000000
59 2321.0000000000
61 2390.0000000000
63 2475.0000000000
65 2511.0000000000
66 2522.0000000000
69 2614.0000000000
72 2679.0000000000
74 2739.0000000000
77 2753.0000000000
80 2783.0000000000
83 2855.0000000000
84 2932.0000000000
86 3007.0000000000
87 3010.0000000000
88 3073.0000000000
90 3162.0000000000
91 3211.0000000000
92 3218.0000000000
94 3223.0000000000
95 3267.0000000000
103 3282.0000000000
104 3344.0000000000
105 3418.0000000000
106 3443.0000000000
107 3483.0000000000
108 3503.0000000000
119 3516.0000000000
123 3614.0000000000
126 3641.0000000000
129 3700.0000000000
131 3716.0000000000
135 3807.0000000000
137 3888.0000000000
143 3959.0000000000
146 3990.0000000000
151 4068.0000000000
153 4074.0000000000
163 4126.0000000000
172 4209.0000000000
181 4228.0000000000
182 4252.0000000000
184 4306.0000000000
193 4390.0000000000
195 4443.0000000000
198 4510.0000000000
203 4549.0000000000
204 4575.0000000000
207 4657.0000000000
239 4703.0000000000
259 4720.0000000000
267 4757.0000000000
278 4791.0000000000
298 4838.0000000000
303 4894.0000000000
322 4993.0000000000
660 5050.0000000000
evaluations raw_y
1 2.0000000000
2 82.0000000000
3 180.0000000000
4 222.0000000000
5 237.0000000000
6 241.0000000000
8 336.0000000000
9 420.0000000000
10 499.0000000000
11 586.0000000000
14 644.0000000000
15 693.0000000000
16 778.0000000000
17 846.0000000000
18 912.0000000000
19 988.0000000000
20 1043.0000000000
21 1102.0000000000
22 1150.0000000000
23 1172.0000000000
24 1218.0000000000
26 1299.0000000000
27 1334.0000000000
28 1401.0000000000
29 1434.0000000000
30 1488.0000000000
31 1515.0000000000
34 1540.0000000000
35 1603.0000000000
37 1692.0000000000
38 1778.0000000000
39 1848.0000000000
40 1898.0000000000
41 1919.0000000000
42 1950.0000000000
43 2011.0000000000
44 2068.0000000000
46 2160.0000000000
48 2203.0000000000
50 2272.0000000000
51 2286.0000000000
52 2357.0000000000
53 2369.0000000000
54 2410.0000000000
56 2421.0000000000
57 2474.0000000000
60 2564.0000000000
61 2581.0000000000
63 2637.0000000000
65 2725.0000000000
67 2757.0000000000
69 2850.0000000000
71 2857.0000000000
73 2917.0000000000
74 2925.0000000000
76 2931.0000000000
77 3006.0000000000
79 3046.0000000000
82 3108.0000000000
83 3186.0000000000
86 3204.0000000000
88 3278.0000000000
90 3302.0000000000
91 3401.0000000000
94 3429.0000000000
95 3459.0000000000
97 3510.0000000000
101 3520.0000000000
102 3521.0000000000
103 3558.0000000000
105 3603.0000000000
108 3632.0000000000
114 3715.0000000000
120 3811.0000000000
126 3816.0000000000
127 3913.0000000000
131 3985.0000000000
132 4004.0000000000
134 4043.0000000000
144 4079.0000000000
145 4161.0000000000
147 4187.0000000000
148 4252.0000000000
150 4268.0000000000
152 4315.0000000000
166 4359.0000000000
172 4393.0000000000
183 4493.0000000000
188 4502.0000000000
195 4505.0000000000
213 4578.0000000000
221 4591.0000000000
231 4614.0000000000
252 4652.0000000000
262 4716.0000000000
272 4810.0000000000
299 4901.0000000000
332 4978.0000000000
349 5030.0000000000
350 5050.0000000000
evaluations raw_y
1 35.0000000000
2 112.0000000000
3 129.0000000000
4 185.0000000000
5 258.0000000000
6 311.0000000000
7 350.0000000000
8 410.0000000000
9 502.0000000000
10 595.0000000000
11 677.0000000000
12 697.0000000000
13 759.0000000000
14 820.0000000000
15 868.0000000000
16 920.0000000000
17 944.0000000000
18 975.0000000000
19 1071.0000000000
20 1158.0000000000
22 1237.0000000000
23 1271.0000000000
25 1337.0000000000
27 1375.0000000000
28 1418.0000000000
29 1446.0000000000
30 1511.0000000000
31 1529.0000000000
32 1597.0000000000
33 1601.0000000000
34 1677.0000000000
35 1752.0000000000
37 1824.0000000000
38 1882.0000000000
40 1904.0000000000
42 1950.0000000000
43 2005.0000000000
44 2085.0000000000
45 2171.0000000000
46 2260.0000000000
47 2351.0000000000
50 2372.0000000000
51 2381.0000000000
52 2475.0000000000
53 2539.0000000000
54 2546.0000000000
57 2583.0000000000
58 2610.0000000000
59 2613.0000000000
60 2708.0000000000
64 2755.0000000000
65 2795.0000000000
68 2809.0000000000
71 2850.0000000000
72 2934.0000000000
74 3008.0000000000
79 3033.0000000000
81 3083.0000000000
84 3115.0000000000
85 3126.0000000000
86 3211.0000000000
88 3213.0000000000
90 3214.0000000000
92 3285.0000000000
94 3329.0000000000
96 3419.0000000000
99 3445.0000000000
103 3490.0000000000
115 3588.0000000000
119 3685.0000000000
122 3754.0000000000
123 3777.0000000000
128 3792.0000000000
129 3875.0000000000
142 3945.0000000000
143 3978.0000000000
155 4035.0000000000
160 4077.0000000000
169 4136.0000000000
172 4217.0000000000
182 4280.0000000000
190 4380.0000000000
203 4447.0000000000
207 4457.0000000000
218 4506.0000000000
243 4522.0000000000
254 4621.0000000000
272 4672.0000000000
288 4701.0000000000
293 4706.0000000000
296 4719.0000000000
305 4749.0000000000
321 4757.0000000000
326 4763.0000000000
344 4817.0000000000
355 4829.0000000000
419 4848.0000000000
439 4926.0000000000
484 5014.0000000000
677 5050.0000000000
evaluations raw_y
1 66.0000000000
2 135.0000000000
3 177.0000000000
4 186.0000000000
5 217.0000000000
6 224.0000000000
7 237.0000000000
8 297.0000000000
9 329.0000000000
10 402.0000000000
11 473.0000000000
12 487.0000000000
14 534.0000000000
15 613.0000000000
16 640.0000000000
17 712.0000000000
18 717.0000000000
19 794.0000000000
21 800.0000000000
22 885.0000000000
23 975.0000000000
24 1021.0000000000
25 1074.0000000000
26 1141.0000000000
28 1217.0000000000
29 1247.0000000000
30 1284.0000000000
31 1300.0000000000
32 1301.0000000000
36 1382.0000000000
38 1447.0000000000
39 1521.0000000000
40 1569.0000000000
41 1633.0000000000
42 1733.0000000000
45 1803.0000000000
46 1852.0000000000
48 1873.0000000000
52 1913.0000000000
53 1969.0000000000
54 2044.0000000000
56 2068.0000000000
57 2097.0000000000
58 2149.0000000000
60 2207.0000000000
63 2258.0000000000
65 2273.0000000000
66 2284.0000000000
68 2382.0000000000
70 2390.0000000000
72 2487.0000000000
73 2521.0000000000
74 2540.0000000000
80 2620.0000000000
81 2646.0000000000
82 2656.0000000000
83 2749.0000000000
85 2803.0000000000
86 2847.0000000000
87 2935.0000000000
88 2985.0000000000
91 3080.0000000000
94 3169.0000000000
100 3214.0000000000
102 3226.0000000000
103 3320.0000000000
104 3324.0000000000
106 3347.0000000000
109 3415.0000000000
112 3501.0000000000
118 3523.0000000000
122 3562.0000000000
126 3595.0000000000
129 3650.0000000000
134 3737.0000000000
136 3815.0000000000
143 3872.0000000000
147 3908.0000000000
148 3991.0000000000
150 4052.0000000000
153 4077.0000000000
165 4161.0000000000
167 4252.0000000000
170 4311.0000000000
172 4314.0000000000
173 4396.0000000000
191 4413.0000000000
195 4431.0000000000
200 4523.0000000000
205 4586.0000000000
228 4629.0000000000
250 4728.0000000000
272 4730.0000000000
307 4750.0000000000
311 4791.0000000000
320 4826.0000000000
350 4888.0000000000
402 4926.0000000000
505 5022.0000000000
584 5050.0000000000
evaluations raw_y
1 60.0000000000
2 89.0000000000
3 169.0000000000
4 227.0000000000
5 252.0000000000
6 258.0000000000
7 296.0000000000
8 338.0000000000
9 389.0000000000
10 401.0000000000
11 436.0000000000
12 480.0000000000
13 572.0000000000
14 594.0000000000
15 641.0000000000
16 680.0000000000
17 683.0000000000
18 713.0000000000
19 792.0000000000
20 811.0000000000
21 867.0000000000
23 942.0000000000
24 1012.0000000000
25 1066.0000000000
26 1071.0000000000
27 1162.0000000000
28 1258.0000000000
30 1299.0000000000
31 1345.0000000000
32 1388.0000000000
33 1397.0000000000
34 1437.0000000000
36 1445.0000000000
37 1478.0000000000
38 1565.0000000000
39 1602.0000000000
41 1674.0000000000
44 1758.0000000000
45 1832.0000000000
46 1864.0000000000
47 1877.0000000000
48 1904.0000000000
49 1997.0000000000
50 2075.0000000000
51 2146.0000000000
52 2219.0000000000
54 2264.0000000000
55 2358.0000000000
57 2392.0000000000
61 2394.0000000000
62 2476.0000000000
65 2537.0000000000
66 2590.0000000000
68 2640.0000000000
73 2651.0000000000
74 2699.0000000000
75 2748.0000000000
77 2763.0000000000
78 2829.0000000000
80 2897.0000000000
82 2901.0000000000
84 2996.0000000000
87 3086.0000000000
89 3171.0000000000
91 3240.0000000000
94 3266.0000000000
100 3355.0000000000
104 3371.0000000000
106 3428.0000000000
114 3445.0000000000
117 3473.0000000000
122 3538.0000000000
127 3615.0000000000
128 3696.0000000000
129 3796.0000000000
131 3855.0000000000
132 3878.0000000000
133 3896.0000000000
134 3932.0000000000
137 4029.0000000000
143 4060.0000000000
146 4143.0000000000
149 4241.0000000000
158 4308.0000000000
165 4318.0000000000
174 4404.0000000000
181 4411.0000000000
199 4510.0000000000
206 4530.0000000000
209 4606.0000000000
218 4658.0000000000
229 4746.0000000000
259 4809.0000000000
276 4823.0000000000
309 4887.0000000000
310 4908.0000000000
330 4932.0000000000
349 4933.0000000000
374 4988.0000000000
534 5050.0000000000
evaluations raw_y
1 26.0000000000
2 108.0000000000
3 194.0000000000
4 196.0000000000
6 244.0000000000
7 279.0000000000
8 304.0000000000
9 371.0000000000
10 437.0000000000
11 445.0000000000
12 521.0000000000
13 578.0000000000
15 631.0000000000
16 655.0000000000
17 696.0000000000
18 727.0000000000
20 743.0000000000
21 816.0000000000
23 837.0000000000
25 914.0000000000
27 1012.0000000000
28 1030.0000000000
29 1063.0000000000
31 1067.0000000000
33 1084.0000000000
34 1106.0000000000
36 1196.0000000000
41 1224.0000000000
42 1287.0000000000
43 1359.0000000000
45 1388.0000000000
46 1431.0000000000
47 1482.0000000000
48 1573.0000000000
51 1656.0000000000
52 1756.0000000000
53 1843.0000000000
55 1895.0000000000
58 1934.0000000000
59 1953.0000000000
60 1989.0000000000
61 1990.0000000000
63 2039.0000000000
64 2045.0000000000
65 2124.0000000000
66 2209.0000000000
67 2241.0000000000
70 2268.0000000000
71 2310.0000000000
72 2398.0000000000
76 2476.0000000000
77 2522.0000000000
80 2560.0000000000
83 2571.0000000000
84 2618.0000000000
88 2627.0000000000
91 2630.0000000000
94 2719.0000000000
96 2789.0000000000
103 2847.0000000000
107 2918.0000000000
111 2923.0000000000
112 2992.0000000000
113 3060.0000000000
114 3153.0000000000
116 3248.0000000000
119 3262.0000000000
125 3296.0000000000
130 3395.0000000000
131 3408.0000000000
132 3415.0000000000
135 3495.0000000000
136 3579.0000000000
137 3673.0000000000
142 3754.0000000000
145 3813.0000000000
146 3863.0000000000
149 3903.0000000000
151 4000.0000000000
153 4020.0000000000
154 4080.0000000000
170 4110.0000000000
177 4125.0000000000
179 4199.0000000000
183 4236.0000000000
186 4281.0000000000
188 4346.0000000000
191 4438.0000000000
192 4461.0000000000
194 4522.0000000000
198 4584.0000000000
205 4680.0000000000
236 4744.0000000000
255 4799.0000000000
263 4843.0000000000
274 4899.0000000000
343 4953.0000000000
345 4965.0000000000
346 5040.0000000000
473 5050.0000000000
