evaluations raw_y
1 -1986.0000000000
2 -1978.0000000000
5 -1968.0000000000
6 -1882.0000000000
40 -1869.0000000000
53 -1868.0000000000
64 -1851.0000000000
91 -1848.0000000000
112 -1843.0000000000
124 -1836.0000000000
136 -1828.0000000000
143 -1827.0000000000
146 -1818.0000000000
152 -1814.0000000000
172 -1813.0000000000
182 -1807.0000000000
204 -1801.0000000000
206 -1787.0000000000
227 -1782.0000000000
231 -1777.0000000000
243 -1771.0000000000
265 -1759.0000000000
287 -1758.0000000000
302 -1749.0000000000
327 -1748.0000000000
342 -1745.0000000000
353 -1744.0000000000
354 -1743.0000000000
368 -1740.0000000000
369 -1734.0000000000
431 -1733.0000000000
432 -1730.0000000000
453 -1728.0000000000
477 -1727.0000000000
481 -1726.0000000000
484 -1725.0000000000
505 -1724.0000000000
527 -1723.0000000000
541 -1722.0000000000
563 -1719.0000000000
574 -1718.0000000000
604 -1717.0000000000
610 -1715.0000000000
635 -1714.0000000000
646 -1713.0000000000
647 -1712.0000000000
650 -1710.0000000000
688 -1709.0000000000
704 -1708.0000000000
707 -1707.0000000000
710 -1706.0000000000
721 -1705.0000000000
727 -1702.0000000000
747 -1701.0000000000
766 -1700.0000000000
785 -1699.0000000000
803 -1698.0000000000
811 -1697.0000000000
819 -1696.0000000000
847 -1693.0000000000
862 -1692.0000000000
887 -1691.0000000000
912 -1690.0000000000
918 -1688.0000000000
921 -1687.0000000000
935 -1686.0000000000
948 -1683.0000000000
991 -1682.0000000000
1001 -1681.0000000000
1025 -1679.0000000000
1049 -1678.0000000000
1071 -1677.0000000000
1072 -1676.0000000000
1084 -1675.0000000000
1088 -1674.0000000000
1108 -1673.0000000000
1109 -1671.0000000000
1134 -1667.0000000000
1163 -1666.0000000000
1167 -1665.0000000000
1192 -1664.0000000000
1203 -1663.0000000000
1216 -1662.0000000000
1226 -1661.0000000000
1244 -1657.0000000000
1270 -1655.0000000000
1290 -1654.0000000000
1303 -1651.0000000000
1327 -1650.0000000000
1346 -1647.0000000000
1366 -1644.0000000000
1407 -1643.0000000000
1435 -1641.0000000000
1442 -1640.0000000000
1464 -1639.0000000000
1467 -1638.0000000000
1482 -1637.0000000000
1500 -1636.0000000000
1508 -1635.0000000000
1512 -1634.0000000000
1522 -1633.0000000000
1543 -1632.0000000000
1562 -1630.0000000000
1585 -1629.0000000000
1599 -1627.0000000000
1617 -1625.0000000000
1634 -1623.0000000000
1666 -1622.0000000000
1686 -1619.0000000000
1720 -1617.0000000000
1724 -1615.0000000000
1767 -1614.0000000000
1793 -1613.0000000000
1802 -1612.0000000000
1821 -1609.0000000000
1842 -1608.0000000000
1851 -1603.0000000000
1868 -1600.0000000000
1904 -1599.0000000000
1936 -1598.0000000000
1972 -1597.0000000000
1981 -1596.0000000000
1984 -1594.0000000000
2016 -1593.0000000000
2026 -1590.0000000000
2051 -1589.0000000000
2064 -1588.0000000000
2073 -1587.0000000000
2079 -1586.0000000000
2081 -1585.0000000000
2107 -1581.0000000000
2141 -1578.0000000000
2168 -1577.0000000000
2183 -1576.0000000000
2206 -1575.0000000000
2211 -1573.0000000000
2224 -1570.0000000000
2266 -1568.0000000000
2289 -1566.0000000000
2304 -1564.0000000000
2318 -1563.0000000000
2329 -1561.0000000000
2341 -1560.0000000000
2351 -1559.0000000000
2371 -1557.0000000000
2381 -1554.0000000000
2402 -1552.0000000000
2438 -1550.0000000000
2441 -1549.0000000000
2475 -1547.0000000000
2497 -1546.0000000000
2508 -1545.0000000000
2513 -1544.0000000000
2537 -1543.0000000000
2547 -1542.0000000000
2548 -1539.0000000000
2561 -1537.0000000000
2602 -1536.0000000000
2611 -1535.0000000000
2624 -1534.0000000000
2641 -1532.0000000000
2651 -1531.0000000000
2668 -1530.0000000000
2685 -1529.0000000000
2701 -1528.0000000000
2711 -1527.0000000000
2738 -1526.0000000000
2752 -1525.0000000000
2761 -1523.0000000000
2783 -1522.0000000000
2803 -1521.0000000000
2823 -1519.0000000000
2861 -1514.0000000000
2889 -1512.0000000000
2907 -1510.0000000000
2923 -1509.0000000000
2962 -1508.0000000000
2964 -1507.0000000000
3002 -1506.0000000000
3003 -1504.0000000000
3014 -1502.0000000000
3023 -1501.0000000000
3043 -1499.0000000000
3068 -1498.0000000000
3083 -1497.0000000000
3102 -1496.0000000000
3105 -1492.0000000000
3123 -1491.0000000000
3154 -1490.0000000000
3161 -1489.0000000000
3169 -1488.0000000000
3178 -1487.0000000000
3194 -1486.0000000000
3197 -1484.0000000000
3229 -1482.0000000000
3244 -1480.0000000000
3284 -1478.0000000000
3301 -1477.0000000000
3326 -1476.0000000000
3346 -1475.0000000000
3348 -1474.0000000000
3366 -1473.0000000000
3370 -1472.0000000000
3381 -1470.0000000000
3401 -1469.0000000000
3424 -1468.0000000000
3446 -1467.0000000000
3449 -1466.0000000000
3463 -1465.0000000000
3471 -1464.0000000000
3493 -1463.0000000000
3510 -1462.0000000000
3526 -1461.0000000000
3545 -1460.0000000000
3552 -1459.0000000000
3562 -1456.0000000000
3581 -1455.0000000000
3588 -1453.0000000000
3619 -1451.0000000000
3643 -1450.0000000000
3675 -1448.0000000000
3681 -1447.0000000000
3688 -1446.0000000000
3721 -1443.0000000000
3749 -1440.0000000000
3812 -1436.0000000000
3866 -1435.0000000000
3887 -1434.0000000000
3899 -1432.0000000000
3910 -1430.0000000000
3926 -1429.0000000000
3964 -1428.0000000000
3969 -1427.0000000000
3982 -1426.0000000000
3983 -1424.0000000000
4015 -1422.0000000000
4042 -1420.0000000000
4083 -1419.0000000000
4087 -1416.0000000000
4098 -1415.0000000000
4123 -1414.0000000000
4134 -1412.0000000000
4149 -1411.0000000000
4180 -1410.0000000000
4184 -1409.0000000000
4220 -1408.0000000000
4253 -1407.0000000000
4259 -1406.0000000000
4266 -1405.0000000000
4285 -1404.0000000000
4294 -1403.0000000000
4319 -1402.0000000000
4321 -1400.0000000000
4346 -1399.0000000000
4355 -1397.0000000000
4371 -1396.0000000000
4382 -1394.0000000000
4391 -1393.0000000000
4395 -1392.0000000000
4407 -1391.0000000000
4409 -1390.0000000000
4426 -1388.0000000000
4442 -1386.0000000000
4464 -1385.0000000000
4482 -1384.0000000000
4490 -1383.0000000000
4508 -1380.0000000000
4524 -1379.0000000000
4547 -1378.0000000000
4575 -1376.0000000000
4578 -1375.0000000000
4591 -1373.0000000000
4611 -1371.0000000000
4622 -1370.0000000000
4642 -1369.0000000000
4662 -1367.0000000000
4684 -1366.0000000000
4709 -1365.0000000000
4711 -1363.0000000000
4724 -1362.0000000000
4728 -1361.0000000000
4748 -1359.0000000000
4784 -1358.0000000000
4798 -1357.0000000000
4802 -1356.0000000000
4805 -1354.0000000000
4852 -1353.0000000000
4859 -1352.0000000000
4877 -1350.0000000000
4882 -1348.0000000000
4924 -1347.0000000000
4930 -1345.0000000000
4966 -1344.0000000000
4969 -1343.0000000000
4972 -1342.0000000000
4992 -1341.0000000000
5009 -1340.0000000000
5020 -1339.0000000000
5038 -1337.0000000000
5052 -1335.0000000000
5077 -1334.0000000000
5093 -1332.0000000000
5113 -1331.0000000000
5129 -1328.0000000000
5146 -1325.0000000000
5176 -1322.0000000000
5202 -1321.0000000000
5205 -1320.0000000000
5242 -1318.0000000000
5255 -1316.0000000000
5284 -1314.0000000000
5315 -1311.0000000000
5335 -1310.0000000000
5363 -1309.0000000000
5384 -1306.0000000000
5428 -1305.0000000000
5429 -1304.0000000000
5453 -1303.0000000000
5465 -1301.0000000000
5504 -1300.0000000000
5514 -1299.0000000000
5542 -1297.0000000000
5566 -1296.0000000000
5581 -1295.0000000000
5602 -1294.0000000000
5620 -1293.0000000000
5622 -1292.0000000000
5624 -1291.0000000000
5647 -1290.0000000000
5669 -1289.0000000000
5681 -1287.0000000000
5709 -1285.0000000000
5742 -1284.0000000000
5762 -1282.0000000000
5783 -1278.0000000000
5817 -1274.0000000000
5836 -1273.0000000000
5843 -1272.0000000000
5864 -1271.0000000000
5884 -1269.0000000000
5916 -1268.0000000000
5931 -1266.0000000000
5941 -1265.0000000000
5960 -1264.0000000000
5972 -1262.0000000000
5994 -1261.0000000000
6004 -1260.0000000000
6028 -1258.0000000000
6039 -1257.0000000000
6047 -1256.0000000000
6063 -1255.0000000000
6081 -1252.0000000000
6103 -1251.0000000000
6121 -1250.0000000000
6142 -1249.0000000000
6181 -1247.0000000000
6198 -1246.0000000000
6228 -1245.0000000000
6236 -1244.0000000000
6248 -1242.0000000000
6287 -1241.0000000000
6304 -1239.0000000000
6323 -1238.0000000000
6342 -1235.0000000000
6353 -1233.0000000000
6367 -1232.0000000000
6406 -1229.0000000000
6449 -1228.0000000000
6452 -1227.0000000000
6462 -1226.0000000000
6487 -1225.0000000000
6504 -1223.0000000000
6507 -1222.0000000000
6540 -1221.0000000000
6544 -1219.0000000000
6582 -1218.0000000000
6586 -1217.0000000000
6607 -1215.0000000000
6625 -1213.0000000000
6647 -1212.0000000000
6668 -1211.0000000000
6698 -1208.0000000000
6725 -1207.0000000000
6746 -1206.0000000000
6771 -1205.0000000000
6805 -1204.0000000000
6822 -1203.0000000000
6833 -1202.0000000000
6852 -1199.0000000000
6897 -1198.0000000000
6902 -1196.0000000000
6921 -1195.0000000000
6939 -1194.0000000000
6944 -1193.0000000000
6946 -1192.0000000000
6951 -1191.0000000000
6952 -1190.0000000000
6979 -1189.0000000000
6985 -1187.0000000000
7023 -1186.0000000000
7041 -1184.0000000000
7085 -1183.0000000000
7092 -1182.0000000000
7094 -1181.0000000000
7122 -1179.0000000000
7131 -1177.0000000000
7168 -1176.0000000000
7184 -1175.0000000000
7202 -1174.0000000000
7210 -1172.0000000000
7242 -1170.0000000000
7282 -1169.0000000000
7289 -1168.0000000000
7304 -1167.0000000000
7337 -1166.0000000000
7340 -1165.0000000000
7342 -1164.0000000000
7371 -1161.0000000000
7414 -1158.0000000000
7443 -1156.0000000000
7485 -1151.0000000000
7522 -1150.0000000000
7530 -1149.0000000000
7553 -1148.0000000000
7572 -1147.0000000000
7578 -1146.0000000000
7594 -1144.0000000000
7603 -1143.0000000000
7624 -1142.0000000000
7650 -1141.0000000000
7658 -1140.0000000000
7662 -1136.0000000000
7705 -1135.0000000000
7725 -1133.0000000000
7745 -1132.0000000000
7783 -1131.0000000000
7786 -1130.0000000000
7822 -1128.0000000000
7844 -1127.0000000000
7863 -1126.0000000000
7887 -1124.0000000000
7901 -1123.0000000000
7916 -1122.0000000000
7924 -1121.0000000000
7941 -1120.0000000000
7963 -1117.0000000000
7983 -1116.0000000000
8001 -1115.0000000000
8003 -1114.0000000000
8026 -1112.0000000000
8063 -1110.0000000000
8073 -1109.0000000000
8090 -1107.0000000000
8104 -1106.0000000000
8113 -1105.0000000000
8124 -1103.0000000000
8153 -1102.0000000000
8162 -1100.0000000000
8211 -1099.0000000000
8224 -1098.0000000000
8245 -1096.0000000000
8268 -1094.0000000000
8286 -1093.0000000000
8322 -1091.0000000000
8363 -1090.0000000000
8381 -1089.0000000000
8397 -1088.0000000000
8410 -1085.0000000000
8464 -1084.0000000000
8467 -1082.0000000000
8497 -1080.0000000000
8503 -1079.0000000000
8553 -1078.0000000000
8563 -1076.0000000000
8603 -1075.0000000000
8611 -1074.0000000000
8640 -1073.0000000000
8643 -1072.0000000000
8649 -1071.0000000000
8672 -1069.0000000000
8709 -1068.0000000000
8727 -1067.0000000000
8741 -1065.0000000000
8782 -1064.0000000000
8786 -1063.0000000000
8819 -1061.0000000000
8835 -1060.0000000000
8844 -1059.0000000000
8854 -1057.0000000000
8881 -1056.0000000000
8908 -1055.0000000000
8910 -1052.0000000000
8949 -1050.0000000000
8962 -1049.0000000000
8986 -1048.0000000000
8988 -1046.0000000000
9002 -1045.0000000000
9021 -1043.0000000000
9043 -1042.0000000000
9055 -1041.0000000000
9062 -1040.0000000000
9076 -1039.0000000000
9105 -1038.0000000000
9109 -1037.0000000000
9143 -1035.0000000000
9173 -1032.0000000000
9205 -1031.0000000000
9206 -1030.0000000000
9226 -1029.0000000000
9256 -1028.0000000000
9262 -1026.0000000000
9284 -1025.0000000000
9286 -1023.0000000000
9303 -1022.0000000000
9325 -1021.0000000000
9379 -1020.0000000000
9389 -1019.0000000000
9421 -1015.0000000000
9473 -1014.0000000000
9515 -1013.0000000000
9537 -1011.0000000000
9543 -1010.0000000000
9563 -1008.0000000000
9600 -1007.0000000000
9605 -1006.0000000000
9624 -1005.0000000000
9656 -1004.0000000000
9661 -1001.0000000000
9708 -1000.0000000000
9717 -999.0000000000
9737 -998.0000000000
9760 -997.0000000000
9781 -995.0000000000
9813 -993.0000000000
9840 -992.0000000000
9851 -991.0000000000
9875 -989.0000000000
9887 -988.0000000000
9935 -987.0000000000
9974 -985.0000000000
10000 -986.0000000000
