evaluations raw_y
1 -237.0000000000
2 -225.0000000000
3 -211.0000000000
9 -182.0000000000
18 -180.0000000000
25 -177.0000000000
43 -173.0000000000
64 -171.0000000000
71 -169.0000000000
78 -166.0000000000
86 -162.0000000000
104 -161.0000000000
119 -160.0000000000
126 -159.0000000000
134 -158.0000000000
136 -156.0000000000
150 -155.0000000000
154 -154.0000000000
166 -153.0000000000
175 -152.0000000000
187 -151.0000000000
194 -150.0000000000
202 -147.0000000000
231 -145.0000000000
236 -143.0000000000
263 -142.0000000000
267 -140.0000000000
271 -137.0000000000
296 -136.0000000000
304 -134.0000000000
325 -132.0000000000
342 -131.0000000000
346 -130.0000000000
356 -128.0000000000
368 -127.0000000000
369 -126.0000000000
371 -125.0000000000
380 -123.0000000000
415 -122.0000000000
424 -121.0000000000
430 -120.0000000000
445 -119.0000000000
457 -118.0000000000
472 -117.0000000000
474 -116.0000000000
497 -115.0000000000
502 -114.0000000000
518 -113.0000000000
526 -110.0000000000
533 -109.0000000000
563 -107.0000000000
585 -106.0000000000
596 -105.0000000000
606 -104.0000000000
627 -103.0000000000
631 -102.0000000000
648 -100.0000000000
675 -99.0000000000
693 -98.0000000000
706 -97.0000000000
710 -96.0000000000
712 -94.0000000000
749 -92.0000000000
783 -91.0000000000
785 -90.0000000000
792 -89.0000000000
811 -88.0000000000
828 -86.0000000000
845 -83.0000000000
866 -82.0000000000
881 -81.0000000000
887 -80.0000000000
895 -78.0000000000
913 -77.0000000000
955 -74.0000000000
998 -73.0000000000
1005 -71.0000000000
1015 -70.0000000000
1038 -68.0000000000
1063 -67.0000000000
1069 -64.0000000000
1092 -62.0000000000
1132 -61.0000000000
1164 -60.0000000000
1181 -59.0000000000
1204 -58.0000000000
1227 -56.0000000000
1252 -55.0000000000
1268 -54.0000000000
1307 -53.0000000000
1322 -52.0000000000
1326 -51.0000000000
1337 -50.0000000000
1352 -48.0000000000
1434 -46.0000000000
1482 -45.0000000000
1503 -44.0000000000
1519 -43.0000000000
1529 -42.0000000000
1555 -41.0000000000
1581 -38.0000000000
1601 -37.0000000000
1629 -36.0000000000
1632 -35.0000000000
1645 -34.0000000000
1664 -33.0000000000
1688 -31.0000000000
1709 -30.0000000000
1785 -29.0000000000
1797 -27.0000000000
1818 -26.0000000000
1860 -25.0000000000
1885 -24.0000000000
1934 -22.0000000000
1965 -21.0000000000
1988 -20.0000000000
2046 -19.0000000000
2121 -18.0000000000
2153 -17.0000000000
2183 -16.0000000000
2197 -14.0000000000
2221 -12.0000000000
2261 -10.0000000000
2328 -9.0000000000
2377 -8.0000000000
2380 -7.0000000000
2424 -6.0000000000
2485 -5.0000000000
2529 -4.0000000000
2556 -3.0000000000
2583 -2.0000000000
2600 -1.0000000000
2630 386.0000000000
2657 390.0000000000
2659 395.0000000000
2742 401.0000000000
2773 404.0000000000
2965 409.0000000000
3093 411.0000000000
3383 412.0000000000
3388 414.0000000000
3391 416.0000000000
3602 419.0000000000
3685 422.0000000000
3810 423.0000000000
3913 424.0000000000
3919 425.0000000000
3998 426.0000000000
4092 427.0000000000
4306 429.0000000000
4389 432.0000000000
4752 434.0000000000
5720 435.0000000000
7481 436.0000000000
7939 437.0000000000
10000 369.0000000000
evaluations raw_y
1 -212.0000000000
3 -209.0000000000
5 -200.0000000000
7 -182.0000000000
37 -178.0000000000
47 -176.0000000000
59 -170.0000000000
62 -169.0000000000
78 -166.0000000000
98 -164.0000000000
113 -162.0000000000
116 -160.0000000000
130 -158.0000000000
131 -154.0000000000
151 -153.0000000000
155 -152.0000000000
167 -150.0000000000
174 -149.0000000000
192 -147.0000000000
200 -146.0000000000
207 -145.0000000000
233 -144.0000000000
242 -139.0000000000
261 -138.0000000000
275 -136.0000000000
291 -135.0000000000
294 -134.0000000000
321 -133.0000000000
327 -131.0000000000
351 -130.0000000000
361 -129.0000000000
366 -128.0000000000
373 -124.0000000000
388 -123.0000000000
396 -120.0000000000
420 -119.0000000000
434 -118.0000000000
468 -117.0000000000
472 -116.0000000000
494 -114.0000000000
512 -113.0000000000
530 -111.0000000000
539 -110.0000000000
552 -108.0000000000
561 -107.0000000000
581 -105.0000000000
602 -104.0000000000
622 -102.0000000000
635 -100.0000000000
646 -99.0000000000
662 -98.0000000000
685 -97.0000000000
690 -96.0000000000
699 -95.0000000000
720 -94.0000000000
744 -93.0000000000
753 -90.0000000000
779 -88.0000000000
846 -87.0000000000
848 -86.0000000000
853 -84.0000000000
878 -81.0000000000
899 -80.0000000000
921 -79.0000000000
931 -78.0000000000
942 -76.0000000000
969 -73.0000000000
1007 -72.0000000000
1020 -71.0000000000
1036 -70.0000000000
1051 -68.0000000000
1083 -67.0000000000
1117 -64.0000000000
1149 -63.0000000000
1159 -62.0000000000
1168 -61.0000000000
1203 -60.0000000000
1215 -59.0000000000
1221 -58.0000000000
1260 -55.0000000000
1294 -54.0000000000
1331 -53.0000000000
1357 -52.0000000000
1375 -51.0000000000
1402 -49.0000000000
1448 -48.0000000000
1452 -46.0000000000
1496 -45.0000000000
1526 -44.0000000000
1532 -42.0000000000
1541 -41.0000000000
1557 -40.0000000000
1586 -39.0000000000
1623 -38.0000000000
1658 -37.0000000000
1709 -36.0000000000
1723 -35.0000000000
1785 -33.0000000000
1805 -32.0000000000
1840 -31.0000000000
1870 -30.0000000000
1882 -29.0000000000
1920 -28.0000000000
1939 -27.0000000000
1943 -26.0000000000
1992 -25.0000000000
2005 -24.0000000000
2063 -23.0000000000
2088 -22.0000000000
2143 -21.0000000000
2181 -20.0000000000
2185 -19.0000000000
2231 -17.0000000000
2261 -16.0000000000
2272 -15.0000000000
2329 -14.0000000000
2380 -13.0000000000
2460 -12.0000000000
2506 -11.0000000000
2547 -10.0000000000
2554 -7.0000000000
2624 -6.0000000000
2714 -5.0000000000
2834 -3.0000000000
2982 -2.0000000000
3025 -1.0000000000
3103 362.0000000000
3125 380.0000000000
3143 382.0000000000
3153 386.0000000000
3167 393.0000000000
3181 396.0000000000
3191 398.0000000000
3304 400.0000000000
3341 401.0000000000
3351 406.0000000000
3410 408.0000000000
3453 410.0000000000
3523 412.0000000000
3894 414.0000000000
3954 415.0000000000
3985 418.0000000000
4076 420.0000000000
4633 422.0000000000
4797 423.0000000000
4833 425.0000000000
4892 426.0000000000
4948 427.0000000000
5377 428.0000000000
5606 429.0000000000
5625 430.0000000000
6151 432.0000000000
9052 433.0000000000
9838 434.0000000000
9945 436.0000000000
10000 385.0000000000
evaluations raw_y
1 -201.0000000000
14 -200.0000000000
17 -189.0000000000
44 -188.0000000000
51 -186.0000000000
54 -184.0000000000
60 -181.0000000000
71 -177.0000000000
81 -176.0000000000
92 -173.0000000000
93 -171.0000000000
115 -168.0000000000
119 -167.0000000000
137 -165.0000000000
144 -162.0000000000
171 -161.0000000000
185 -158.0000000000
198 -156.0000000000
201 -152.0000000000
218 -151.0000000000
234 -149.0000000000
277 -147.0000000000
283 -146.0000000000
291 -144.0000000000
309 -142.0000000000
317 -140.0000000000
329 -139.0000000000
344 -137.0000000000
355 -136.0000000000
365 -135.0000000000
371 -134.0000000000
378 -133.0000000000
387 -132.0000000000
407 -131.0000000000
416 -130.0000000000
425 -129.0000000000
439 -128.0000000000
444 -126.0000000000
453 -125.0000000000
474 -124.0000000000
487 -122.0000000000
505 -121.0000000000
511 -119.0000000000
532 -115.0000000000
568 -114.0000000000
574 -113.0000000000
597 -112.0000000000
601 -111.0000000000
613 -110.0000000000
631 -108.0000000000
666 -107.0000000000
672 -106.0000000000
689 -104.0000000000
699 -103.0000000000
713 -102.0000000000
728 -101.0000000000
734 -100.0000000000
745 -99.0000000000
750 -96.0000000000
781 -94.0000000000
799 -93.0000000000
815 -92.0000000000
822 -90.0000000000
857 -89.0000000000
866 -88.0000000000
888 -87.0000000000
894 -86.0000000000
904 -85.0000000000
915 -83.0000000000
960 -81.0000000000
961 -80.0000000000
981 -79.0000000000
1001 -77.0000000000
1037 -76.0000000000
1066 -75.0000000000
1077 -73.0000000000
1097 -71.0000000000
1126 -70.0000000000
1143 -69.0000000000
1171 -68.0000000000
1205 -65.0000000000
1236 -63.0000000000
1260 -61.0000000000
1273 -60.0000000000
1277 -59.0000000000
1301 -58.0000000000
1328 -57.0000000000
1347 -55.0000000000
1387 -54.0000000000
1393 -52.0000000000
1424 -51.0000000000
1436 -50.0000000000
1467 -49.0000000000
1471 -48.0000000000
1498 -47.0000000000
1511 -45.0000000000
1549 -44.0000000000
1561 -43.0000000000
1588 -42.0000000000
1595 -40.0000000000
1612 -38.0000000000
1641 -37.0000000000
1667 -35.0000000000
1689 -34.0000000000
1705 -33.0000000000
1733 -32.0000000000
1743 -31.0000000000
1814 -30.0000000000
1824 -29.0000000000
1833 -28.0000000000
1843 -27.0000000000
1867 -26.0000000000
1890 -25.0000000000
1946 -23.0000000000
2020 -22.0000000000
2036 -21.0000000000
2099 -19.0000000000
2176 -18.0000000000
2209 -17.0000000000
2309 -16.0000000000
2386 -14.0000000000
2404 -12.0000000000
2414 -11.0000000000
2429 -10.0000000000
2486 -9.0000000000
2554 -8.0000000000
2598 -6.0000000000
2643 -5.0000000000
2684 -3.0000000000
2752 -2.0000000000
2928 -1.0000000000
2988 374.0000000000
3011 380.0000000000
3062 384.0000000000
3080 393.0000000000
3087 396.0000000000
3138 403.0000000000
3242 405.0000000000
3252 406.0000000000
3260 412.0000000000
3263 414.0000000000
3264 415.0000000000
3409 425.0000000000
3848 428.0000000000
4355 430.0000000000
6157 431.0000000000
6934 432.0000000000
8067 433.0000000000
8560 434.0000000000
10000 393.0000000000
evaluations raw_y
1 -200.0000000000
22 -194.0000000000
43 -183.0000000000
68 -181.0000000000
71 -179.0000000000
93 -177.0000000000
97 -172.0000000000
119 -171.0000000000
122 -170.0000000000
124 -168.0000000000
132 -166.0000000000
136 -160.0000000000
142 -159.0000000000
154 -156.0000000000
172 -155.0000000000
181 -154.0000000000
185 -149.0000000000
195 -147.0000000000
212 -144.0000000000
216 -143.0000000000
233 -142.0000000000
245 -139.0000000000
277 -136.0000000000
286 -135.0000000000
303 -134.0000000000
315 -133.0000000000
324 -131.0000000000
332 -130.0000000000
353 -127.0000000000
366 -126.0000000000
374 -125.0000000000
385 -123.0000000000
411 -122.0000000000
421 -121.0000000000
423 -120.0000000000
436 -118.0000000000
451 -117.0000000000
456 -115.0000000000
463 -114.0000000000
471 -112.0000000000
492 -110.0000000000
524 -109.0000000000
528 -106.0000000000
539 -105.0000000000
541 -104.0000000000
542 -103.0000000000
561 -102.0000000000
572 -100.0000000000
612 -99.0000000000
631 -98.0000000000
638 -97.0000000000
651 -96.0000000000
683 -95.0000000000
694 -93.0000000000
709 -92.0000000000
712 -91.0000000000
731 -90.0000000000
750 -89.0000000000
761 -88.0000000000
778 -86.0000000000
782 -83.0000000000
830 -82.0000000000
841 -81.0000000000
855 -80.0000000000
857 -78.0000000000
878 -77.0000000000
901 -75.0000000000
921 -73.0000000000
941 -71.0000000000
978 -70.0000000000
1009 -68.0000000000
1036 -67.0000000000
1058 -65.0000000000
1108 -64.0000000000
1116 -63.0000000000
1134 -60.0000000000
1173 -59.0000000000
1176 -58.0000000000
1193 -56.0000000000
1221 -55.0000000000
1249 -54.0000000000
1256 -53.0000000000
1269 -52.0000000000
1293 -50.0000000000
1342 -48.0000000000
1377 -47.0000000000
1392 -46.0000000000
1415 -45.0000000000
1432 -44.0000000000
1452 -43.0000000000
1478 -42.0000000000
1513 -41.0000000000
1527 -40.0000000000
1567 -39.0000000000
1595 -38.0000000000
1621 -37.0000000000
1637 -36.0000000000
1643 -35.0000000000
1657 -34.0000000000
1668 -33.0000000000
1705 -31.0000000000
1736 -30.0000000000
1746 -29.0000000000
1800 -26.0000000000
1839 -25.0000000000
1909 -24.0000000000
1937 -23.0000000000
1960 -22.0000000000
1994 -21.0000000000
2025 -20.0000000000
2048 -19.0000000000
2078 -18.0000000000
2121 -17.0000000000
2174 -16.0000000000
2176 -15.0000000000
2238 -14.0000000000
2305 -13.0000000000
2323 -11.0000000000
2371 -10.0000000000
2494 -9.0000000000
2529 -8.0000000000
2562 -7.0000000000
2578 -6.0000000000
2739 -5.0000000000
2850 -4.0000000000
2880 -3.0000000000
2896 -2.0000000000
2935 -1.0000000000
3057 368.0000000000
3060 370.0000000000
3071 372.0000000000
3087 383.0000000000
3166 387.0000000000
3193 388.0000000000
3227 391.0000000000
3283 401.0000000000
3328 406.0000000000
3369 407.0000000000
3419 409.0000000000
3511 411.0000000000
3558 414.0000000000
3804 419.0000000000
3873 422.0000000000
4095 423.0000000000
4676 425.0000000000
4855 426.0000000000
5791 429.0000000000
5806 430.0000000000
8520 432.0000000000
10000 75.0000000000
evaluations raw_y
1 -211.0000000000
4 -199.0000000000
15 -196.0000000000
23 -195.0000000000
27 -191.0000000000
41 -190.0000000000
44 -186.0000000000
58 -185.0000000000
59 -183.0000000000
68 -182.0000000000
72 -181.0000000000
73 -180.0000000000
89 -177.0000000000
95 -176.0000000000
103 -175.0000000000
107 -171.0000000000
114 -170.0000000000
122 -166.0000000000
134 -165.0000000000
137 -163.0000000000
141 -162.0000000000
150 -158.0000000000
156 -156.0000000000
167 -155.0000000000
185 -153.0000000000
192 -152.0000000000
196 -150.0000000000
211 -149.0000000000
223 -148.0000000000
242 -147.0000000000
260 -146.0000000000
273 -143.0000000000
301 -142.0000000000
311 -141.0000000000
325 -140.0000000000
333 -139.0000000000
349 -138.0000000000
351 -136.0000000000
361 -133.0000000000
376 -131.0000000000
394 -130.0000000000
401 -129.0000000000
424 -128.0000000000
428 -127.0000000000
438 -126.0000000000
442 -125.0000000000
452 -123.0000000000
472 -122.0000000000
478 -121.0000000000
483 -119.0000000000
501 -117.0000000000
528 -116.0000000000
531 -115.0000000000
567 -114.0000000000
581 -112.0000000000
597 -111.0000000000
601 -110.0000000000
611 -109.0000000000
622 -106.0000000000
635 -105.0000000000
640 -104.0000000000
642 -103.0000000000
655 -102.0000000000
663 -101.0000000000
681 -98.0000000000
704 -94.0000000000
748 -93.0000000000
761 -92.0000000000
765 -91.0000000000
783 -90.0000000000
791 -89.0000000000
802 -88.0000000000
815 -87.0000000000
837 -86.0000000000
859 -81.0000000000
878 -79.0000000000
902 -78.0000000000
905 -77.0000000000
932 -76.0000000000
937 -75.0000000000
967 -74.0000000000
982 -72.0000000000
1010 -71.0000000000
1013 -69.0000000000
1048 -68.0000000000
1054 -67.0000000000
1061 -65.0000000000
1089 -64.0000000000
1128 -63.0000000000
1142 -62.0000000000
1173 -61.0000000000
1193 -60.0000000000
1206 -59.0000000000
1212 -58.0000000000
1224 -57.0000000000
1276 -56.0000000000
1291 -55.0000000000
1306 -54.0000000000
1307 -53.0000000000
1322 -52.0000000000
1345 -50.0000000000
1374 -48.0000000000
1385 -47.0000000000
1395 -46.0000000000
1431 -44.0000000000
1499 -42.0000000000
1529 -41.0000000000
1542 -40.0000000000
1552 -39.0000000000
1638 -38.0000000000
1651 -37.0000000000
1677 -35.0000000000
1707 -34.0000000000
1751 -33.0000000000
1770 -32.0000000000
1783 -31.0000000000
1859 -30.0000000000
1871 -29.0000000000
1891 -28.0000000000
1955 -26.0000000000
1994 -25.0000000000
2015 -24.0000000000
2068 -23.0000000000
2083 -22.0000000000
2140 -21.0000000000
2193 -19.0000000000
2253 -18.0000000000
2313 -17.0000000000
2354 -16.0000000000
2362 -15.0000000000
2413 -13.0000000000
2451 -12.0000000000
2477 -11.0000000000
2507 -10.0000000000
2512 -9.0000000000
2594 -8.0000000000
2652 -7.0000000000
2689 -6.0000000000
2794 -5.0000000000
2824 -4.0000000000
2855 -3.0000000000
2960 -2.0000000000
3027 -1.0000000000
3074 374.0000000000
3091 392.0000000000
3162 394.0000000000
3173 401.0000000000
3259 404.0000000000
3397 407.0000000000
3455 412.0000000000
3538 416.0000000000
3585 420.0000000000
3638 422.0000000000
3749 423.0000000000
3782 425.0000000000
3865 428.0000000000
4342 429.0000000000
4366 430.0000000000
4432 431.0000000000
4672 432.0000000000
4966 433.0000000000
5639 435.0000000000
6344 436.0000000000
6479 440.0000000000
10000 355.0000000000
evaluations raw_y
1 -204.0000000000
7 -200.0000000000
16 -199.0000000000
21 -197.0000000000
22 -191.0000000000
23 -188.0000000000
43 -176.0000000000
77 -174.0000000000
95 -173.0000000000
98 -166.0000000000
121 -164.0000000000
124 -163.0000000000
140 -162.0000000000
153 -160.0000000000
158 -159.0000000000
173 -158.0000000000
203 -157.0000000000
210 -156.0000000000
218 -155.0000000000
222 -154.0000000000
239 -153.0000000000
242 -152.0000000000
255 -149.0000000000
286 -147.0000000000
295 -145.0000000000
300 -144.0000000000
316 -143.0000000000
326 -140.0000000000
356 -138.0000000000
363 -137.0000000000
369 -135.0000000000
378 -134.0000000000
392 -133.0000000000
411 -132.0000000000
417 -131.0000000000
421 -130.0000000000
425 -128.0000000000
454 -127.0000000000
480 -124.0000000000
512 -123.0000000000
536 -122.0000000000
543 -121.0000000000
544 -120.0000000000
562 -118.0000000000
578 -117.0000000000
590 -114.0000000000
603 -113.0000000000
622 -112.0000000000
626 -110.0000000000
644 -109.0000000000
665 -107.0000000000
684 -106.0000000000
691 -104.0000000000
703 -102.0000000000
718 -101.0000000000
724 -100.0000000000
727 -99.0000000000
732 -98.0000000000
743 -96.0000000000
762 -94.0000000000
777 -92.0000000000
840 -91.0000000000
860 -90.0000000000
861 -89.0000000000
879 -88.0000000000
891 -86.0000000000
920 -85.0000000000
923 -83.0000000000
936 -82.0000000000
960 -81.0000000000
962 -80.0000000000
987 -79.0000000000
1003 -77.0000000000
1033 -76.0000000000
1037 -75.0000000000
1071 -74.0000000000
1089 -73.0000000000
1092 -72.0000000000
1135 -71.0000000000
1143 -70.0000000000
1153 -68.0000000000
1187 -67.0000000000
1189 -66.0000000000
1210 -65.0000000000
1214 -64.0000000000
1222 -63.0000000000
1226 -62.0000000000
1263 -61.0000000000
1288 -60.0000000000
1307 -59.0000000000
1309 -58.0000000000
1328 -56.0000000000
1331 -55.0000000000
1350 -54.0000000000
1386 -51.0000000000
1469 -50.0000000000
1498 -49.0000000000
1524 -48.0000000000
1548 -47.0000000000
1562 -46.0000000000
1585 -45.0000000000
1586 -44.0000000000
1600 -43.0000000000
1614 -42.0000000000
1626 -41.0000000000
1652 -40.0000000000
1673 -39.0000000000
1712 -38.0000000000
1719 -36.0000000000
1734 -35.0000000000
1791 -34.0000000000
1804 -33.0000000000
1824 -32.0000000000
1832 -31.0000000000
1857 -30.0000000000
1862 -29.0000000000
1875 -28.0000000000
1933 -27.0000000000
1969 -26.0000000000
1978 -25.0000000000
2034 -24.0000000000
2066 -23.0000000000
2083 -22.0000000000
2144 -21.0000000000
2208 -19.0000000000
2277 -18.0000000000
2298 -17.0000000000
2323 -15.0000000000
2371 -14.0000000000
2412 -13.0000000000
2481 -12.0000000000
2529 -11.0000000000
2538 -10.0000000000
2561 -9.0000000000
2627 -8.0000000000
2706 -7.0000000000
2749 -6.0000000000
2830 -5.0000000000
2881 -4.0000000000
2918 -3.0000000000
2922 -2.0000000000
3022 -1.0000000000
3140 384.0000000000
3141 393.0000000000
3157 394.0000000000
3164 405.0000000000
3221 406.0000000000
3292 410.0000000000
3740 412.0000000000
3752 416.0000000000
3823 424.0000000000
4184 426.0000000000
4278 428.0000000000
5465 431.0000000000
5677 435.0000000000
6792 436.0000000000
10000 393.0000000000
evaluations raw_y
1 -220.0000000000
2 -211.0000000000
5 -209.0000000000
6 -207.0000000000
10 -205.0000000000
12 -200.0000000000
33 -199.0000000000
34 -197.0000000000
43 -194.0000000000
44 -189.0000000000
52 -187.0000000000
69 -186.0000000000
84 -185.0000000000
91 -182.0000000000
99 -180.0000000000
101 -178.0000000000
111 -175.0000000000
124 -170.0000000000
141 -169.0000000000
151 -166.0000000000
172 -164.0000000000
177 -162.0000000000
194 -161.0000000000
197 -160.0000000000
201 -159.0000000000
202 -158.0000000000
229 -156.0000000000
233 -154.0000000000
252 -153.0000000000
257 -152.0000000000
266 -151.0000000000
268 -150.0000000000
274 -148.0000000000
303 -146.0000000000
315 -145.0000000000
325 -144.0000000000
328 -143.0000000000
333 -142.0000000000
346 -140.0000000000
347 -139.0000000000
361 -138.0000000000
369 -136.0000000000
376 -135.0000000000
382 -134.0000000000
402 -133.0000000000
407 -132.0000000000
411 -130.0000000000
427 -129.0000000000
432 -128.0000000000
434 -127.0000000000
443 -124.0000000000
455 -123.0000000000
468 -122.0000000000
485 -121.0000000000
497 -120.0000000000
502 -119.0000000000
515 -118.0000000000
518 -117.0000000000
527 -116.0000000000
529 -114.0000000000
553 -113.0000000000
561 -112.0000000000
573 -111.0000000000
597 -110.0000000000
602 -109.0000000000
618 -107.0000000000
656 -106.0000000000
661 -105.0000000000
673 -104.0000000000
682 -103.0000000000
693 -102.0000000000
699 -101.0000000000
717 -100.0000000000
735 -98.0000000000
756 -97.0000000000
767 -95.0000000000
787 -94.0000000000
824 -93.0000000000
828 -92.0000000000
841 -91.0000000000
864 -89.0000000000
887 -88.0000000000
896 -87.0000000000
903 -83.0000000000
925 -82.0000000000
932 -81.0000000000
955 -79.0000000000
981 -78.0000000000
994 -77.0000000000
1007 -76.0000000000
1013 -74.0000000000
1046 -73.0000000000
1061 -72.0000000000
1075 -70.0000000000
1081 -69.0000000000
1108 -68.0000000000
1134 -67.0000000000
1135 -66.0000000000
1154 -63.0000000000
1179 -62.0000000000
1187 -60.0000000000
1215 -59.0000000000
1241 -58.0000000000
1270 -56.0000000000
1323 -55.0000000000
1334 -54.0000000000
1354 -53.0000000000
1386 -52.0000000000
1394 -50.0000000000
1442 -49.0000000000
1445 -48.0000000000
1451 -47.0000000000
1493 -46.0000000000
1496 -45.0000000000
1506 -44.0000000000
1521 -42.0000000000
1568 -41.0000000000
1581 -39.0000000000
1609 -38.0000000000
1620 -37.0000000000
1629 -36.0000000000
1643 -33.0000000000
1681 -32.0000000000
1701 -29.0000000000
1724 -28.0000000000
1752 -27.0000000000
1788 -26.0000000000
1827 -25.0000000000
1834 -24.0000000000
1853 -23.0000000000
1883 -22.0000000000
1923 -21.0000000000
1933 -20.0000000000
1954 -19.0000000000
2002 -18.0000000000
2005 -17.0000000000
2066 -16.0000000000
2132 -15.0000000000
2147 -14.0000000000
2169 -13.0000000000
2219 -11.0000000000
2343 -10.0000000000
2362 -9.0000000000
2431 -8.0000000000
2478 -7.0000000000
2519 -6.0000000000
2521 -5.0000000000
2594 -4.0000000000
2649 -2.0000000000
2783 -1.0000000000
2832 363.0000000000
2854 377.0000000000
2875 380.0000000000
2904 386.0000000000
2933 391.0000000000
2992 393.0000000000
2994 398.0000000000
3051 405.0000000000
3094 408.0000000000
3124 412.0000000000
3268 413.0000000000
3312 418.0000000000
3605 423.0000000000
3779 425.0000000000
3994 427.0000000000
4594 432.0000000000
6069 436.0000000000
10000 375.0000000000
evaluations raw_y
1 -218.0000000000
3 -215.0000000000
4 -213.0000000000
5 -208.0000000000
7 -202.0000000000
10 -185.0000000000
31 -171.0000000000
62 -169.0000000000
76 -167.0000000000
83 -166.0000000000
95 -165.0000000000
99 -164.0000000000
107 -163.0000000000
115 -159.0000000000
133 -157.0000000000
142 -156.0000000000
156 -153.0000000000
161 -152.0000000000
176 -151.0000000000
181 -150.0000000000
197 -149.0000000000
204 -148.0000000000
227 -147.0000000000
231 -146.0000000000
235 -144.0000000000
262 -142.0000000000
279 -140.0000000000
283 -139.0000000000
304 -138.0000000000
310 -137.0000000000
324 -136.0000000000
332 -135.0000000000
343 -134.0000000000
363 -132.0000000000
374 -131.0000000000
381 -130.0000000000
391 -128.0000000000
419 -127.0000000000
434 -126.0000000000
446 -125.0000000000
458 -124.0000000000
472 -123.0000000000
475 -121.0000000000
482 -119.0000000000
508 -118.0000000000
517 -117.0000000000
525 -116.0000000000
544 -115.0000000000
545 -113.0000000000
573 -110.0000000000
609 -109.0000000000
611 -108.0000000000
642 -106.0000000000
663 -103.0000000000
674 -102.0000000000
676 -101.0000000000
685 -100.0000000000
701 -99.0000000000
711 -97.0000000000
729 -96.0000000000
748 -95.0000000000
757 -94.0000000000
770 -93.0000000000
772 -91.0000000000
794 -90.0000000000
839 -89.0000000000
851 -88.0000000000
872 -87.0000000000
880 -86.0000000000
899 -84.0000000000
908 -83.0000000000
912 -81.0000000000
929 -80.0000000000
933 -77.0000000000
949 -75.0000000000
972 -74.0000000000
989 -70.0000000000
1004 -69.0000000000
1033 -67.0000000000
1079 -66.0000000000
1109 -65.0000000000
1128 -64.0000000000
1136 -63.0000000000
1157 -62.0000000000
1167 -60.0000000000
1183 -58.0000000000
1229 -57.0000000000
1232 -56.0000000000
1234 -55.0000000000
1283 -53.0000000000
1300 -52.0000000000
1302 -51.0000000000
1311 -50.0000000000
1349 -49.0000000000
1354 -48.0000000000
1376 -47.0000000000
1382 -46.0000000000
1391 -45.0000000000
1430 -44.0000000000
1452 -42.0000000000
1492 -39.0000000000
1564 -38.0000000000
1583 -37.0000000000
1617 -36.0000000000
1636 -33.0000000000
1718 -32.0000000000
1746 -30.0000000000
1768 -29.0000000000
1812 -27.0000000000
1890 -25.0000000000
1902 -24.0000000000
1966 -23.0000000000
2039 -21.0000000000
2089 -20.0000000000
2125 -19.0000000000
2135 -16.0000000000
2216 -14.0000000000
2294 -13.0000000000
2355 -12.0000000000
2411 -11.0000000000
2449 -10.0000000000
2478 -9.0000000000
2523 -8.0000000000
2540 -7.0000000000
2603 -6.0000000000
2632 -5.0000000000
2680 -4.0000000000
2753 -2.0000000000
2841 -1.0000000000
2884 393.0000000000
2901 402.0000000000
2909 407.0000000000
2932 412.0000000000
3061 416.0000000000
3119 421.0000000000
3166 422.0000000000
3254 423.0000000000
3749 424.0000000000
3815 427.0000000000
4382 431.0000000000
4946 432.0000000000
5052 435.0000000000
10000 427.0000000000
evaluations raw_y
1 -197.0000000000
22 -191.0000000000
39 -186.0000000000
57 -182.0000000000
68 -181.0000000000
78 -179.0000000000
89 -178.0000000000
94 -177.0000000000
98 -176.0000000000
106 -174.0000000000
121 -171.0000000000
137 -170.0000000000
138 -169.0000000000
150 -166.0000000000
151 -165.0000000000
164 -162.0000000000
183 -159.0000000000
193 -158.0000000000
212 -156.0000000000
218 -155.0000000000
235 -153.0000000000
252 -152.0000000000
262 -150.0000000000
272 -147.0000000000
293 -146.0000000000
305 -143.0000000000
321 -141.0000000000
342 -138.0000000000
354 -136.0000000000
362 -134.0000000000
408 -133.0000000000
415 -132.0000000000
421 -131.0000000000
443 -130.0000000000
452 -129.0000000000
463 -128.0000000000
471 -126.0000000000
474 -125.0000000000
505 -124.0000000000
511 -123.0000000000
524 -120.0000000000
547 -119.0000000000
568 -118.0000000000
573 -117.0000000000
584 -116.0000000000
593 -115.0000000000
608 -114.0000000000
613 -113.0000000000
622 -111.0000000000
646 -110.0000000000
655 -109.0000000000
670 -108.0000000000
682 -107.0000000000
691 -106.0000000000
714 -105.0000000000
720 -104.0000000000
737 -100.0000000000
762 -98.0000000000
775 -97.0000000000
798 -95.0000000000
823 -92.0000000000
850 -91.0000000000
851 -90.0000000000
879 -88.0000000000
895 -87.0000000000
906 -85.0000000000
914 -84.0000000000
932 -83.0000000000
942 -82.0000000000
958 -79.0000000000
1002 -78.0000000000
1022 -77.0000000000
1032 -76.0000000000
1047 -75.0000000000
1065 -74.0000000000
1083 -73.0000000000
1089 -72.0000000000
1102 -70.0000000000
1115 -68.0000000000
1143 -67.0000000000
1153 -66.0000000000
1166 -63.0000000000
1185 -61.0000000000
1223 -60.0000000000
1239 -59.0000000000
1240 -58.0000000000
1242 -57.0000000000
1264 -56.0000000000
1283 -54.0000000000
1303 -53.0000000000
1323 -52.0000000000
1344 -51.0000000000
1351 -50.0000000000
1403 -49.0000000000
1424 -48.0000000000
1431 -47.0000000000
1440 -46.0000000000
1472 -45.0000000000
1502 -43.0000000000
1546 -41.0000000000
1561 -40.0000000000
1563 -39.0000000000
1566 -38.0000000000
1593 -37.0000000000
1600 -36.0000000000
1633 -35.0000000000
1658 -33.0000000000
1692 -32.0000000000
1701 -31.0000000000
1726 -30.0000000000
1742 -29.0000000000
1789 -28.0000000000
1801 -27.0000000000
1820 -26.0000000000
1882 -25.0000000000
1928 -24.0000000000
1948 -23.0000000000
1979 -22.0000000000
2055 -20.0000000000
2103 -19.0000000000
2119 -18.0000000000
2202 -17.0000000000
2241 -15.0000000000
2295 -14.0000000000
2388 -13.0000000000
2406 -12.0000000000
2418 -11.0000000000
2478 -10.0000000000
2492 -9.0000000000
2621 -7.0000000000
2754 -5.0000000000
2804 -4.0000000000
2893 -3.0000000000
2951 -2.0000000000
3041 -1.0000000000
3148 375.0000000000
3206 379.0000000000
3222 384.0000000000
3243 385.0000000000
3271 387.0000000000
3272 389.0000000000
3288 395.0000000000
3341 397.0000000000
3365 398.0000000000
3375 399.0000000000
3379 405.0000000000
3486 406.0000000000
3492 410.0000000000
3542 411.0000000000
3563 412.0000000000
3727 419.0000000000
4126 420.0000000000
4474 424.0000000000
4660 426.0000000000
4726 427.0000000000
5238 428.0000000000
5355 430.0000000000
5421 432.0000000000
5732 436.0000000000
7484 438.0000000000
8702 439.0000000000
9401 440.0000000000
9621 441.0000000000
10000 353.0000000000
evaluations raw_y
1 -187.0000000000
42 -184.0000000000
59 -180.0000000000
66 -176.0000000000
71 -173.0000000000
91 -171.0000000000
105 -167.0000000000
117 -166.0000000000
126 -165.0000000000
132 -164.0000000000
143 -163.0000000000
151 -162.0000000000
173 -160.0000000000
186 -159.0000000000
209 -158.0000000000
219 -157.0000000000
220 -156.0000000000
224 -154.0000000000
232 -153.0000000000
248 -152.0000000000
252 -150.0000000000
281 -148.0000000000
292 -147.0000000000
297 -146.0000000000
317 -145.0000000000
323 -144.0000000000
333 -143.0000000000
349 -142.0000000000
358 -138.0000000000
417 -137.0000000000
432 -134.0000000000
443 -133.0000000000
451 -131.0000000000
478 -130.0000000000
482 -129.0000000000
495 -124.0000000000
527 -123.0000000000
534 -121.0000000000
556 -120.0000000000
568 -119.0000000000
579 -118.0000000000
588 -116.0000000000
613 -115.0000000000
619 -113.0000000000
635 -111.0000000000
665 -110.0000000000
685 -109.0000000000
711 -108.0000000000
714 -107.0000000000
736 -105.0000000000
767 -102.0000000000
768 -101.0000000000
788 -99.0000000000
830 -98.0000000000
849 -97.0000000000
860 -96.0000000000
871 -95.0000000000
881 -93.0000000000
903 -92.0000000000
918 -91.0000000000
920 -89.0000000000
932 -87.0000000000
988 -86.0000000000
1005 -85.0000000000
1026 -83.0000000000
1038 -82.0000000000
1049 -81.0000000000
1063 -80.0000000000
1071 -79.0000000000
1094 -78.0000000000
1096 -77.0000000000
1110 -76.0000000000
1135 -75.0000000000
1139 -74.0000000000
1160 -73.0000000000
1173 -72.0000000000
1194 -70.0000000000
1215 -69.0000000000
1228 -68.0000000000
1246 -67.0000000000
1277 -65.0000000000
1300 -64.0000000000
1302 -62.0000000000
1342 -61.0000000000
1363 -60.0000000000
1381 -59.0000000000
1417 -58.0000000000
1423 -57.0000000000
1438 -56.0000000000
1469 -55.0000000000
1478 -53.0000000000
1500 -52.0000000000
1506 -50.0000000000
1543 -49.0000000000
1554 -46.0000000000
1561 -45.0000000000
1617 -44.0000000000
1659 -42.0000000000
1698 -41.0000000000
1715 -40.0000000000
1739 -39.0000000000
1761 -38.0000000000
1778 -37.0000000000
1806 -36.0000000000
1814 -35.0000000000
1821 -33.0000000000
1850 -31.0000000000
1877 -30.0000000000
1884 -28.0000000000
1902 -27.0000000000
1975 -25.0000000000
2029 -24.0000000000
2053 -23.0000000000
2105 -21.0000000000
2151 -20.0000000000
2166 -19.0000000000
2223 -18.0000000000
2294 -17.0000000000
2314 -15.0000000000
2324 -14.0000000000
2376 -12.0000000000
2488 -11.0000000000
2505 -10.0000000000
2539 -9.0000000000
2604 -7.0000000000
2698 -6.0000000000
2789 -5.0000000000
2811 -4.0000000000
2860 -3.0000000000
3006 -2.0000000000
3079 -1.0000000000
3186 379.0000000000
3195 396.0000000000
3205 400.0000000000
3253 410.0000000000
3455 413.0000000000
3543 415.0000000000
3716 418.0000000000
3944 421.0000000000
4283 422.0000000000
4470 423.0000000000
4925 426.0000000000
5129 427.0000000000
5297 429.0000000000
5418 434.0000000000
10000 378.0000000000
evaluations raw_y
1 -224.0000000000
3 -202.0000000000
18 -197.0000000000
26 -194.0000000000
34 -193.0000000000
41 -191.0000000000
46 -190.0000000000
52 -188.0000000000
53 -184.0000000000
63 -183.0000000000
74 -182.0000000000
80 -180.0000000000
86 -179.0000000000
91 -178.0000000000
99 -173.0000000000
113 -172.0000000000
116 -171.0000000000
132 -167.0000000000
146 -165.0000000000
153 -163.0000000000
162 -162.0000000000
166 -160.0000000000
190 -158.0000000000
191 -157.0000000000
199 -155.0000000000
204 -154.0000000000
211 -153.0000000000
216 -150.0000000000
255 -149.0000000000
279 -148.0000000000
290 -147.0000000000
291 -146.0000000000
304 -145.0000000000
320 -144.0000000000
332 -143.0000000000
354 -142.0000000000
369 -141.0000000000
382 -139.0000000000
401 -138.0000000000
406 -137.0000000000
435 -136.0000000000
444 -135.0000000000
459 -134.0000000000
463 -133.0000000000
464 -130.0000000000
495 -129.0000000000
504 -126.0000000000
541 -124.0000000000
551 -123.0000000000
560 -121.0000000000
572 -120.0000000000
573 -119.0000000000
594 -117.0000000000
604 -115.0000000000
616 -113.0000000000
652 -112.0000000000
665 -111.0000000000
677 -110.0000000000
692 -109.0000000000
708 -106.0000000000
714 -105.0000000000
743 -104.0000000000
745 -103.0000000000
760 -102.0000000000
772 -101.0000000000
782 -100.0000000000
800 -99.0000000000
813 -98.0000000000
822 -97.0000000000
823 -96.0000000000
847 -94.0000000000
851 -93.0000000000
883 -92.0000000000
891 -91.0000000000
901 -90.0000000000
912 -89.0000000000
934 -87.0000000000
962 -86.0000000000
971 -85.0000000000
982 -82.0000000000
1011 -79.0000000000
1037 -78.0000000000
1051 -76.0000000000
1064 -75.0000000000
1076 -74.0000000000
1094 -73.0000000000
1114 -72.0000000000
1115 -71.0000000000
1168 -70.0000000000
1176 -67.0000000000
1210 -66.0000000000
1227 -65.0000000000
1246 -64.0000000000
1253 -62.0000000000
1291 -61.0000000000
1312 -60.0000000000
1320 -59.0000000000
1360 -58.0000000000
1373 -57.0000000000
1387 -53.0000000000
1434 -52.0000000000
1462 -51.0000000000
1480 -50.0000000000
1485 -48.0000000000
1516 -47.0000000000
1543 -45.0000000000
1573 -44.0000000000
1601 -43.0000000000
1625 -42.0000000000
1640 -40.0000000000
1673 -39.0000000000
1698 -37.0000000000
1733 -36.0000000000
1787 -33.0000000000
1851 -32.0000000000
1906 -31.0000000000
1918 -30.0000000000
1942 -29.0000000000
1943 -28.0000000000
1961 -26.0000000000
2008 -24.0000000000
2022 -23.0000000000
2089 -21.0000000000
2151 -20.0000000000
2209 -19.0000000000
2236 -18.0000000000
2272 -17.0000000000
2289 -16.0000000000
2348 -15.0000000000
2415 -14.0000000000
2453 -13.0000000000
2484 -12.0000000000
2487 -11.0000000000
2545 -10.0000000000
2644 -7.0000000000
2661 -6.0000000000
2767 -5.0000000000
2776 -4.0000000000
2833 -2.0000000000
2877 -1.0000000000
2994 405.0000000000
3029 408.0000000000
3053 413.0000000000
3165 415.0000000000
3208 416.0000000000
3219 417.0000000000
3221 418.0000000000
3256 422.0000000000
3322 424.0000000000
3437 425.0000000000
3455 427.0000000000
4152 428.0000000000
4536 430.0000000000
5306 434.0000000000
9721 437.0000000000
9893 438.0000000000
9897 439.0000000000
10000 346.0000000000
evaluations raw_y
1 -212.0000000000
6 -211.0000000000
8 -202.0000000000
12 -201.0000000000
19 -200.0000000000
25 -198.0000000000
31 -191.0000000000
38 -190.0000000000
47 -189.0000000000
49 -185.0000000000
53 -179.0000000000
72 -178.0000000000
73 -175.0000000000
83 -172.0000000000
94 -165.0000000000
101 -164.0000000000
117 -163.0000000000
118 -162.0000000000
122 -161.0000000000
130 -158.0000000000
143 -156.0000000000
146 -155.0000000000
162 -149.0000000000
172 -148.0000000000
179 -144.0000000000
183 -143.0000000000
204 -142.0000000000
214 -141.0000000000
227 -140.0000000000
235 -138.0000000000
254 -136.0000000000
276 -135.0000000000
283 -133.0000000000
291 -131.0000000000
313 -129.0000000000
327 -128.0000000000
335 -127.0000000000
343 -124.0000000000
362 -122.0000000000
381 -121.0000000000
384 -119.0000000000
401 -118.0000000000
410 -116.0000000000
433 -114.0000000000
443 -113.0000000000
457 -112.0000000000
477 -111.0000000000
486 -110.0000000000
500 -107.0000000000
507 -106.0000000000
529 -105.0000000000
544 -104.0000000000
562 -102.0000000000
584 -101.0000000000
607 -99.0000000000
635 -98.0000000000
647 -96.0000000000
658 -94.0000000000
702 -93.0000000000
711 -91.0000000000
724 -90.0000000000
764 -89.0000000000
765 -88.0000000000
794 -87.0000000000
838 -85.0000000000
855 -84.0000000000
867 -83.0000000000
879 -82.0000000000
883 -81.0000000000
888 -80.0000000000
907 -78.0000000000
920 -77.0000000000
935 -75.0000000000
938 -74.0000000000
983 -72.0000000000
1011 -71.0000000000
1032 -69.0000000000
1072 -68.0000000000
1098 -67.0000000000
1131 -66.0000000000
1138 -65.0000000000
1141 -64.0000000000
1175 -63.0000000000
1226 -62.0000000000
1237 -60.0000000000
1284 -59.0000000000
1308 -58.0000000000
1323 -57.0000000000
1336 -55.0000000000
1347 -54.0000000000
1386 -52.0000000000
1401 -51.0000000000
1406 -49.0000000000
1413 -48.0000000000
1443 -47.0000000000
1456 -45.0000000000
1507 -44.0000000000
1541 -43.0000000000
1552 -42.0000000000
1568 -41.0000000000
1579 -39.0000000000
1625 -38.0000000000
1644 -37.0000000000
1659 -36.0000000000
1713 -35.0000000000
1772 -34.0000000000
1819 -33.0000000000
1824 -31.0000000000
1857 -30.0000000000
1869 -29.0000000000
1909 -28.0000000000
1926 -27.0000000000
1945 -26.0000000000
1966 -25.0000000000
2091 -22.0000000000
2159 -21.0000000000
2183 -19.0000000000
2265 -18.0000000000
2310 -17.0000000000
2386 -16.0000000000
2432 -14.0000000000
2485 -13.0000000000
2529 -12.0000000000
2578 -11.0000000000
2624 -10.0000000000
2636 -9.0000000000
2662 -8.0000000000
2671 -6.0000000000
2739 -5.0000000000
2773 -4.0000000000
2835 -2.0000000000
2902 -1.0000000000
2980 393.0000000000
3005 395.0000000000
3011 397.0000000000
3021 406.0000000000
3099 411.0000000000
3111 412.0000000000
3336 417.0000000000
3448 419.0000000000
3454 423.0000000000
3532 424.0000000000
3592 429.0000000000
3967 430.0000000000
4050 436.0000000000
10000 81.0000000000
evaluations raw_y
1 -208.0000000000
15 -207.0000000000
16 -195.0000000000
36 -192.0000000000
46 -191.0000000000
52 -186.0000000000
69 -185.0000000000
73 -182.0000000000
88 -179.0000000000
94 -178.0000000000
111 -173.0000000000
117 -171.0000000000
121 -169.0000000000
133 -168.0000000000
144 -166.0000000000
152 -164.0000000000
169 -163.0000000000
190 -160.0000000000
206 -158.0000000000
223 -156.0000000000
233 -155.0000000000
251 -153.0000000000
268 -152.0000000000
301 -150.0000000000
315 -149.0000000000
329 -148.0000000000
344 -147.0000000000
350 -146.0000000000
360 -145.0000000000
368 -144.0000000000
372 -143.0000000000
385 -142.0000000000
399 -141.0000000000
409 -140.0000000000
423 -139.0000000000
431 -138.0000000000
442 -137.0000000000
460 -136.0000000000
463 -135.0000000000
473 -134.0000000000
484 -133.0000000000
493 -132.0000000000
498 -131.0000000000
530 -130.0000000000
537 -128.0000000000
555 -126.0000000000
558 -125.0000000000
577 -123.0000000000
588 -121.0000000000
594 -120.0000000000
604 -119.0000000000
612 -117.0000000000
637 -112.0000000000
664 -111.0000000000
674 -109.0000000000
686 -108.0000000000
698 -107.0000000000
710 -106.0000000000
719 -104.0000000000
723 -103.0000000000
747 -102.0000000000
753 -99.0000000000
782 -98.0000000000
787 -97.0000000000
793 -93.0000000000
816 -92.0000000000
823 -91.0000000000
830 -90.0000000000
844 -88.0000000000
873 -87.0000000000
900 -85.0000000000
922 -84.0000000000
925 -82.0000000000
931 -81.0000000000
969 -79.0000000000
978 -78.0000000000
987 -76.0000000000
997 -74.0000000000
1025 -73.0000000000
1037 -72.0000000000
1042 -70.0000000000
1085 -69.0000000000
1102 -68.0000000000
1121 -67.0000000000
1138 -65.0000000000
1144 -64.0000000000
1176 -63.0000000000
1209 -62.0000000000
1216 -61.0000000000
1222 -60.0000000000
1251 -59.0000000000
1271 -56.0000000000
1282 -55.0000000000
1345 -54.0000000000
1369 -52.0000000000
1431 -51.0000000000
1449 -50.0000000000
1470 -49.0000000000
1481 -47.0000000000
1517 -45.0000000000
1543 -43.0000000000
1576 -40.0000000000
1660 -38.0000000000
1672 -37.0000000000
1712 -35.0000000000
1749 -34.0000000000
1781 -31.0000000000
1813 -30.0000000000
1841 -29.0000000000
1856 -28.0000000000
1884 -26.0000000000
1944 -24.0000000000
1966 -23.0000000000
1984 -21.0000000000
2014 -20.0000000000
2028 -19.0000000000
2090 -18.0000000000
2102 -16.0000000000
2208 -15.0000000000
2318 -14.0000000000
2336 -13.0000000000
2352 -12.0000000000
2466 -11.0000000000
2482 -10.0000000000
2550 -9.0000000000
2591 -8.0000000000
2662 -7.0000000000
2727 -6.0000000000
2748 -5.0000000000
2796 -4.0000000000
2824 -3.0000000000
2923 -2.0000000000
2951 -1.0000000000
3051 397.0000000000
3108 399.0000000000
3266 401.0000000000
3269 404.0000000000
3360 405.0000000000
3381 407.0000000000
3538 409.0000000000
3692 412.0000000000
3711 415.0000000000
3734 416.0000000000
3864 418.0000000000
3874 420.0000000000
3983 425.0000000000
4391 429.0000000000
5335 434.0000000000
10000 400.0000000000
evaluations raw_y
1 -202.0000000000
10 -193.0000000000
16 -191.0000000000
22 -188.0000000000
26 -183.0000000000
28 -181.0000000000
41 -180.0000000000
46 -179.0000000000
47 -175.0000000000
57 -172.0000000000
68 -170.0000000000
82 -167.0000000000
83 -163.0000000000
102 -158.0000000000
113 -155.0000000000
140 -154.0000000000
142 -152.0000000000
154 -151.0000000000
169 -148.0000000000
178 -147.0000000000
189 -146.0000000000
192 -145.0000000000
199 -144.0000000000
209 -143.0000000000
226 -142.0000000000
232 -139.0000000000
252 -137.0000000000
263 -135.0000000000
295 -134.0000000000
307 -132.0000000000
309 -131.0000000000
311 -130.0000000000
336 -129.0000000000
343 -128.0000000000
347 -126.0000000000
359 -125.0000000000
363 -124.0000000000
373 -123.0000000000
378 -122.0000000000
393 -121.0000000000
401 -120.0000000000
414 -119.0000000000
427 -118.0000000000
437 -116.0000000000
475 -115.0000000000
487 -114.0000000000
491 -112.0000000000
511 -111.0000000000
528 -108.0000000000
536 -107.0000000000
552 -106.0000000000
582 -105.0000000000
607 -104.0000000000
620 -103.0000000000
623 -102.0000000000
638 -100.0000000000
642 -99.0000000000
644 -97.0000000000
677 -96.0000000000
691 -93.0000000000
713 -92.0000000000
736 -90.0000000000
764 -89.0000000000
775 -88.0000000000
793 -87.0000000000
806 -85.0000000000
840 -84.0000000000
866 -83.0000000000
883 -82.0000000000
900 -80.0000000000
912 -79.0000000000
929 -78.0000000000
932 -77.0000000000
949 -76.0000000000
954 -74.0000000000
985 -73.0000000000
997 -72.0000000000
1022 -71.0000000000
1047 -70.0000000000
1057 -69.0000000000
1076 -67.0000000000
1087 -66.0000000000
1122 -65.0000000000
1151 -63.0000000000
1176 -62.0000000000
1192 -60.0000000000
1203 -59.0000000000
1225 -57.0000000000
1280 -56.0000000000
1305 -55.0000000000
1315 -54.0000000000
1324 -53.0000000000
1338 -51.0000000000
1347 -50.0000000000
1360 -49.0000000000
1380 -47.0000000000
1420 -46.0000000000
1441 -45.0000000000
1485 -44.0000000000
1515 -43.0000000000
1528 -42.0000000000
1535 -41.0000000000
1579 -40.0000000000
1610 -39.0000000000
1632 -38.0000000000
1659 -37.0000000000
1677 -36.0000000000
1694 -35.0000000000
1708 -34.0000000000
1719 -32.0000000000
1736 -29.0000000000
1744 -28.0000000000
1771 -27.0000000000
1821 -26.0000000000
1899 -25.0000000000
1905 -24.0000000000
1911 -22.0000000000
1994 -21.0000000000
2016 -20.0000000000
2043 -19.0000000000
2071 -18.0000000000
2114 -17.0000000000
2137 -16.0000000000
2162 -15.0000000000
2194 -14.0000000000
2237 -13.0000000000
2241 -12.0000000000
2264 -11.0000000000
2271 -9.0000000000
2325 -8.0000000000
2347 -7.0000000000
2403 -6.0000000000
2521 -5.0000000000
2549 -4.0000000000
2639 -3.0000000000
2679 -2.0000000000
2713 -1.0000000000
2781 399.0000000000
2790 409.0000000000
2833 411.0000000000
2933 412.0000000000
2962 414.0000000000
2967 420.0000000000
3088 423.0000000000
3188 424.0000000000
3243 427.0000000000
3479 428.0000000000
3711 429.0000000000
3746 430.0000000000
4047 431.0000000000
5953 432.0000000000
10000 -4.0000000000
evaluations raw_y
1 -212.0000000000
3 -195.0000000000
7 -188.0000000000
13 -179.0000000000
45 -176.0000000000
52 -175.0000000000
70 -173.0000000000
73 -169.0000000000
90 -168.0000000000
95 -167.0000000000
96 -166.0000000000
100 -163.0000000000
122 -162.0000000000
133 -161.0000000000
138 -160.0000000000
151 -158.0000000000
165 -157.0000000000
184 -155.0000000000
194 -153.0000000000
204 -152.0000000000
221 -151.0000000000
222 -149.0000000000
237 -148.0000000000
257 -147.0000000000
261 -146.0000000000
279 -145.0000000000
302 -144.0000000000
303 -142.0000000000
319 -141.0000000000
342 -140.0000000000
348 -139.0000000000
361 -138.0000000000
363 -137.0000000000
379 -136.0000000000
392 -135.0000000000
407 -134.0000000000
409 -133.0000000000
429 -132.0000000000
443 -131.0000000000
445 -130.0000000000
453 -129.0000000000
474 -128.0000000000
485 -126.0000000000
489 -125.0000000000
493 -124.0000000000
534 -121.0000000000
538 -120.0000000000
564 -119.0000000000
569 -117.0000000000
580 -116.0000000000
597 -114.0000000000
613 -113.0000000000
619 -111.0000000000
621 -110.0000000000
642 -109.0000000000
647 -107.0000000000
668 -106.0000000000
686 -105.0000000000
735 -104.0000000000
751 -103.0000000000
776 -101.0000000000
783 -100.0000000000
806 -98.0000000000
821 -97.0000000000
829 -96.0000000000
846 -95.0000000000
858 -94.0000000000
864 -93.0000000000
868 -91.0000000000
900 -90.0000000000
908 -89.0000000000
921 -88.0000000000
934 -87.0000000000
951 -86.0000000000
968 -84.0000000000
1007 -82.0000000000
1022 -81.0000000000
1035 -80.0000000000
1056 -79.0000000000
1059 -78.0000000000
1073 -77.0000000000
1092 -76.0000000000
1096 -75.0000000000
1099 -72.0000000000
1113 -71.0000000000
1157 -70.0000000000
1165 -69.0000000000
1184 -68.0000000000
1210 -67.0000000000
1223 -66.0000000000
1258 -64.0000000000
1283 -63.0000000000
1312 -62.0000000000
1325 -61.0000000000
1353 -59.0000000000
1393 -58.0000000000
1407 -57.0000000000
1440 -56.0000000000
1474 -55.0000000000
1485 -54.0000000000
1511 -51.0000000000
1547 -50.0000000000
1558 -49.0000000000
1596 -48.0000000000
1601 -47.0000000000
1619 -46.0000000000
1631 -45.0000000000
1668 -44.0000000000
1686 -43.0000000000
1700 -42.0000000000
1791 -39.0000000000
1857 -38.0000000000
1865 -37.0000000000
1901 -36.0000000000
1986 -34.0000000000
1998 -33.0000000000
2021 -32.0000000000
2057 -31.0000000000
2084 -30.0000000000
2106 -29.0000000000
2140 -28.0000000000
2169 -27.0000000000
2191 -26.0000000000
2209 -25.0000000000
2251 -22.0000000000
2343 -20.0000000000
2387 -19.0000000000
2401 -18.0000000000
2430 -17.0000000000
2495 -16.0000000000
2523 -15.0000000000
2582 -14.0000000000
2624 -12.0000000000
2701 -11.0000000000
2744 -9.0000000000
2798 -8.0000000000
2903 -7.0000000000
2925 -6.0000000000
3008 -5.0000000000
3053 -4.0000000000
3084 -3.0000000000
3095 -2.0000000000
3137 -1.0000000000
3214 391.0000000000
3226 394.0000000000
3275 397.0000000000
3281 400.0000000000
3314 411.0000000000
3404 416.0000000000
3659 417.0000000000
4075 421.0000000000
4151 422.0000000000
4390 424.0000000000
4787 425.0000000000
4897 426.0000000000
4930 428.0000000000
5524 429.0000000000
5715 430.0000000000
9102 431.0000000000
9634 432.0000000000
10000 230.0000000000
evaluations raw_y
1 -201.0000000000
19 -199.0000000000
21 -196.0000000000
35 -195.0000000000
40 -194.0000000000
41 -189.0000000000
51 -184.0000000000
74 -181.0000000000
88 -178.0000000000
97 -176.0000000000
107 -175.0000000000
114 -172.0000000000
133 -171.0000000000
142 -170.0000000000
154 -167.0000000000
173 -163.0000000000
182 -160.0000000000
195 -158.0000000000
219 -156.0000000000
224 -155.0000000000
236 -153.0000000000
239 -152.0000000000
263 -151.0000000000
278 -146.0000000000
290 -145.0000000000
310 -144.0000000000
317 -141.0000000000
333 -140.0000000000
342 -138.0000000000
351 -137.0000000000
365 -135.0000000000
378 -134.0000000000
415 -133.0000000000
424 -132.0000000000
437 -131.0000000000
465 -130.0000000000
467 -128.0000000000
485 -127.0000000000
493 -126.0000000000
520 -125.0000000000
537 -124.0000000000
546 -123.0000000000
561 -121.0000000000
571 -120.0000000000
583 -119.0000000000
596 -118.0000000000
607 -117.0000000000
621 -116.0000000000
636 -115.0000000000
645 -114.0000000000
651 -113.0000000000
659 -112.0000000000
665 -111.0000000000
697 -108.0000000000
712 -107.0000000000
732 -105.0000000000
758 -104.0000000000
768 -102.0000000000
774 -98.0000000000
812 -96.0000000000
817 -95.0000000000
837 -93.0000000000
849 -92.0000000000
881 -90.0000000000
903 -88.0000000000
921 -87.0000000000
934 -84.0000000000
973 -82.0000000000
984 -81.0000000000
995 -80.0000000000
1005 -79.0000000000
1018 -78.0000000000
1045 -77.0000000000
1059 -76.0000000000
1068 -75.0000000000
1074 -73.0000000000
1123 -70.0000000000
1161 -68.0000000000
1177 -67.0000000000
1218 -66.0000000000
1225 -65.0000000000
1230 -64.0000000000
1235 -62.0000000000
1239 -61.0000000000
1259 -60.0000000000
1268 -59.0000000000
1285 -58.0000000000
1315 -56.0000000000
1354 -54.0000000000
1364 -53.0000000000
1391 -51.0000000000
1446 -50.0000000000
1457 -49.0000000000
1496 -48.0000000000
1507 -46.0000000000
1553 -45.0000000000
1588 -44.0000000000
1603 -43.0000000000
1612 -42.0000000000
1646 -40.0000000000
1684 -39.0000000000
1703 -38.0000000000
1728 -37.0000000000
1755 -36.0000000000
1761 -35.0000000000
1785 -34.0000000000
1821 -33.0000000000
1861 -32.0000000000
1883 -31.0000000000
1894 -30.0000000000
1912 -29.0000000000
1921 -28.0000000000
1948 -27.0000000000
1987 -26.0000000000
2019 -25.0000000000
2053 -23.0000000000
2090 -21.0000000000
2131 -20.0000000000
2184 -19.0000000000
2222 -18.0000000000
2255 -17.0000000000
2264 -16.0000000000
2288 -15.0000000000
2299 -14.0000000000
2327 -12.0000000000
2379 -11.0000000000
2457 -10.0000000000
2537 -9.0000000000
2566 -6.0000000000
2604 -4.0000000000
2650 -3.0000000000
2736 -2.0000000000
2791 367.0000000000
2917 374.0000000000
2939 375.0000000000
2954 387.0000000000
2991 390.0000000000
2999 395.0000000000
3104 398.0000000000
3187 403.0000000000
3213 405.0000000000
3437 408.0000000000
3478 411.0000000000
3556 412.0000000000
3592 413.0000000000
3882 415.0000000000
4012 417.0000000000
4088 422.0000000000
4283 425.0000000000
4323 430.0000000000
4848 432.0000000000
5932 433.0000000000
6556 436.0000000000
10000 376.0000000000
evaluations raw_y
1 -207.0000000000
2 -199.0000000000
12 -191.0000000000
25 -189.0000000000
36 -188.0000000000
41 -185.0000000000
47 -183.0000000000
49 -182.0000000000
57 -169.0000000000
71 -168.0000000000
81 -167.0000000000
87 -166.0000000000
98 -165.0000000000
101 -163.0000000000
107 -162.0000000000
118 -161.0000000000
119 -160.0000000000
127 -159.0000000000
152 -158.0000000000
157 -156.0000000000
167 -153.0000000000
184 -152.0000000000
187 -149.0000000000
213 -147.0000000000
222 -146.0000000000
232 -144.0000000000
262 -143.0000000000
264 -142.0000000000
272 -141.0000000000
284 -140.0000000000
296 -139.0000000000
319 -138.0000000000
320 -136.0000000000
333 -134.0000000000
359 -133.0000000000
366 -132.0000000000
379 -130.0000000000
388 -129.0000000000
406 -128.0000000000
415 -126.0000000000
447 -125.0000000000
452 -124.0000000000
483 -123.0000000000
485 -121.0000000000
511 -119.0000000000
521 -118.0000000000
540 -115.0000000000
562 -113.0000000000
577 -112.0000000000
598 -111.0000000000
618 -110.0000000000
636 -107.0000000000
646 -106.0000000000
648 -105.0000000000
683 -104.0000000000
703 -103.0000000000
725 -101.0000000000
742 -100.0000000000
743 -99.0000000000
752 -98.0000000000
772 -97.0000000000
780 -96.0000000000
785 -95.0000000000
814 -91.0000000000
831 -90.0000000000
864 -89.0000000000
869 -88.0000000000
886 -87.0000000000
899 -86.0000000000
905 -85.0000000000
912 -83.0000000000
938 -82.0000000000
946 -81.0000000000
959 -80.0000000000
979 -79.0000000000
984 -78.0000000000
998 -77.0000000000
1005 -76.0000000000
1013 -75.0000000000
1014 -74.0000000000
1036 -73.0000000000
1061 -72.0000000000
1066 -70.0000000000
1078 -69.0000000000
1090 -68.0000000000
1144 -67.0000000000
1165 -66.0000000000
1192 -64.0000000000
1202 -63.0000000000
1223 -62.0000000000
1237 -61.0000000000
1244 -60.0000000000
1261 -59.0000000000
1289 -58.0000000000
1307 -57.0000000000
1322 -55.0000000000
1348 -54.0000000000
1389 -53.0000000000
1396 -52.0000000000
1402 -50.0000000000
1412 -49.0000000000
1442 -47.0000000000
1460 -46.0000000000
1476 -45.0000000000
1510 -44.0000000000
1532 -43.0000000000
1565 -42.0000000000
1581 -39.0000000000
1632 -38.0000000000
1679 -36.0000000000
1715 -35.0000000000
1743 -34.0000000000
1762 -33.0000000000
1786 -32.0000000000
1834 -29.0000000000
1890 -28.0000000000
1942 -27.0000000000
1957 -26.0000000000
1963 -25.0000000000
2035 -24.0000000000
2044 -23.0000000000
2058 -22.0000000000
2063 -21.0000000000
2107 -20.0000000000
2185 -19.0000000000
2192 -18.0000000000
2259 -16.0000000000
2271 -14.0000000000
2329 -12.0000000000
2354 -11.0000000000
2363 -10.0000000000
2378 -9.0000000000
2408 -8.0000000000
2581 -7.0000000000
2622 -6.0000000000
2670 -5.0000000000
2709 -3.0000000000
2851 -2.0000000000
2909 -1.0000000000
2964 389.0000000000
2977 394.0000000000
2992 395.0000000000
3051 399.0000000000
3056 400.0000000000
3082 410.0000000000
3215 411.0000000000
3235 414.0000000000
3241 417.0000000000
3244 418.0000000000
3449 419.0000000000
3462 420.0000000000
3467 423.0000000000
3526 425.0000000000
3530 428.0000000000
4252 432.0000000000
9821 433.0000000000
10000 340.0000000000
evaluations raw_y
1 -212.0000000000
16 -208.0000000000
22 -207.0000000000
29 -206.0000000000
30 -204.0000000000
32 -202.0000000000
34 -193.0000000000
39 -192.0000000000
42 -190.0000000000
46 -189.0000000000
58 -183.0000000000
73 -178.0000000000
81 -174.0000000000
94 -167.0000000000
102 -165.0000000000
113 -164.0000000000
122 -163.0000000000
137 -159.0000000000
149 -158.0000000000
152 -157.0000000000
165 -156.0000000000
179 -155.0000000000
190 -154.0000000000
195 -152.0000000000
201 -150.0000000000
213 -149.0000000000
215 -148.0000000000
222 -147.0000000000
231 -146.0000000000
242 -145.0000000000
252 -144.0000000000
261 -143.0000000000
277 -141.0000000000
281 -139.0000000000
302 -136.0000000000
320 -135.0000000000
341 -134.0000000000
348 -133.0000000000
361 -130.0000000000
368 -129.0000000000
375 -128.0000000000
393 -126.0000000000
421 -125.0000000000
438 -124.0000000000
452 -123.0000000000
470 -122.0000000000
480 -120.0000000000
491 -119.0000000000
502 -118.0000000000
523 -117.0000000000
543 -116.0000000000
556 -114.0000000000
563 -113.0000000000
591 -111.0000000000
611 -110.0000000000
626 -109.0000000000
637 -108.0000000000
653 -107.0000000000
655 -106.0000000000
660 -105.0000000000
676 -103.0000000000
695 -102.0000000000
701 -101.0000000000
721 -100.0000000000
734 -99.0000000000
745 -98.0000000000
752 -97.0000000000
765 -94.0000000000
790 -93.0000000000
804 -91.0000000000
819 -90.0000000000
822 -88.0000000000
835 -85.0000000000
884 -84.0000000000
890 -83.0000000000
902 -82.0000000000
914 -80.0000000000
940 -79.0000000000
967 -78.0000000000
977 -77.0000000000
996 -75.0000000000
1016 -74.0000000000
1021 -73.0000000000
1051 -71.0000000000
1064 -70.0000000000
1079 -69.0000000000
1085 -67.0000000000
1118 -66.0000000000
1140 -65.0000000000
1148 -64.0000000000
1152 -63.0000000000
1169 -62.0000000000
1174 -61.0000000000
1192 -60.0000000000
1205 -56.0000000000
1250 -55.0000000000
1268 -54.0000000000
1295 -53.0000000000
1305 -52.0000000000
1322 -51.0000000000
1344 -50.0000000000
1367 -49.0000000000
1373 -47.0000000000
1388 -46.0000000000
1396 -45.0000000000
1465 -44.0000000000
1467 -43.0000000000
1489 -42.0000000000
1537 -41.0000000000
1556 -40.0000000000
1586 -39.0000000000
1596 -38.0000000000
1638 -37.0000000000
1661 -36.0000000000
1684 -35.0000000000
1690 -34.0000000000
1707 -33.0000000000
1721 -32.0000000000
1751 -31.0000000000
1784 -30.0000000000
1791 -29.0000000000
1822 -28.0000000000
1842 -27.0000000000
1878 -26.0000000000
1900 -25.0000000000
1919 -23.0000000000
1951 -20.0000000000
2018 -17.0000000000
2037 -16.0000000000
2158 -15.0000000000
2182 -13.0000000000
2293 -12.0000000000
2296 -11.0000000000
2320 -10.0000000000
2349 -9.0000000000
2415 -8.0000000000
2465 -7.0000000000
2531 -6.0000000000
2580 -5.0000000000
2646 -4.0000000000
2657 -3.0000000000
2710 -1.0000000000
2776 379.0000000000
2838 383.0000000000
2843 384.0000000000
2844 395.0000000000
2846 396.0000000000
2863 397.0000000000
2913 399.0000000000
2921 400.0000000000
2971 403.0000000000
2995 404.0000000000
3014 405.0000000000
3062 407.0000000000
3170 410.0000000000
3277 414.0000000000
3331 419.0000000000
3359 421.0000000000
3508 425.0000000000
3826 426.0000000000
4454 427.0000000000
4489 428.0000000000
4659 429.0000000000
4932 430.0000000000
4991 431.0000000000
5553 432.0000000000
5729 433.0000000000
6048 435.0000000000
6483 436.0000000000
6850 437.0000000000
7329 440.0000000000
10000 405.0000000000
evaluations raw_y
1 -223.0000000000
2 -198.0000000000
13 -197.0000000000
15 -193.0000000000
23 -190.0000000000
28 -178.0000000000
45 -176.0000000000
49 -174.0000000000
63 -170.0000000000
66 -169.0000000000
72 -168.0000000000
87 -167.0000000000
91 -164.0000000000
117 -159.0000000000
135 -155.0000000000
146 -153.0000000000
156 -150.0000000000
167 -149.0000000000
180 -148.0000000000
188 -145.0000000000
198 -143.0000000000
203 -142.0000000000
215 -141.0000000000
223 -139.0000000000
236 -137.0000000000
246 -136.0000000000
253 -135.0000000000
260 -134.0000000000
275 -133.0000000000
279 -131.0000000000
280 -130.0000000000
293 -128.0000000000
307 -126.0000000000
321 -125.0000000000
335 -124.0000000000
360 -123.0000000000
372 -122.0000000000
383 -119.0000000000
403 -118.0000000000
409 -117.0000000000
414 -116.0000000000
427 -115.0000000000
469 -114.0000000000
470 -113.0000000000
472 -111.0000000000
500 -110.0000000000
514 -109.0000000000
536 -107.0000000000
562 -106.0000000000
578 -105.0000000000
591 -103.0000000000
601 -102.0000000000
620 -100.0000000000
630 -99.0000000000
634 -98.0000000000
654 -97.0000000000
662 -96.0000000000
670 -95.0000000000
682 -93.0000000000
700 -92.0000000000
711 -91.0000000000
726 -90.0000000000
734 -88.0000000000
745 -87.0000000000
764 -86.0000000000
778 -85.0000000000
793 -84.0000000000
812 -83.0000000000
827 -82.0000000000
840 -81.0000000000
848 -80.0000000000
851 -79.0000000000
853 -77.0000000000
867 -73.0000000000
881 -72.0000000000
891 -71.0000000000
916 -69.0000000000
924 -68.0000000000
945 -67.0000000000
959 -66.0000000000
985 -63.0000000000
993 -62.0000000000
1002 -61.0000000000
1015 -60.0000000000
1050 -59.0000000000
1065 -58.0000000000
1107 -57.0000000000
1109 -56.0000000000
1138 -53.0000000000
1163 -52.0000000000
1197 -50.0000000000
1204 -49.0000000000
1241 -48.0000000000
1259 -47.0000000000
1306 -46.0000000000
1333 -45.0000000000
1361 -43.0000000000
1373 -42.0000000000
1398 -41.0000000000
1414 -40.0000000000
1440 -39.0000000000
1478 -38.0000000000
1489 -37.0000000000
1500 -36.0000000000
1540 -35.0000000000
1566 -34.0000000000
1571 -32.0000000000
1625 -30.0000000000
1706 -29.0000000000
1740 -28.0000000000
1771 -26.0000000000
1814 -25.0000000000
1823 -24.0000000000
1834 -23.0000000000
1867 -22.0000000000
1891 -21.0000000000
2019 -20.0000000000
2067 -19.0000000000
2102 -18.0000000000
2127 -17.0000000000
2140 -16.0000000000
2164 -15.0000000000
2167 -14.0000000000
2208 -13.0000000000
2237 -11.0000000000
2319 -10.0000000000
2329 -9.0000000000
2352 -8.0000000000
2392 -7.0000000000
2433 -6.0000000000
2462 -4.0000000000
2510 -3.0000000000
2626 -2.0000000000
2661 -1.0000000000
2672 357.0000000000
2695 373.0000000000
2702 382.0000000000
2749 390.0000000000
2845 397.0000000000
2852 401.0000000000
2918 404.0000000000
2955 408.0000000000
2978 412.0000000000
3009 414.0000000000
3154 422.0000000000
3398 428.0000000000
3452 431.0000000000
3480 433.0000000000
3965 434.0000000000
4426 435.0000000000
5431 437.0000000000
5904 438.0000000000
6816 441.0000000000
10000 -3.0000000000
evaluations raw_y
1 -207.0000000000
9 -191.0000000000
28 -186.0000000000
36 -177.0000000000
57 -174.0000000000
68 -173.0000000000
80 -172.0000000000
83 -170.0000000000
105 -169.0000000000
112 -168.0000000000
118 -166.0000000000
121 -165.0000000000
140 -164.0000000000
141 -163.0000000000
159 -162.0000000000
165 -161.0000000000
173 -160.0000000000
179 -159.0000000000
183 -158.0000000000
185 -157.0000000000
195 -150.0000000000
219 -149.0000000000
222 -146.0000000000
236 -144.0000000000
261 -143.0000000000
274 -142.0000000000
282 -140.0000000000
306 -139.0000000000
308 -138.0000000000
318 -137.0000000000
325 -136.0000000000
334 -135.0000000000
336 -134.0000000000
366 -133.0000000000
374 -130.0000000000
389 -129.0000000000
396 -127.0000000000
429 -126.0000000000
431 -125.0000000000
434 -124.0000000000
442 -123.0000000000
465 -121.0000000000
483 -117.0000000000
494 -116.0000000000
506 -115.0000000000
528 -114.0000000000
540 -113.0000000000
546 -112.0000000000
581 -111.0000000000
590 -110.0000000000
601 -109.0000000000
620 -108.0000000000
644 -107.0000000000
664 -105.0000000000
679 -104.0000000000
696 -102.0000000000
705 -101.0000000000
736 -99.0000000000
741 -98.0000000000
761 -97.0000000000
769 -96.0000000000
783 -95.0000000000
789 -94.0000000000
803 -93.0000000000
827 -92.0000000000
836 -91.0000000000
841 -90.0000000000
861 -89.0000000000
862 -88.0000000000
892 -86.0000000000
913 -83.0000000000
922 -81.0000000000
943 -80.0000000000
954 -79.0000000000
975 -78.0000000000
998 -76.0000000000
1025 -74.0000000000
1073 -73.0000000000
1098 -72.0000000000
1113 -71.0000000000
1115 -69.0000000000
1127 -68.0000000000
1160 -67.0000000000
1186 -66.0000000000
1200 -65.0000000000
1216 -63.0000000000
1229 -62.0000000000
1240 -59.0000000000
1265 -57.0000000000
1291 -56.0000000000
1322 -55.0000000000
1370 -54.0000000000
1371 -51.0000000000
1406 -50.0000000000
1411 -48.0000000000
1453 -47.0000000000
1469 -45.0000000000
1501 -44.0000000000
1511 -43.0000000000
1540 -42.0000000000
1583 -41.0000000000
1585 -40.0000000000
1617 -39.0000000000
1625 -38.0000000000
1658 -36.0000000000
1668 -35.0000000000
1728 -32.0000000000
1746 -31.0000000000
1789 -30.0000000000
1805 -29.0000000000
1838 -28.0000000000
1856 -26.0000000000
1860 -25.0000000000
1892 -22.0000000000
1985 -21.0000000000
2007 -19.0000000000
2055 -17.0000000000
2066 -15.0000000000
2119 -14.0000000000
2144 -13.0000000000
2167 -12.0000000000
2187 -11.0000000000
2203 -10.0000000000
2241 -8.0000000000
2295 -7.0000000000
2307 -6.0000000000
2376 -5.0000000000
2414 -4.0000000000
2421 -2.0000000000
2476 -1.0000000000
2692 380.0000000000
2752 381.0000000000
2762 389.0000000000
2769 392.0000000000
2778 397.0000000000
2809 402.0000000000
2822 406.0000000000
2839 408.0000000000
2890 413.0000000000
3170 415.0000000000
3279 424.0000000000
3517 425.0000000000
3706 428.0000000000
3822 431.0000000000
4328 433.0000000000
10000 375.0000000000
evaluations raw_y
1 -224.0000000000
3 -215.0000000000
6 -206.0000000000
11 -200.0000000000
26 -199.0000000000
33 -198.0000000000
40 -197.0000000000
47 -194.0000000000
64 -189.0000000000
81 -188.0000000000
100 -187.0000000000
102 -186.0000000000
104 -181.0000000000
115 -179.0000000000
131 -177.0000000000
142 -175.0000000000
151 -174.0000000000
163 -172.0000000000
171 -170.0000000000
186 -168.0000000000
196 -167.0000000000
197 -166.0000000000
211 -163.0000000000
233 -162.0000000000
234 -160.0000000000
263 -159.0000000000
271 -158.0000000000
281 -156.0000000000
291 -155.0000000000
297 -154.0000000000
311 -152.0000000000
325 -150.0000000000
344 -149.0000000000
355 -146.0000000000
388 -145.0000000000
397 -144.0000000000
413 -143.0000000000
423 -142.0000000000
444 -139.0000000000
472 -138.0000000000
485 -137.0000000000
493 -136.0000000000
499 -135.0000000000
517 -132.0000000000
546 -130.0000000000
562 -129.0000000000
576 -128.0000000000
594 -127.0000000000
621 -126.0000000000
641 -125.0000000000
648 -122.0000000000
652 -121.0000000000
655 -120.0000000000
665 -117.0000000000
682 -115.0000000000
703 -114.0000000000
718 -112.0000000000
734 -111.0000000000
758 -110.0000000000
772 -109.0000000000
786 -108.0000000000
804 -107.0000000000
805 -106.0000000000
822 -103.0000000000
833 -102.0000000000
852 -101.0000000000
879 -100.0000000000
901 -98.0000000000
916 -95.0000000000
926 -94.0000000000
941 -93.0000000000
958 -92.0000000000
976 -90.0000000000
990 -89.0000000000
998 -88.0000000000
1010 -87.0000000000
1028 -86.0000000000
1031 -85.0000000000
1050 -84.0000000000
1090 -82.0000000000
1120 -81.0000000000
1141 -79.0000000000
1161 -76.0000000000
1206 -75.0000000000
1208 -74.0000000000
1224 -73.0000000000
1229 -71.0000000000
1233 -70.0000000000
1265 -69.0000000000
1272 -68.0000000000
1299 -65.0000000000
1313 -64.0000000000
1346 -62.0000000000
1381 -60.0000000000
1392 -58.0000000000
1417 -57.0000000000
1419 -56.0000000000
1443 -55.0000000000
1464 -54.0000000000
1477 -51.0000000000
1540 -50.0000000000
1571 -48.0000000000
1607 -47.0000000000
1620 -46.0000000000
1622 -45.0000000000
1646 -44.0000000000
1652 -43.0000000000
1682 -42.0000000000
1704 -41.0000000000
1719 -40.0000000000
1728 -39.0000000000
1734 -38.0000000000
1770 -37.0000000000
1785 -36.0000000000
1795 -35.0000000000
1816 -34.0000000000
1849 -33.0000000000
1872 -32.0000000000
1894 -30.0000000000
1951 -29.0000000000
1994 -28.0000000000
2024 -26.0000000000
2052 -24.0000000000
2146 -23.0000000000
2173 -20.0000000000
2227 -19.0000000000
2250 -18.0000000000
2254 -17.0000000000
2284 -15.0000000000
2343 -14.0000000000
2384 -12.0000000000
2392 -11.0000000000
2436 -10.0000000000
2499 -9.0000000000
2558 -8.0000000000
2644 -6.0000000000
2704 -5.0000000000
2766 -4.0000000000
2786 -3.0000000000
2842 -2.0000000000
2880 -1.0000000000
2892 397.0000000000
2923 403.0000000000
2948 412.0000000000
3009 415.0000000000
3112 416.0000000000
3115 417.0000000000
3133 422.0000000000
3145 424.0000000000
3324 428.0000000000
3406 429.0000000000
3900 431.0000000000
4161 432.0000000000
4990 433.0000000000
5004 435.0000000000
5433 436.0000000000
6355 437.0000000000
6930 438.0000000000
6959 439.0000000000
10000 414.0000000000
evaluations raw_y
1 -222.0000000000
2 -207.0000000000
6 -195.0000000000
40 -194.0000000000
41 -191.0000000000
42 -186.0000000000
61 -181.0000000000
79 -180.0000000000
84 -178.0000000000
94 -175.0000000000
109 -174.0000000000
128 -170.0000000000
142 -169.0000000000
154 -168.0000000000
164 -167.0000000000
179 -164.0000000000
192 -162.0000000000
209 -159.0000000000
225 -157.0000000000
238 -156.0000000000
239 -154.0000000000
245 -152.0000000000
269 -151.0000000000
273 -150.0000000000
293 -149.0000000000
306 -148.0000000000
325 -146.0000000000
359 -145.0000000000
367 -144.0000000000
377 -143.0000000000
383 -142.0000000000
392 -141.0000000000
411 -140.0000000000
429 -139.0000000000
437 -137.0000000000
441 -136.0000000000
453 -135.0000000000
467 -134.0000000000
478 -133.0000000000
493 -132.0000000000
502 -131.0000000000
514 -129.0000000000
542 -127.0000000000
551 -126.0000000000
572 -124.0000000000
584 -123.0000000000
585 -122.0000000000
597 -121.0000000000
603 -120.0000000000
618 -118.0000000000
631 -117.0000000000
655 -116.0000000000
664 -115.0000000000
666 -113.0000000000
671 -112.0000000000
704 -111.0000000000
708 -110.0000000000
722 -109.0000000000
746 -108.0000000000
751 -106.0000000000
762 -104.0000000000
802 -103.0000000000
809 -102.0000000000
812 -101.0000000000
831 -100.0000000000
844 -99.0000000000
863 -98.0000000000
874 -97.0000000000
881 -96.0000000000
893 -95.0000000000
897 -94.0000000000
909 -93.0000000000
912 -92.0000000000
924 -90.0000000000
939 -89.0000000000
954 -88.0000000000
982 -87.0000000000
1001 -86.0000000000
1012 -84.0000000000
1028 -83.0000000000
1046 -82.0000000000
1070 -81.0000000000
1072 -79.0000000000
1091 -78.0000000000
1096 -77.0000000000
1108 -76.0000000000
1112 -75.0000000000
1150 -74.0000000000
1151 -73.0000000000
1158 -72.0000000000
1167 -71.0000000000
1195 -69.0000000000
1204 -68.0000000000
1211 -67.0000000000
1233 -66.0000000000
1245 -65.0000000000
1268 -62.0000000000
1282 -61.0000000000
1295 -60.0000000000
1305 -59.0000000000
1311 -58.0000000000
1332 -57.0000000000
1345 -56.0000000000
1365 -55.0000000000
1372 -53.0000000000
1384 -52.0000000000
1391 -51.0000000000
1421 -49.0000000000
1478 -48.0000000000
1489 -47.0000000000
1531 -46.0000000000
1546 -45.0000000000
1563 -44.0000000000
1571 -43.0000000000
1580 -41.0000000000
1642 -39.0000000000
1663 -38.0000000000
1682 -37.0000000000
1701 -35.0000000000
1746 -33.0000000000
1780 -29.0000000000
1849 -28.0000000000
1877 -26.0000000000
1934 -25.0000000000
1956 -24.0000000000
2002 -23.0000000000
2045 -22.0000000000
2098 -20.0000000000
2149 -19.0000000000
2190 -18.0000000000
2198 -17.0000000000
2201 -16.0000000000
2224 -14.0000000000
2283 -13.0000000000
2318 -11.0000000000
2365 -10.0000000000
2440 -8.0000000000
2452 -7.0000000000
2552 -6.0000000000
2617 -4.0000000000
2662 -3.0000000000
2705 -1.0000000000
2767 388.0000000000
2780 400.0000000000
2792 402.0000000000
2833 406.0000000000
2863 408.0000000000
2938 409.0000000000
2971 410.0000000000
2977 415.0000000000
2988 416.0000000000
2994 417.0000000000
3037 418.0000000000
3285 419.0000000000
3502 421.0000000000
3603 423.0000000000
3683 425.0000000000
3717 426.0000000000
3880 427.0000000000
3922 428.0000000000
4051 430.0000000000
4120 431.0000000000
5097 434.0000000000
5224 435.0000000000
5900 437.0000000000
9921 438.0000000000
10000 361.0000000000
evaluations raw_y
1 -213.0000000000
3 -204.0000000000
16 -197.0000000000
26 -190.0000000000
55 -189.0000000000
60 -188.0000000000
81 -187.0000000000
85 -185.0000000000
89 -182.0000000000
107 -181.0000000000
108 -180.0000000000
118 -179.0000000000
129 -173.0000000000
154 -172.0000000000
168 -171.0000000000
183 -170.0000000000
203 -169.0000000000
210 -168.0000000000
221 -167.0000000000
237 -166.0000000000
241 -165.0000000000
259 -163.0000000000
262 -160.0000000000
278 -159.0000000000
302 -158.0000000000
307 -157.0000000000
311 -156.0000000000
330 -154.0000000000
337 -153.0000000000
342 -152.0000000000
354 -151.0000000000
363 -150.0000000000
372 -149.0000000000
374 -148.0000000000
386 -147.0000000000
391 -146.0000000000
403 -145.0000000000
426 -144.0000000000
429 -141.0000000000
453 -140.0000000000
462 -137.0000000000
484 -136.0000000000
485 -135.0000000000
511 -134.0000000000
521 -132.0000000000
535 -131.0000000000
552 -130.0000000000
575 -129.0000000000
593 -128.0000000000
609 -127.0000000000
621 -126.0000000000
631 -125.0000000000
643 -124.0000000000
665 -122.0000000000
673 -121.0000000000
699 -119.0000000000
722 -118.0000000000
723 -117.0000000000
746 -116.0000000000
749 -114.0000000000
757 -112.0000000000
777 -110.0000000000
788 -109.0000000000
821 -108.0000000000
822 -105.0000000000
853 -104.0000000000
864 -103.0000000000
873 -102.0000000000
881 -100.0000000000
931 -99.0000000000
943 -98.0000000000
965 -97.0000000000
987 -96.0000000000
991 -95.0000000000
996 -94.0000000000
1003 -92.0000000000
1026 -91.0000000000
1042 -89.0000000000
1051 -88.0000000000
1072 -87.0000000000
1085 -86.0000000000
1099 -85.0000000000
1106 -83.0000000000
1121 -82.0000000000
1153 -81.0000000000
1157 -80.0000000000
1161 -78.0000000000
1181 -77.0000000000
1193 -75.0000000000
1236 -73.0000000000
1263 -70.0000000000
1286 -68.0000000000
1336 -66.0000000000
1352 -65.0000000000
1360 -64.0000000000
1396 -63.0000000000
1415 -62.0000000000
1422 -61.0000000000
1432 -59.0000000000
1453 -58.0000000000
1466 -57.0000000000
1485 -53.0000000000
1514 -52.0000000000
1532 -51.0000000000
1571 -50.0000000000
1610 -48.0000000000
1636 -47.0000000000
1655 -46.0000000000
1680 -45.0000000000
1693 -44.0000000000
1707 -42.0000000000
1765 -40.0000000000
1795 -39.0000000000
1827 -38.0000000000
1842 -37.0000000000
1870 -36.0000000000
1929 -35.0000000000
1962 -34.0000000000
1983 -33.0000000000
1992 -32.0000000000
2027 -31.0000000000
2035 -30.0000000000
2078 -29.0000000000
2086 -28.0000000000
2091 -26.0000000000
2141 -25.0000000000
2161 -24.0000000000
2199 -23.0000000000
2214 -22.0000000000
2222 -21.0000000000
2256 -20.0000000000
2283 -18.0000000000
2329 -17.0000000000
2364 -16.0000000000
2381 -15.0000000000
2403 -13.0000000000
2461 -12.0000000000
2474 -10.0000000000
2521 -8.0000000000
2599 -7.0000000000
2636 -6.0000000000
2654 -4.0000000000
2699 -3.0000000000
2731 -2.0000000000
2827 -1.0000000000
2960 393.0000000000
3061 405.0000000000
3121 410.0000000000
3134 413.0000000000
3285 414.0000000000
3295 415.0000000000
3314 416.0000000000
3484 420.0000000000
3704 421.0000000000
3786 422.0000000000
3816 423.0000000000
3817 424.0000000000
4211 425.0000000000
4478 429.0000000000
5447 430.0000000000
5596 431.0000000000
6327 434.0000000000
6545 435.0000000000
10000 353.0000000000
evaluations raw_y
1 -214.0000000000
5 -203.0000000000
7 -200.0000000000
19 -199.0000000000
21 -198.0000000000
28 -192.0000000000
32 -191.0000000000
41 -181.0000000000
53 -179.0000000000
69 -178.0000000000
71 -177.0000000000
74 -175.0000000000
83 -173.0000000000
92 -172.0000000000
105 -171.0000000000
116 -170.0000000000
131 -169.0000000000
136 -168.0000000000
161 -167.0000000000
164 -166.0000000000
174 -165.0000000000
182 -164.0000000000
189 -163.0000000000
203 -162.0000000000
221 -160.0000000000
232 -159.0000000000
253 -157.0000000000
256 -156.0000000000
277 -155.0000000000
278 -154.0000000000
281 -153.0000000000
288 -152.0000000000
294 -151.0000000000
300 -150.0000000000
315 -149.0000000000
328 -148.0000000000
344 -147.0000000000
354 -146.0000000000
363 -145.0000000000
373 -144.0000000000
381 -143.0000000000
392 -142.0000000000
403 -141.0000000000
421 -139.0000000000
442 -137.0000000000
473 -136.0000000000
483 -135.0000000000
484 -133.0000000000
514 -131.0000000000
515 -130.0000000000
537 -128.0000000000
546 -126.0000000000
576 -123.0000000000
594 -122.0000000000
624 -121.0000000000
631 -120.0000000000
655 -117.0000000000
671 -116.0000000000
693 -114.0000000000
718 -113.0000000000
730 -112.0000000000
754 -111.0000000000
761 -110.0000000000
775 -109.0000000000
777 -108.0000000000
809 -106.0000000000
826 -105.0000000000
835 -103.0000000000
844 -102.0000000000
852 -101.0000000000
869 -100.0000000000
882 -99.0000000000
891 -97.0000000000
912 -96.0000000000
925 -95.0000000000
926 -93.0000000000
935 -92.0000000000
957 -91.0000000000
960 -90.0000000000
968 -88.0000000000
1002 -87.0000000000
1012 -85.0000000000
1036 -84.0000000000
1069 -82.0000000000
1085 -81.0000000000
1105 -80.0000000000
1114 -78.0000000000
1122 -76.0000000000
1133 -74.0000000000
1142 -73.0000000000
1177 -72.0000000000
1187 -71.0000000000
1199 -70.0000000000
1224 -69.0000000000
1245 -68.0000000000
1279 -65.0000000000
1316 -64.0000000000
1340 -63.0000000000
1366 -62.0000000000
1385 -59.0000000000
1393 -58.0000000000
1411 -56.0000000000
1432 -54.0000000000
1451 -52.0000000000
1468 -51.0000000000
1473 -50.0000000000
1481 -49.0000000000
1500 -48.0000000000
1520 -47.0000000000
1521 -46.0000000000
1546 -45.0000000000
1596 -43.0000000000
1641 -42.0000000000
1664 -41.0000000000
1678 -40.0000000000
1687 -39.0000000000
1712 -36.0000000000
1743 -35.0000000000
1768 -34.0000000000
1788 -33.0000000000
1806 -32.0000000000
1815 -30.0000000000
1825 -28.0000000000
1900 -27.0000000000
1953 -25.0000000000
1993 -24.0000000000
2032 -23.0000000000
2076 -20.0000000000
2166 -19.0000000000
2188 -18.0000000000
2222 -16.0000000000
2259 -15.0000000000
2283 -14.0000000000
2342 -13.0000000000
2384 -12.0000000000
2405 -10.0000000000
2435 -9.0000000000
2490 -8.0000000000
2548 -7.0000000000
2623 -6.0000000000
2639 -5.0000000000
2659 -4.0000000000
2703 -3.0000000000
2821 -2.0000000000
2923 -1.0000000000
2973 357.0000000000
2983 365.0000000000
3029 370.0000000000
3050 372.0000000000
3072 380.0000000000
3115 388.0000000000
3123 395.0000000000
3146 402.0000000000
3191 403.0000000000
3222 405.0000000000
3312 408.0000000000
3364 409.0000000000
3383 411.0000000000
3388 412.0000000000
3488 415.0000000000
3520 416.0000000000
3600 417.0000000000
3727 418.0000000000
3736 419.0000000000
4156 425.0000000000
4448 426.0000000000
4504 427.0000000000
4804 429.0000000000
4888 432.0000000000
5197 433.0000000000
5639 434.0000000000
5772 435.0000000000
5920 436.0000000000
8176 437.0000000000
8179 438.0000000000
8463 440.0000000000
10000 356.0000000000
evaluations raw_y
1 -197.0000000000
2 -187.0000000000
21 -184.0000000000
44 -181.0000000000
46 -179.0000000000
52 -174.0000000000
72 -173.0000000000
73 -171.0000000000
95 -170.0000000000
99 -165.0000000000
120 -164.0000000000
128 -162.0000000000
133 -161.0000000000
154 -159.0000000000
158 -158.0000000000
170 -157.0000000000
176 -156.0000000000
178 -154.0000000000
198 -153.0000000000
209 -152.0000000000
225 -151.0000000000
237 -149.0000000000
246 -148.0000000000
253 -147.0000000000
264 -146.0000000000
268 -145.0000000000
278 -143.0000000000
288 -142.0000000000
308 -141.0000000000
335 -140.0000000000
346 -138.0000000000
354 -137.0000000000
362 -136.0000000000
367 -134.0000000000
384 -132.0000000000
404 -131.0000000000
419 -130.0000000000
426 -129.0000000000
438 -128.0000000000
453 -127.0000000000
465 -125.0000000000
483 -123.0000000000
499 -122.0000000000
516 -121.0000000000
524 -120.0000000000
525 -119.0000000000
536 -118.0000000000
554 -117.0000000000
555 -116.0000000000
561 -115.0000000000
580 -113.0000000000
610 -112.0000000000
614 -111.0000000000
633 -110.0000000000
661 -109.0000000000
663 -108.0000000000
688 -107.0000000000
710 -105.0000000000
732 -104.0000000000
741 -103.0000000000
776 -102.0000000000
793 -101.0000000000
803 -99.0000000000
812 -98.0000000000
838 -96.0000000000
863 -94.0000000000
874 -92.0000000000
901 -90.0000000000
905 -88.0000000000
928 -86.0000000000
940 -85.0000000000
947 -84.0000000000
967 -83.0000000000
988 -82.0000000000
991 -80.0000000000
1030 -79.0000000000
1049 -77.0000000000
1072 -76.0000000000
1092 -75.0000000000
1129 -73.0000000000
1164 -71.0000000000
1186 -70.0000000000
1191 -69.0000000000
1202 -68.0000000000
1227 -67.0000000000
1249 -65.0000000000
1286 -63.0000000000
1321 -62.0000000000
1339 -61.0000000000
1370 -60.0000000000
1381 -59.0000000000
1382 -56.0000000000
1398 -55.0000000000
1421 -54.0000000000
1428 -53.0000000000
1454 -52.0000000000
1461 -50.0000000000
1493 -49.0000000000
1503 -48.0000000000
1527 -47.0000000000
1607 -43.0000000000
1681 -42.0000000000
1689 -41.0000000000
1727 -40.0000000000
1756 -39.0000000000
1807 -38.0000000000
1820 -37.0000000000
1849 -35.0000000000
1925 -34.0000000000
1940 -33.0000000000
1953 -32.0000000000
1959 -31.0000000000
2004 -29.0000000000
2041 -27.0000000000
2061 -25.0000000000
2110 -24.0000000000
2178 -23.0000000000
2195 -22.0000000000
2220 -21.0000000000
2236 -20.0000000000
2285 -19.0000000000
2328 -18.0000000000
2341 -17.0000000000
2355 -16.0000000000
2411 -15.0000000000
2461 -14.0000000000
2489 -13.0000000000
2527 -12.0000000000
2548 -10.0000000000
2557 -9.0000000000
2634 -8.0000000000
2653 -6.0000000000
2694 -5.0000000000
2754 -4.0000000000
2774 -3.0000000000
2813 -1.0000000000
2931 388.0000000000
3070 389.0000000000
3087 391.0000000000
3129 394.0000000000
3173 400.0000000000
3175 409.0000000000
3345 410.0000000000
3351 411.0000000000
3463 412.0000000000
3539 419.0000000000
3720 421.0000000000
3745 422.0000000000
3879 424.0000000000
4214 427.0000000000
4487 429.0000000000
4596 431.0000000000
5368 432.0000000000
5610 435.0000000000
5967 436.0000000000
7886 437.0000000000
10000 248.0000000000
evaluations raw_y
1 -221.0000000000
5 -211.0000000000
10 -205.0000000000
12 -203.0000000000
19 -199.0000000000
22 -198.0000000000
28 -194.0000000000
42 -189.0000000000
54 -182.0000000000
67 -181.0000000000
69 -179.0000000000
72 -177.0000000000
77 -173.0000000000
82 -172.0000000000
92 -170.0000000000
103 -166.0000000000
116 -165.0000000000
125 -164.0000000000
144 -163.0000000000
158 -162.0000000000
163 -159.0000000000
176 -158.0000000000
182 -157.0000000000
183 -156.0000000000
191 -155.0000000000
209 -154.0000000000
213 -152.0000000000
236 -151.0000000000
240 -149.0000000000
256 -148.0000000000
260 -146.0000000000
272 -145.0000000000
281 -144.0000000000
295 -142.0000000000
304 -141.0000000000
321 -139.0000000000
325 -138.0000000000
339 -137.0000000000
353 -134.0000000000
371 -133.0000000000
382 -132.0000000000
392 -131.0000000000
395 -129.0000000000
419 -128.0000000000
421 -127.0000000000
429 -126.0000000000
444 -124.0000000000
455 -122.0000000000
467 -121.0000000000
473 -118.0000000000
486 -117.0000000000
496 -115.0000000000
505 -114.0000000000
518 -113.0000000000
535 -109.0000000000
544 -108.0000000000
563 -107.0000000000
575 -105.0000000000
602 -104.0000000000
612 -103.0000000000
638 -102.0000000000
641 -101.0000000000
661 -99.0000000000
672 -98.0000000000
678 -97.0000000000
688 -96.0000000000
701 -93.0000000000
721 -91.0000000000
737 -90.0000000000
747 -89.0000000000
777 -88.0000000000
781 -87.0000000000
798 -86.0000000000
809 -85.0000000000
835 -84.0000000000
855 -82.0000000000
873 -81.0000000000
900 -79.0000000000
913 -77.0000000000
923 -76.0000000000
952 -75.0000000000
986 -74.0000000000
987 -73.0000000000
1011 -70.0000000000
1044 -69.0000000000
1069 -68.0000000000
1106 -67.0000000000
1117 -66.0000000000
1139 -64.0000000000
1169 -63.0000000000
1180 -62.0000000000
1183 -61.0000000000
1206 -59.0000000000
1229 -58.0000000000
1249 -56.0000000000
1258 -54.0000000000
1266 -53.0000000000
1285 -52.0000000000
1289 -51.0000000000
1316 -49.0000000000
1333 -47.0000000000
1424 -44.0000000000
1486 -43.0000000000
1525 -42.0000000000
1543 -41.0000000000
1565 -40.0000000000
1586 -39.0000000000
1593 -38.0000000000
1615 -37.0000000000
1637 -36.0000000000
1665 -35.0000000000
1674 -34.0000000000
1712 -33.0000000000
1752 -32.0000000000
1768 -31.0000000000
1800 -29.0000000000
1832 -28.0000000000
1872 -27.0000000000
1880 -26.0000000000
1885 -25.0000000000
1935 -24.0000000000
1942 -23.0000000000
1967 -22.0000000000
1984 -21.0000000000
1994 -20.0000000000
1997 -19.0000000000
2062 -18.0000000000
2101 -17.0000000000
2120 -16.0000000000
2142 -15.0000000000
2186 -14.0000000000
2213 -13.0000000000
2256 -12.0000000000
2295 -11.0000000000
2328 -9.0000000000
2333 -8.0000000000
2410 -7.0000000000
2503 -6.0000000000
2523 -5.0000000000
2575 -4.0000000000
2695 -3.0000000000
2743 -2.0000000000
2857 -1.0000000000
2950 393.0000000000
2991 395.0000000000
3004 396.0000000000
3027 399.0000000000
3038 401.0000000000
3101 407.0000000000
3242 412.0000000000
3288 416.0000000000
3293 417.0000000000
3304 420.0000000000
3419 421.0000000000
3437 423.0000000000
3546 426.0000000000
3725 429.0000000000
3911 430.0000000000
4057 431.0000000000
6308 434.0000000000
9911 435.0000000000
10000 -3.0000000000
evaluations raw_y
1 -235.0000000000
2 -203.0000000000
7 -198.0000000000
10 -195.0000000000
13 -188.0000000000
28 -187.0000000000
33 -186.0000000000
40 -180.0000000000
51 -177.0000000000
72 -173.0000000000
78 -169.0000000000
93 -165.0000000000
120 -164.0000000000
121 -161.0000000000
150 -160.0000000000
155 -159.0000000000
170 -158.0000000000
171 -157.0000000000
182 -156.0000000000
189 -154.0000000000
204 -150.0000000000
223 -149.0000000000
238 -147.0000000000
250 -144.0000000000
268 -143.0000000000
269 -142.0000000000
276 -140.0000000000
312 -137.0000000000
323 -136.0000000000
325 -135.0000000000
343 -133.0000000000
352 -132.0000000000
375 -131.0000000000
393 -129.0000000000
414 -127.0000000000
417 -126.0000000000
432 -122.0000000000
450 -119.0000000000
451 -118.0000000000
477 -117.0000000000
491 -116.0000000000
497 -114.0000000000
531 -113.0000000000
537 -110.0000000000
559 -109.0000000000
565 -106.0000000000
607 -104.0000000000
625 -100.0000000000
642 -99.0000000000
652 -98.0000000000
660 -96.0000000000
688 -94.0000000000
700 -93.0000000000
713 -92.0000000000
761 -91.0000000000
789 -90.0000000000
795 -89.0000000000
814 -87.0000000000
837 -86.0000000000
884 -85.0000000000
900 -83.0000000000
935 -82.0000000000
937 -80.0000000000
977 -78.0000000000
1003 -77.0000000000
1009 -76.0000000000
1021 -73.0000000000
1051 -71.0000000000
1083 -70.0000000000
1089 -69.0000000000
1122 -68.0000000000
1162 -67.0000000000
1182 -66.0000000000
1222 -65.0000000000
1258 -64.0000000000
1260 -63.0000000000
1262 -62.0000000000
1273 -60.0000000000
1312 -59.0000000000
1319 -58.0000000000
1325 -57.0000000000
1355 -56.0000000000
1404 -55.0000000000
1421 -53.0000000000
1437 -52.0000000000
1465 -51.0000000000
1537 -50.0000000000
1548 -49.0000000000
1563 -48.0000000000
1581 -47.0000000000
1602 -46.0000000000
1605 -45.0000000000
1619 -44.0000000000
1622 -43.0000000000
1634 -42.0000000000
1663 -41.0000000000
1704 -40.0000000000
1750 -39.0000000000
1763 -38.0000000000
1773 -36.0000000000
1822 -35.0000000000
1845 -34.0000000000
1856 -33.0000000000
1909 -32.0000000000
1915 -31.0000000000
1962 -30.0000000000
1971 -28.0000000000
2013 -26.0000000000
2043 -25.0000000000
2072 -23.0000000000
2111 -22.0000000000
2122 -21.0000000000
2144 -20.0000000000
2197 -18.0000000000
2233 -17.0000000000
2260 -16.0000000000
2269 -15.0000000000
2278 -13.0000000000
2299 -12.0000000000
2409 -10.0000000000
2574 -9.0000000000
2643 -8.0000000000
2705 -7.0000000000
2813 -6.0000000000
2824 -5.0000000000
2849 -4.0000000000
2871 -3.0000000000
2901 -2.0000000000
3142 -1.0000000000
3187 387.0000000000
3310 404.0000000000
3430 406.0000000000
3482 408.0000000000
3589 412.0000000000
3613 413.0000000000
3624 415.0000000000
4506 417.0000000000
4714 420.0000000000
4820 426.0000000000
5149 428.0000000000
5381 429.0000000000
5508 430.0000000000
5710 431.0000000000
7042 434.0000000000
7283 435.0000000000
8572 436.0000000000
10000 355.0000000000
evaluations raw_y
1 -215.0000000000
3 -213.0000000000
5 -201.0000000000
24 -199.0000000000
41 -196.0000000000
45 -188.0000000000
53 -186.0000000000
67 -185.0000000000
73 -183.0000000000
77 -176.0000000000
98 -175.0000000000
102 -173.0000000000
117 -172.0000000000
121 -168.0000000000
131 -166.0000000000
139 -164.0000000000
141 -163.0000000000
149 -158.0000000000
162 -157.0000000000
184 -154.0000000000
201 -153.0000000000
211 -152.0000000000
222 -151.0000000000
236 -149.0000000000
240 -148.0000000000
251 -146.0000000000
256 -145.0000000000
265 -144.0000000000
266 -143.0000000000
286 -141.0000000000
303 -140.0000000000
306 -138.0000000000
323 -137.0000000000
339 -136.0000000000
348 -135.0000000000
356 -134.0000000000
361 -129.0000000000
394 -125.0000000000
414 -123.0000000000
438 -121.0000000000
466 -120.0000000000
490 -119.0000000000
491 -118.0000000000
504 -117.0000000000
511 -116.0000000000
521 -114.0000000000
547 -113.0000000000
553 -112.0000000000
573 -111.0000000000
593 -110.0000000000
600 -109.0000000000
604 -107.0000000000
613 -106.0000000000
614 -104.0000000000
633 -103.0000000000
657 -102.0000000000
675 -101.0000000000
699 -100.0000000000
723 -99.0000000000
727 -97.0000000000
752 -96.0000000000
762 -95.0000000000
765 -94.0000000000
780 -93.0000000000
782 -92.0000000000
792 -88.0000000000
831 -85.0000000000
847 -84.0000000000
860 -83.0000000000
895 -79.0000000000
906 -78.0000000000
939 -77.0000000000
952 -75.0000000000
965 -74.0000000000
982 -72.0000000000
996 -71.0000000000
1037 -68.0000000000
1072 -67.0000000000
1076 -66.0000000000
1098 -65.0000000000
1105 -64.0000000000
1115 -63.0000000000
1162 -62.0000000000
1165 -61.0000000000
1182 -59.0000000000
1208 -55.0000000000
1241 -54.0000000000
1261 -53.0000000000
1277 -52.0000000000
1292 -51.0000000000
1321 -50.0000000000
1334 -49.0000000000
1385 -48.0000000000
1397 -47.0000000000
1411 -45.0000000000
1425 -44.0000000000
1456 -43.0000000000
1484 -42.0000000000
1487 -40.0000000000
1509 -39.0000000000
1552 -38.0000000000
1576 -37.0000000000
1636 -35.0000000000
1680 -34.0000000000
1712 -33.0000000000
1743 -32.0000000000
1764 -31.0000000000
1787 -30.0000000000
1830 -29.0000000000
1838 -27.0000000000
1879 -26.0000000000
1904 -25.0000000000
1999 -24.0000000000
2026 -23.0000000000
2042 -22.0000000000
2080 -20.0000000000
2110 -18.0000000000
2141 -17.0000000000
2164 -16.0000000000
2200 -15.0000000000
2252 -14.0000000000
2271 -13.0000000000
2287 -11.0000000000
2428 -10.0000000000
2473 -9.0000000000
2522 -8.0000000000
2547 -7.0000000000
2664 -6.0000000000
2745 -5.0000000000
2844 -4.0000000000
2892 -3.0000000000
2984 -2.0000000000
3042 387.0000000000
3113 388.0000000000
3127 400.0000000000
3151 402.0000000000
3190 404.0000000000
3232 407.0000000000
3280 410.0000000000
3375 417.0000000000
3983 418.0000000000
4093 422.0000000000
4326 426.0000000000
6229 427.0000000000
6747 429.0000000000
7078 430.0000000000
7683 431.0000000000
7834 433.0000000000
8417 434.0000000000
9186 435.0000000000
10000 263.0000000000
evaluations raw_y
1 -205.0000000000
6 -200.0000000000
25 -189.0000000000
36 -187.0000000000
49 -186.0000000000
53 -183.0000000000
62 -178.0000000000
72 -175.0000000000
75 -172.0000000000
83 -167.0000000000
112 -166.0000000000
122 -164.0000000000
125 -162.0000000000
135 -160.0000000000
139 -159.0000000000
144 -158.0000000000
146 -153.0000000000
158 -152.0000000000
177 -151.0000000000
187 -150.0000000000
191 -149.0000000000
209 -148.0000000000
228 -147.0000000000
239 -146.0000000000
243 -145.0000000000
249 -143.0000000000
267 -142.0000000000
281 -141.0000000000
287 -140.0000000000
295 -139.0000000000
304 -137.0000000000
312 -136.0000000000
315 -135.0000000000
323 -134.0000000000
337 -133.0000000000
344 -132.0000000000
367 -130.0000000000
372 -127.0000000000
391 -124.0000000000
438 -122.0000000000
461 -120.0000000000
481 -119.0000000000
496 -118.0000000000
507 -117.0000000000
514 -116.0000000000
524 -115.0000000000
545 -114.0000000000
548 -113.0000000000
563 -111.0000000000
590 -109.0000000000
593 -106.0000000000
636 -103.0000000000
641 -102.0000000000
647 -101.0000000000
655 -98.0000000000
669 -97.0000000000
685 -96.0000000000
693 -94.0000000000
707 -93.0000000000
711 -91.0000000000
737 -90.0000000000
738 -89.0000000000
764 -87.0000000000
782 -86.0000000000
784 -85.0000000000
813 -84.0000000000
855 -83.0000000000
865 -82.0000000000
874 -79.0000000000
918 -77.0000000000
947 -75.0000000000
963 -74.0000000000
974 -72.0000000000
985 -71.0000000000
997 -69.0000000000
1005 -67.0000000000
1058 -66.0000000000
1075 -65.0000000000
1086 -64.0000000000
1104 -63.0000000000
1117 -61.0000000000
1126 -57.0000000000
1136 -56.0000000000
1173 -55.0000000000
1182 -54.0000000000
1202 -53.0000000000
1220 -52.0000000000
1234 -51.0000000000
1255 -50.0000000000
1261 -49.0000000000
1281 -48.0000000000
1302 -46.0000000000
1312 -44.0000000000
1347 -43.0000000000
1365 -42.0000000000
1383 -41.0000000000
1416 -40.0000000000
1424 -39.0000000000
1436 -38.0000000000
1442 -37.0000000000
1463 -36.0000000000
1494 -35.0000000000
1550 -34.0000000000
1573 -33.0000000000
1597 -31.0000000000
1640 -30.0000000000
1662 -29.0000000000
1701 -28.0000000000
1747 -27.0000000000
1749 -24.0000000000
1786 -23.0000000000
1846 -22.0000000000
1861 -21.0000000000
1932 -20.0000000000
1987 -19.0000000000
2042 -18.0000000000
2100 -17.0000000000
2123 -16.0000000000
2179 -14.0000000000
2235 -13.0000000000
2275 -12.0000000000
2369 -11.0000000000
2409 -10.0000000000
2502 -9.0000000000
2580 -8.0000000000
2612 -7.0000000000
2640 -6.0000000000
2656 -5.0000000000
2715 -4.0000000000
2782 -3.0000000000
2842 -2.0000000000
3029 -1.0000000000
3074 364.0000000000
3086 373.0000000000
3120 388.0000000000
3234 390.0000000000
3248 392.0000000000
3268 395.0000000000
3282 401.0000000000
3335 406.0000000000
3432 410.0000000000
3769 411.0000000000
3848 412.0000000000
3856 413.0000000000
3864 416.0000000000
3871 418.0000000000
4009 420.0000000000
4217 423.0000000000
5059 424.0000000000
5970 425.0000000000
6112 428.0000000000
7245 432.0000000000
10000 321.0000000000
evaluations raw_y
1 -209.0000000000
12 -208.0000000000
15 -203.0000000000
21 -196.0000000000
33 -191.0000000000
51 -190.0000000000
53 -186.0000000000
63 -185.0000000000
70 -180.0000000000
85 -176.0000000000
103 -175.0000000000
114 -174.0000000000
117 -171.0000000000
125 -169.0000000000
126 -167.0000000000
152 -164.0000000000
153 -163.0000000000
173 -162.0000000000
183 -159.0000000000
197 -158.0000000000
219 -156.0000000000
226 -155.0000000000
239 -153.0000000000
260 -152.0000000000
266 -151.0000000000
269 -150.0000000000
280 -147.0000000000
298 -146.0000000000
302 -145.0000000000
321 -144.0000000000
331 -143.0000000000
347 -142.0000000000
356 -141.0000000000
358 -140.0000000000
362 -139.0000000000
371 -138.0000000000
376 -137.0000000000
387 -136.0000000000
396 -135.0000000000
408 -134.0000000000
426 -133.0000000000
435 -132.0000000000
447 -130.0000000000
468 -129.0000000000
483 -127.0000000000
498 -126.0000000000
514 -125.0000000000
524 -124.0000000000
540 -123.0000000000
542 -122.0000000000
561 -121.0000000000
571 -119.0000000000
589 -118.0000000000
597 -117.0000000000
609 -116.0000000000
623 -114.0000000000
631 -113.0000000000
677 -112.0000000000
687 -111.0000000000
709 -110.0000000000
716 -109.0000000000
721 -108.0000000000
741 -106.0000000000
758 -105.0000000000
773 -104.0000000000
781 -103.0000000000
802 -101.0000000000
822 -100.0000000000
831 -98.0000000000
851 -97.0000000000
895 -96.0000000000
899 -95.0000000000
901 -94.0000000000
909 -93.0000000000
926 -92.0000000000
967 -89.0000000000
981 -88.0000000000
991 -87.0000000000
1017 -85.0000000000
1048 -84.0000000000
1054 -83.0000000000
1064 -81.0000000000
1104 -78.0000000000
1133 -77.0000000000
1143 -76.0000000000
1158 -75.0000000000
1163 -74.0000000000
1185 -72.0000000000
1214 -70.0000000000
1243 -69.0000000000
1254 -68.0000000000
1268 -67.0000000000
1300 -66.0000000000
1312 -64.0000000000
1343 -63.0000000000
1388 -60.0000000000
1424 -58.0000000000
1482 -57.0000000000
1503 -56.0000000000
1515 -55.0000000000
1531 -54.0000000000
1537 -53.0000000000
1561 -51.0000000000
1592 -50.0000000000
1607 -49.0000000000
1616 -48.0000000000
1643 -47.0000000000
1669 -46.0000000000
1675 -45.0000000000
1683 -43.0000000000
1712 -42.0000000000
1727 -41.0000000000
1755 -40.0000000000
1780 -39.0000000000
1808 -36.0000000000
1837 -35.0000000000
1912 -33.0000000000
1954 -31.0000000000
1969 -30.0000000000
1987 -29.0000000000
2023 -28.0000000000
2043 -27.0000000000
2102 -26.0000000000
2107 -24.0000000000
2195 -23.0000000000
2212 -22.0000000000
2217 -21.0000000000
2244 -20.0000000000
2265 -19.0000000000
2277 -18.0000000000
2351 -17.0000000000
2398 -16.0000000000
2408 -15.0000000000
2430 -14.0000000000
2491 -13.0000000000
2501 -12.0000000000
2558 -11.0000000000
2634 -10.0000000000
2672 -9.0000000000
2705 -8.0000000000
2716 -7.0000000000
2823 -6.0000000000
2881 -5.0000000000
2895 -4.0000000000
2930 -3.0000000000
2952 -2.0000000000
3066 358.0000000000
3083 361.0000000000
3093 390.0000000000
3110 392.0000000000
3164 394.0000000000
3184 397.0000000000
3197 400.0000000000
3268 404.0000000000
3395 405.0000000000
3423 407.0000000000
3544 410.0000000000
3551 415.0000000000
3757 418.0000000000
3775 425.0000000000
4669 429.0000000000
4964 430.0000000000
5108 433.0000000000
5412 435.0000000000
7211 436.0000000000
10000 367.0000000000
