evaluations raw_y
1 -2028.0000000000
3 -2007.0000000000
4 -2005.0000000000
8 -1989.0000000000
17 -1970.0000000000
21 -1967.0000000000
33 -1957.0000000000
41 -1925.0000000000
65 -1916.0000000000
70 -1913.0000000000
82 -1904.0000000000
86 -1882.0000000000
95 -1870.0000000000
101 -1848.0000000000
133 -1845.0000000000
181 -1828.0000000000
212 -1815.0000000000
226 -1814.0000000000
228 -1813.0000000000
251 -1808.0000000000
259 -1807.0000000000
267 -1801.0000000000
276 -1797.0000000000
294 -1794.0000000000
300 -1793.0000000000
307 -1791.0000000000
322 -1786.0000000000
346 -1783.0000000000
367 -1780.0000000000
373 -1776.0000000000
389 -1775.0000000000
390 -1774.0000000000
399 -1773.0000000000
412 -1771.0000000000
415 -1769.0000000000
431 -1767.0000000000
442 -1766.0000000000
450 -1763.0000000000
455 -1759.0000000000
467 -1758.0000000000
491 -1757.0000000000
504 -1755.0000000000
537 -1754.0000000000
549 -1753.0000000000
563 -1752.0000000000
573 -1751.0000000000
582 -1747.0000000000
622 -1745.0000000000
642 -1743.0000000000
670 -1742.0000000000
688 -1741.0000000000
705 -1739.0000000000
713 -1738.0000000000
751 -1737.0000000000
758 -1736.0000000000
762 -1733.0000000000
790 -1732.0000000000
801 -1731.0000000000
818 -1730.0000000000
841 -1729.0000000000
845 -1727.0000000000
863 -1725.0000000000
875 -1724.0000000000
901 -1723.0000000000
909 -1722.0000000000
911 -1720.0000000000
916 -1719.0000000000
920 -1717.0000000000
943 -1716.0000000000
949 -1714.0000000000
983 -1713.0000000000
989 -1712.0000000000
995 -1711.0000000000
1014 -1707.0000000000
1021 -1704.0000000000
1065 -1703.0000000000
1079 -1702.0000000000
1108 -1701.0000000000
1144 -1698.0000000000
1168 -1696.0000000000
1189 -1695.0000000000
1202 -1691.0000000000
1229 -1690.0000000000
1233 -1689.0000000000
1246 -1687.0000000000
1262 -1685.0000000000
1284 -1682.0000000000
1316 -1681.0000000000
1321 -1680.0000000000
1330 -1679.0000000000
1366 -1678.0000000000
1384 -1677.0000000000
1402 -1675.0000000000
1429 -1674.0000000000
1439 -1672.0000000000
1462 -1671.0000000000
1465 -1670.0000000000
1473 -1669.0000000000
1487 -1668.0000000000
1501 -1666.0000000000
1545 -1663.0000000000
1564 -1662.0000000000
1588 -1661.0000000000
1592 -1660.0000000000
1594 -1659.0000000000
1611 -1658.0000000000
1621 -1657.0000000000
1639 -1655.0000000000
1657 -1653.0000000000
1676 -1652.0000000000
1694 -1649.0000000000
1704 -1648.0000000000
1711 -1647.0000000000
1742 -1646.0000000000
1761 -1643.0000000000
1806 -1642.0000000000
1813 -1641.0000000000
1828 -1640.0000000000
1841 -1639.0000000000
1856 -1638.0000000000
1868 -1637.0000000000
1871 -1636.0000000000
1903 -1635.0000000000
1910 -1634.0000000000
1925 -1632.0000000000
1950 -1631.0000000000
1967 -1628.0000000000
1988 -1627.0000000000
2005 -1625.0000000000
2043 -1623.0000000000
2066 -1620.0000000000
2081 -1619.0000000000
2125 -1618.0000000000
2130 -1617.0000000000
2150 -1615.0000000000
2156 -1614.0000000000
2169 -1613.0000000000
2182 -1612.0000000000
2186 -1611.0000000000
2204 -1609.0000000000
2231 -1607.0000000000
2244 -1605.0000000000
2279 -1604.0000000000
2301 -1600.0000000000
2341 -1599.0000000000
2345 -1597.0000000000
2374 -1596.0000000000
2383 -1592.0000000000
2405 -1590.0000000000
2432 -1589.0000000000
2445 -1584.0000000000
2489 -1583.0000000000
2508 -1580.0000000000
2540 -1579.0000000000
2543 -1577.0000000000
2574 -1575.0000000000
2603 -1572.0000000000
2633 -1571.0000000000
2641 -1569.0000000000
2661 -1568.0000000000
2687 -1567.0000000000
2696 -1564.0000000000
2717 -1563.0000000000
2737 -1562.0000000000
2762 -1561.0000000000
2774 -1559.0000000000
2788 -1557.0000000000
2802 -1555.0000000000
2803 -1554.0000000000
2843 -1553.0000000000
2867 -1552.0000000000
2883 -1549.0000000000
2907 -1548.0000000000
2927 -1547.0000000000
2942 -1545.0000000000
2961 -1544.0000000000
2978 -1542.0000000000
3000 -1540.0000000000
3024 -1539.0000000000
3026 -1536.0000000000
3048 -1534.0000000000
3056 -1531.0000000000
3076 -1530.0000000000
3087 -1528.0000000000
3103 -1527.0000000000
3133 -1525.0000000000
3147 -1523.0000000000
3164 -1521.0000000000
3217 -1520.0000000000
3221 -1519.0000000000
3224 -1518.0000000000
3258 -1517.0000000000
3263 -1516.0000000000
3269 -1512.0000000000
3285 -1511.0000000000
3320 -1510.0000000000
3337 -1509.0000000000
3350 -1505.0000000000
3386 -1504.0000000000
3399 -1503.0000000000
3419 -1500.0000000000
3447 -1499.0000000000
3462 -1498.0000000000
3489 -1497.0000000000
3500 -1495.0000000000
3511 -1494.0000000000
3540 -1493.0000000000
3561 -1492.0000000000
3563 -1491.0000000000
3596 -1488.0000000000
3625 -1487.0000000000
3639 -1486.0000000000
3644 -1485.0000000000
3684 -1484.0000000000
3689 -1481.0000000000
3707 -1480.0000000000
3714 -1479.0000000000
3726 -1477.0000000000
3741 -1475.0000000000
3753 -1474.0000000000
3766 -1473.0000000000
3777 -1471.0000000000
3800 -1470.0000000000
3807 -1469.0000000000
3840 -1467.0000000000
3843 -1466.0000000000
3863 -1465.0000000000
3876 -1464.0000000000
3881 -1463.0000000000
3886 -1461.0000000000
3908 -1460.0000000000
3928 -1457.0000000000
3961 -1456.0000000000
3969 -1455.0000000000
3984 -1450.0000000000
4005 -1449.0000000000
4027 -1445.0000000000
4075 -1444.0000000000
4082 -1441.0000000000
4101 -1440.0000000000
4106 -1439.0000000000
4127 -1438.0000000000
4132 -1437.0000000000
4151 -1436.0000000000
4155 -1432.0000000000
4189 -1430.0000000000
4204 -1429.0000000000
4222 -1428.0000000000
4224 -1427.0000000000
4245 -1426.0000000000
4247 -1425.0000000000
4267 -1424.0000000000
4274 -1423.0000000000
4283 -1422.0000000000
4308 -1421.0000000000
4311 -1420.0000000000
4335 -1417.0000000000
4378 -1416.0000000000
4397 -1415.0000000000
4402 -1414.0000000000
4422 -1411.0000000000
4460 -1409.0000000000
4484 -1408.0000000000
4506 -1407.0000000000
4527 -1406.0000000000
4529 -1405.0000000000
4543 -1403.0000000000
4568 -1402.0000000000
4578 -1401.0000000000
4587 -1399.0000000000
4636 -1398.0000000000
4653 -1397.0000000000
4668 -1394.0000000000
4683 -1392.0000000000
4686 -1391.0000000000
4711 -1389.0000000000
4726 -1387.0000000000
4762 -1386.0000000000
4775 -1381.0000000000
4781 -1378.0000000000
4807 -1377.0000000000
4821 -1375.0000000000
4825 -1373.0000000000
4841 -1372.0000000000
4861 -1369.0000000000
4876 -1368.0000000000
4885 -1366.0000000000
4904 -1364.0000000000
4940 -1362.0000000000
4957 -1361.0000000000
4960 -1360.0000000000
4966 -1359.0000000000
4978 -1358.0000000000
4994 -1355.0000000000
5002 -1353.0000000000
5023 -1350.0000000000
5062 -1349.0000000000
5071 -1348.0000000000
5087 -1345.0000000000
5112 -1344.0000000000
5142 -1342.0000000000
5174 -1341.0000000000
5192 -1340.0000000000
5218 -1339.0000000000
5226 -1337.0000000000
5260 -1336.0000000000
5289 -1335.0000000000
5300 -1332.0000000000
5321 -1331.0000000000
5350 -1330.0000000000
5358 -1328.0000000000
5372 -1327.0000000000
5375 -1325.0000000000
5425 -1323.0000000000
5463 -1321.0000000000
5484 -1320.0000000000
5502 -1318.0000000000
5547 -1317.0000000000
5568 -1316.0000000000
5576 -1314.0000000000
5603 -1313.0000000000
5631 -1310.0000000000
5645 -1308.0000000000
5662 -1307.0000000000
5674 -1306.0000000000
5682 -1305.0000000000
5689 -1304.0000000000
5702 -1303.0000000000
5722 -1300.0000000000
5758 -1298.0000000000
5769 -1294.0000000000
5815 -1293.0000000000
5821 -1291.0000000000
5843 -1290.0000000000
5851 -1289.0000000000
5869 -1288.0000000000
5883 -1287.0000000000
5916 -1286.0000000000
5922 -1283.0000000000
5973 -1282.0000000000
5987 -1281.0000000000
5993 -1279.0000000000
6002 -1277.0000000000
6022 -1276.0000000000
6030 -1275.0000000000
6053 -1274.0000000000
6057 -1273.0000000000
6076 -1272.0000000000
6099 -1271.0000000000
6107 -1269.0000000000
6134 -1268.0000000000
6174 -1267.0000000000
6187 -1266.0000000000
6201 -1265.0000000000
6215 -1264.0000000000
6228 -1263.0000000000
6266 -1262.0000000000
6285 -1261.0000000000
6297 -1260.0000000000
6313 -1259.0000000000
6322 -1258.0000000000
6347 -1257.0000000000
6348 -1255.0000000000
6386 -1254.0000000000
6418 -1253.0000000000
6430 -1252.0000000000
6434 -1251.0000000000
6453 -1250.0000000000
6480 -1249.0000000000
6488 -1248.0000000000
6497 -1247.0000000000
6505 -1246.0000000000
6536 -1245.0000000000
6546 -1243.0000000000
6565 -1242.0000000000
6589 -1240.0000000000
6606 -1239.0000000000
6610 -1238.0000000000
6633 -1237.0000000000
6646 -1236.0000000000
6658 -1234.0000000000
6665 -1233.0000000000
6687 -1232.0000000000
6688 -1231.0000000000
6720 -1229.0000000000
6724 -1227.0000000000
6762 -1226.0000000000
6782 -1225.0000000000
6789 -1223.0000000000
6824 -1222.0000000000
6833 -1221.0000000000
6851 -1220.0000000000
6863 -1216.0000000000
6901 -1215.0000000000
6929 -1211.0000000000
6965 -1210.0000000000
6992 -1209.0000000000
7013 -1206.0000000000
7042 -1201.0000000000
7086 -1200.0000000000
7093 -1199.0000000000
7105 -1197.0000000000
7124 -1196.0000000000
7154 -1195.0000000000
7175 -1194.0000000000
7182 -1193.0000000000
7210 -1192.0000000000
7218 -1190.0000000000
7270 -1189.0000000000
7273 -1188.0000000000
7294 -1187.0000000000
7295 -1186.0000000000
7322 -1185.0000000000
7341 -1183.0000000000
7351 -1182.0000000000
7374 -1181.0000000000
7393 -1180.0000000000
7413 -1177.0000000000
7428 -1176.0000000000
7464 -1175.0000000000
7493 -1173.0000000000
7524 -1172.0000000000
7554 -1170.0000000000
7572 -1169.0000000000
7583 -1168.0000000000
7585 -1167.0000000000
7611 -1166.0000000000
7650 -1165.0000000000
7657 -1164.0000000000
7664 -1163.0000000000
7676 -1162.0000000000
7706 -1161.0000000000
7717 -1160.0000000000
7741 -1159.0000000000
7762 -1157.0000000000
7783 -1156.0000000000
7829 -1155.0000000000
7836 -1154.0000000000
7868 -1153.0000000000
7885 -1151.0000000000
7901 -1150.0000000000
7926 -1149.0000000000
7950 -1147.0000000000
7985 -1145.0000000000
8006 -1144.0000000000
8035 -1143.0000000000
8043 -1142.0000000000
8062 -1140.0000000000
8100 -1138.0000000000
8121 -1136.0000000000
8123 -1135.0000000000
8157 -1133.0000000000
8182 -1132.0000000000
8203 -1131.0000000000
8215 -1130.0000000000
8253 -1129.0000000000
8270 -1127.0000000000
8281 -1125.0000000000
8303 -1124.0000000000
8313 -1123.0000000000
8326 -1122.0000000000
8328 -1121.0000000000
8347 -1120.0000000000
8368 -1119.0000000000
8388 -1118.0000000000
8409 -1116.0000000000
8426 -1114.0000000000
8450 -1112.0000000000
8452 -1111.0000000000
8491 -1108.0000000000
8505 -1107.0000000000
8521 -1105.0000000000
8548 -1104.0000000000
8589 -1103.0000000000
8633 -1102.0000000000
8653 -1101.0000000000
8675 -1100.0000000000
8681 -1098.0000000000
8716 -1096.0000000000
8737 -1095.0000000000
8753 -1093.0000000000
8763 -1092.0000000000
8800 -1091.0000000000
8840 -1090.0000000000
8841 -1088.0000000000
8884 -1087.0000000000
8887 -1086.0000000000
8900 -1085.0000000000
8925 -1084.0000000000
8969 -1083.0000000000
8981 -1081.0000000000
9012 -1080.0000000000
9023 -1079.0000000000
9030 -1078.0000000000
9039 -1077.0000000000
9065 -1076.0000000000
9091 -1074.0000000000
9119 -1072.0000000000
9143 -1070.0000000000
9160 -1069.0000000000
9163 -1068.0000000000
9201 -1067.0000000000
9214 -1065.0000000000
9223 -1064.0000000000
9244 -1063.0000000000
9265 -1062.0000000000
9292 -1060.0000000000
9297 -1059.0000000000
9310 -1057.0000000000
9342 -1056.0000000000
9348 -1055.0000000000
9372 -1052.0000000000
9402 -1051.0000000000
9407 -1050.0000000000
9427 -1048.0000000000
9466 -1047.0000000000
9489 -1045.0000000000
9505 -1044.0000000000
9521 -1043.0000000000
9554 -1042.0000000000
9556 -1041.0000000000
9561 -1040.0000000000
9587 -1038.0000000000
9628 -1036.0000000000
9671 -1035.0000000000
9703 -1033.0000000000
9721 -1031.0000000000
9744 -1030.0000000000
9777 -1029.0000000000
9801 -1028.0000000000
9855 -1027.0000000000
9861 -1026.0000000000
9916 -1025.0000000000
9924 -1023.0000000000
9975 -1021.0000000000
10002 -1019.0000000000
10054 -1017.0000000000
10067 -1016.0000000000
10081 -1014.0000000000
10122 -1013.0000000000
10125 -1012.0000000000
10160 -1010.0000000000
10162 -1008.0000000000
10222 -1006.0000000000
10227 -1005.0000000000
10246 -1004.0000000000
10281 -1003.0000000000
10294 -1002.0000000000
10306 -1000.0000000000
10336 -999.0000000000
10347 -997.0000000000
10367 -996.0000000000
10381 -995.0000000000
10402 -993.0000000000
10425 -991.0000000000
10443 -989.0000000000
10463 -988.0000000000
10489 -987.0000000000
10511 -986.0000000000
10523 -985.0000000000
10541 -984.0000000000
10543 -983.0000000000
10567 -982.0000000000
10588 -980.0000000000
10615 -979.0000000000
10648 -978.0000000000
10654 -976.0000000000
10662 -974.0000000000
10703 -971.0000000000
10760 -970.0000000000
10776 -969.0000000000
10795 -967.0000000000
10801 -966.0000000000
10851 -965.0000000000
10882 -963.0000000000
10906 -962.0000000000
10922 -961.0000000000
10924 -959.0000000000
10970 -958.0000000000
10984 -957.0000000000
10996 -956.0000000000
11016 -955.0000000000
11053 -953.0000000000
11066 -951.0000000000
11086 -950.0000000000
11111 -949.0000000000
11115 -948.0000000000
11129 -946.0000000000
11167 -944.0000000000
11181 -943.0000000000
11215 -942.0000000000
11242 -941.0000000000
11267 -940.0000000000
11281 -939.0000000000
11309 -938.0000000000
11317 -936.0000000000
11345 -935.0000000000
11347 -934.0000000000
11385 -932.0000000000
11401 -931.0000000000
11433 -928.0000000000
11475 -926.0000000000
11481 -925.0000000000
11533 -924.0000000000
11567 -921.0000000000
11620 -919.0000000000
11633 -918.0000000000
11673 -917.0000000000
11682 -916.0000000000
11711 -915.0000000000
11724 -913.0000000000
11770 -912.0000000000
11773 -910.0000000000
11794 -908.0000000000
11804 -907.0000000000
11823 -906.0000000000
11890 -904.0000000000
11948 -903.0000000000
11960 -902.0000000000
11964 -900.0000000000
12008 -899.0000000000
12041 -896.0000000000
12044 -895.0000000000
12082 -892.0000000000
12125 -891.0000000000
12172 -890.0000000000
12192 -888.0000000000
12201 -887.0000000000
12234 -886.0000000000
12245 -884.0000000000
12260 -882.0000000000
12283 -881.0000000000
12323 -878.0000000000
12349 -877.0000000000
12374 -876.0000000000
12381 -875.0000000000
12407 -874.0000000000
12415 -873.0000000000
12441 -871.0000000000
12468 -870.0000000000
12484 -869.0000000000
12489 -868.0000000000
12501 -864.0000000000
12583 -863.0000000000
12604 -862.0000000000
12634 -861.0000000000
12670 -859.0000000000
12713 -857.0000000000
12721 -856.0000000000
12783 -855.0000000000
12807 -854.0000000000
12821 -853.0000000000
12828 -852.0000000000
12846 -851.0000000000
12867 -850.0000000000
12887 -848.0000000000
12911 -847.0000000000
12912 -845.0000000000
12941 -844.0000000000
12965 -843.0000000000
13003 -841.0000000000
13045 -839.0000000000
13104 -838.0000000000
13109 -837.0000000000
13125 -836.0000000000
13153 -835.0000000000
13172 -834.0000000000
13187 -833.0000000000
13232 -830.0000000000
13257 -829.0000000000
13264 -828.0000000000
13304 -827.0000000000
13347 -826.0000000000
13393 -825.0000000000
13419 -824.0000000000
13423 -823.0000000000
13452 -822.0000000000
13473 -821.0000000000
13482 -820.0000000000
13529 -819.0000000000
13572 -818.0000000000
13580 -817.0000000000
13586 -816.0000000000
13591 -815.0000000000
13641 -814.0000000000
13661 -812.0000000000
13706 -811.0000000000
13728 -810.0000000000
13743 -809.0000000000
13770 -808.0000000000
13792 -807.0000000000
13795 -806.0000000000
13807 -805.0000000000
13837 -804.0000000000
13852 -803.0000000000
13896 -800.0000000000
13907 -799.0000000000
13921 -798.0000000000
13957 -797.0000000000
13981 -796.0000000000
14007 -795.0000000000
14022 -793.0000000000
14043 -790.0000000000
14061 -788.0000000000
14097 -787.0000000000
14122 -786.0000000000
14126 -784.0000000000
14183 -783.0000000000
14202 -782.0000000000
14231 -780.0000000000
14268 -779.0000000000
14285 -777.0000000000
14308 -776.0000000000
14341 -775.0000000000
14374 -774.0000000000
14378 -773.0000000000
14412 -772.0000000000
14430 -770.0000000000
14471 -769.0000000000
14486 -768.0000000000
14506 -767.0000000000
14513 -766.0000000000
14527 -765.0000000000
14561 -764.0000000000
14567 -763.0000000000
14585 -761.0000000000
14607 -760.0000000000
14634 -759.0000000000
14642 -758.0000000000
14677 -755.0000000000
14704 -754.0000000000
14716 -753.0000000000
14726 -752.0000000000
14762 -750.0000000000
14776 -749.0000000000
14805 -748.0000000000
14821 -747.0000000000
14824 -746.0000000000
14872 -744.0000000000
14895 -743.0000000000
14920 -742.0000000000
14944 -740.0000000000
15000 -738.0000000000
15064 -737.0000000000
15081 -736.0000000000
15110 -735.0000000000
15123 -734.0000000000
15148 -733.0000000000
15162 -732.0000000000
15201 -730.0000000000
15222 -729.0000000000
15238 -726.0000000000
15274 -724.0000000000
15281 -723.0000000000
15313 -722.0000000000
15326 -719.0000000000
15371 -718.0000000000
15391 -717.0000000000
15441 -716.0000000000
15471 -714.0000000000
15508 -713.0000000000
15530 -712.0000000000
15572 -711.0000000000
15575 -710.0000000000
15604 -709.0000000000
15606 -707.0000000000
15683 -706.0000000000
15751 -705.0000000000
15806 -704.0000000000
15849 -703.0000000000
15863 -702.0000000000
15928 -701.0000000000
15937 -700.0000000000
15951 -699.0000000000
16006 -698.0000000000
16020 -697.0000000000
16032 -695.0000000000
16088 -694.0000000000
16104 -693.0000000000
16132 -692.0000000000
16161 -691.0000000000
16190 -690.0000000000
16206 -689.0000000000
16235 -687.0000000000
16243 -686.0000000000
16266 -685.0000000000
16277 -684.0000000000
16321 -683.0000000000
16341 -682.0000000000
16368 -679.0000000000
16450 -678.0000000000
16479 -676.0000000000
16523 -675.0000000000
16555 -674.0000000000
16566 -672.0000000000
16582 -671.0000000000
16628 -670.0000000000
16714 -669.0000000000
16721 -668.0000000000
16786 -667.0000000000
16807 -666.0000000000
16813 -665.0000000000
16823 -664.0000000000
16847 -663.0000000000
16867 -662.0000000000
16889 -660.0000000000
16911 -659.0000000000
16945 -658.0000000000
16971 -657.0000000000
17001 -656.0000000000
17032 -655.0000000000
17063 -654.0000000000
17068 -653.0000000000
17088 -652.0000000000
17091 -651.0000000000
17128 -649.0000000000
17170 -647.0000000000
17236 -646.0000000000
17247 -645.0000000000
17271 -644.0000000000
17286 -642.0000000000
17336 -640.0000000000
17387 -639.0000000000
17410 -638.0000000000
17480 -637.0000000000
17524 -636.0000000000
17550 -635.0000000000
17582 -633.0000000000
17621 -632.0000000000
17623 -631.0000000000
17661 -629.0000000000
17687 -627.0000000000
17748 -626.0000000000
17752 -625.0000000000
17762 -624.0000000000
17801 -623.0000000000
17806 -622.0000000000
17856 -621.0000000000
17876 -620.0000000000
17901 -619.0000000000
17939 -617.0000000000
17981 -616.0000000000
17984 -615.0000000000
18032 -614.0000000000
18075 -613.0000000000
18095 -612.0000000000
18117 -611.0000000000
18137 -610.0000000000
18168 -609.0000000000
18186 -608.0000000000
18198 -606.0000000000
18218 -605.0000000000
18230 -604.0000000000
18261 -603.0000000000
18267 -602.0000000000
18282 -601.0000000000
18308 -600.0000000000
18324 -599.0000000000
18371 -598.0000000000
18412 -597.0000000000
18472 -596.0000000000
18473 -595.0000000000
18497 -594.0000000000
18534 -593.0000000000
18540 -592.0000000000
18607 -590.0000000000
18623 -589.0000000000
18645 -588.0000000000
18654 -586.0000000000
18712 -585.0000000000
18752 -584.0000000000
18759 -583.0000000000
18799 -582.0000000000
18828 -581.0000000000
18833 -579.0000000000
18863 -578.0000000000
18865 -577.0000000000
18888 -573.0000000000
18954 -571.0000000000
19006 -570.0000000000
19026 -569.0000000000
19057 -567.0000000000
19127 -565.0000000000
19150 -564.0000000000
19192 -562.0000000000
19206 -561.0000000000
19239 -560.0000000000
19259 -559.0000000000
19276 -558.0000000000
19284 -557.0000000000
19343 -554.0000000000
19401 -553.0000000000
19424 -552.0000000000
19455 -551.0000000000
19463 -550.0000000000
19494 -549.0000000000
19518 -548.0000000000
19550 -547.0000000000
19554 -546.0000000000
19593 -545.0000000000
19625 -544.0000000000
19664 -543.0000000000
19696 -542.0000000000
19708 -541.0000000000
19764 -539.0000000000
19826 -538.0000000000
19870 -536.0000000000
19939 -535.0000000000
19961 -534.0000000000
19988 -533.0000000000
20051 -531.0000000000
20103 -530.0000000000
20116 -529.0000000000
20178 -528.0000000000
20201 -527.0000000000
20211 -526.0000000000
20245 -524.0000000000
20297 -523.0000000000
20310 -522.0000000000
20322 -521.0000000000
20361 -520.0000000000
20414 -519.0000000000
20427 -518.0000000000
20447 -517.0000000000
20462 -515.0000000000
20504 -514.0000000000
20535 -513.0000000000
20573 -512.0000000000
20615 -511.0000000000
20644 -510.0000000000
20683 -509.0000000000
20692 -508.0000000000
20739 -507.0000000000
20769 -506.0000000000
20802 -505.0000000000
20804 -504.0000000000
20862 -503.0000000000
20871 -502.0000000000
20911 -500.0000000000
20947 -499.0000000000
20973 -498.0000000000
20992 -497.0000000000
21027 -496.0000000000
21072 -494.0000000000
21095 -493.0000000000
21103 -492.0000000000
21152 -490.0000000000
21184 -488.0000000000
21222 -487.0000000000
21232 -486.0000000000
21269 -485.0000000000
21274 -483.0000000000
21324 -482.0000000000
21342 -481.0000000000
21363 -480.0000000000
21375 -479.0000000000
21388 -478.0000000000
21428 -476.0000000000
21478 -474.0000000000
21523 -473.0000000000
21524 -472.0000000000
21560 -471.0000000000
21598 -470.0000000000
21643 -469.0000000000
21695 -466.0000000000
21722 -465.0000000000
21748 -464.0000000000
21763 -463.0000000000
21771 -462.0000000000
21818 -461.0000000000
21822 -460.0000000000
21843 -459.0000000000
21862 -458.0000000000
21897 -457.0000000000
21942 -456.0000000000
21971 -455.0000000000
22005 -454.0000000000
22040 -453.0000000000
22065 -451.0000000000
22101 -450.0000000000
22141 -449.0000000000
22164 -447.0000000000
22175 -446.0000000000
22189 -445.0000000000
22235 -444.0000000000
22268 -443.0000000000
22281 -442.0000000000
22317 -441.0000000000
22323 -440.0000000000
22370 -439.0000000000
22406 -438.0000000000
22449 -437.0000000000
22496 -436.0000000000
22538 -435.0000000000
22553 -434.0000000000
22561 -433.0000000000
22583 -432.0000000000
22617 -431.0000000000
22626 -430.0000000000
22648 -428.0000000000
22674 -427.0000000000
22717 -426.0000000000
22739 -424.0000000000
22777 -423.0000000000
22802 -422.0000000000
22843 -421.0000000000
22845 -420.0000000000
22863 -419.0000000000
22888 -418.0000000000
22941 -417.0000000000
22992 -415.0000000000
23044 -414.0000000000
23104 -413.0000000000
23148 -412.0000000000
23203 -411.0000000000
23240 -410.0000000000
23269 -408.0000000000
23316 -407.0000000000
23381 -404.0000000000
23421 -403.0000000000
23448 -402.0000000000
23504 -401.0000000000
23510 -400.0000000000
23557 -398.0000000000
23601 -397.0000000000
23635 -396.0000000000
23686 -394.0000000000
23748 -393.0000000000
23762 -392.0000000000
23791 -391.0000000000
23801 -390.0000000000
23813 -388.0000000000
23842 -387.0000000000
23886 -385.0000000000
23925 -384.0000000000
23953 -383.0000000000
23969 -382.0000000000
23971 -381.0000000000
23997 -380.0000000000
24037 -379.0000000000
24046 -378.0000000000
24083 -377.0000000000
24094 -376.0000000000
24127 -375.0000000000
24153 -374.0000000000
24172 -373.0000000000
24221 -372.0000000000
24269 -371.0000000000
24310 -369.0000000000
24355 -368.0000000000
24386 -367.0000000000
24411 -366.0000000000
24466 -364.0000000000
24511 -363.0000000000
24566 -362.0000000000
24619 -361.0000000000
24623 -360.0000000000
24662 -358.0000000000
24715 -357.0000000000
24721 -356.0000000000
24766 -355.0000000000
24787 -354.0000000000
24816 -353.0000000000
24849 -350.0000000000
24879 -349.0000000000
24908 -348.0000000000
24928 -346.0000000000
24975 -345.0000000000
25002 -344.0000000000
25021 -343.0000000000
25043 -342.0000000000
25076 -341.0000000000
25099 -340.0000000000
25127 -339.0000000000
25142 -337.0000000000
25156 -336.0000000000
25221 -335.0000000000
25249 -334.0000000000
25261 -333.0000000000
25315 -332.0000000000
25348 -331.0000000000
25379 -330.0000000000
25423 -329.0000000000
25445 -327.0000000000
25491 -326.0000000000
25536 -325.0000000000
25568 -324.0000000000
25601 -323.0000000000
25622 -322.0000000000
25659 -321.0000000000
25681 -320.0000000000
25717 -319.0000000000
25734 -318.0000000000
25743 -317.0000000000
25783 -316.0000000000
25808 -315.0000000000
25836 -314.0000000000
25867 -313.0000000000
25892 -312.0000000000
25922 -311.0000000000
25924 -310.0000000000
25968 -309.0000000000
26045 -308.0000000000
26134 -306.0000000000
26176 -305.0000000000
26218 -304.0000000000
26264 -303.0000000000
26295 -302.0000000000
26327 -301.0000000000
26421 -300.0000000000
26463 -299.0000000000
26506 -297.0000000000
26565 -296.0000000000
26610 -295.0000000000
26629 -293.0000000000
26683 -292.0000000000
26702 -291.0000000000
26752 -290.0000000000
26771 -289.0000000000
26822 -288.0000000000
26877 -287.0000000000
26910 -286.0000000000
26940 -285.0000000000
26964 -284.0000000000
27004 -283.0000000000
27048 -282.0000000000
27088 -281.0000000000
27110 -280.0000000000
27164 -279.0000000000
27208 -276.0000000000
27254 -274.0000000000
27282 -273.0000000000
27328 -272.0000000000
27339 -271.0000000000
27419 -270.0000000000
27504 -269.0000000000
27551 -268.0000000000
27601 -267.0000000000
27668 -266.0000000000
27711 -265.0000000000
27750 -263.0000000000
27783 -262.0000000000
27790 -261.0000000000
27826 -260.0000000000
27852 -258.0000000000
27884 -257.0000000000
27897 -256.0000000000
27949 -255.0000000000
27995 -254.0000000000
28039 -253.0000000000
28066 -252.0000000000
28084 -251.0000000000
28087 -250.0000000000
28112 -249.0000000000
28174 -248.0000000000
28241 -247.0000000000
28276 -246.0000000000
28304 -245.0000000000
28350 -244.0000000000
28422 -242.0000000000
28476 -241.0000000000
28505 -240.0000000000
28528 -239.0000000000
28629 -238.0000000000
28659 -237.0000000000
28728 -236.0000000000
28800 -235.0000000000
28861 -234.0000000000
29006 -233.0000000000
29050 -232.0000000000
29112 -231.0000000000
29153 -230.0000000000
29200 -229.0000000000
29215 -228.0000000000
29281 -227.0000000000
29305 -226.0000000000
29368 -225.0000000000
29392 -224.0000000000
29426 -223.0000000000
29462 -221.0000000000
29484 -220.0000000000
29510 -219.0000000000
29549 -218.0000000000
29571 -217.0000000000
29603 -216.0000000000
29621 -215.0000000000
29675 -214.0000000000
29718 -213.0000000000
29767 -212.0000000000
29772 -210.0000000000
29844 -209.0000000000
29870 -208.0000000000
29914 -207.0000000000
29932 -206.0000000000
29975 -205.0000000000
30037 -204.0000000000
30107 -203.0000000000
30123 -202.0000000000
30256 -201.0000000000
30293 -200.0000000000
30352 -199.0000000000
30390 -198.0000000000
30424 -197.0000000000
30483 -196.0000000000
30606 -195.0000000000
30645 -194.0000000000
30690 -193.0000000000
30754 -192.0000000000
30809 -191.0000000000
30872 -190.0000000000
30944 -189.0000000000
30982 -188.0000000000
31005 -187.0000000000
31139 -186.0000000000
31197 -185.0000000000
31203 -184.0000000000
31235 -183.0000000000
31316 -182.0000000000
31405 -181.0000000000
31464 -180.0000000000
31530 -179.0000000000
31593 -178.0000000000
31609 -177.0000000000
31661 -176.0000000000
31684 -175.0000000000
31707 -174.0000000000
31739 -173.0000000000
31790 -172.0000000000
31816 -171.0000000000
31886 -170.0000000000
31927 -169.0000000000
31965 -168.0000000000
32008 -167.0000000000
32062 -166.0000000000
32148 -165.0000000000
32199 -164.0000000000
32205 -163.0000000000
32253 -162.0000000000
32362 -161.0000000000
32432 -160.0000000000
32492 -159.0000000000
32526 -158.0000000000
32579 -157.0000000000
32646 -156.0000000000
32685 -155.0000000000
32722 -154.0000000000
32790 -153.0000000000
32846 -152.0000000000
32875 -151.0000000000
32929 -150.0000000000
33024 -149.0000000000
33096 -148.0000000000
33183 -147.0000000000
33221 -146.0000000000
33244 -145.0000000000
33325 -144.0000000000
33330 -143.0000000000
33405 -142.0000000000
33440 -141.0000000000
33471 -140.0000000000
33484 -139.0000000000
33575 -138.0000000000
33624 -137.0000000000
33669 -136.0000000000
33754 -135.0000000000
33807 -134.0000000000
33822 -133.0000000000
33911 -132.0000000000
33924 -131.0000000000
34012 -130.0000000000
34127 -129.0000000000
34184 -128.0000000000
34270 -127.0000000000
34323 -126.0000000000
34349 -125.0000000000
34385 -124.0000000000
34427 -123.0000000000
34484 -122.0000000000
34530 -121.0000000000
34614 -120.0000000000
34641 -119.0000000000
34687 -118.0000000000
34775 -117.0000000000
34817 -116.0000000000
34905 -115.0000000000
34923 -114.0000000000
35008 -113.0000000000
35049 -112.0000000000
35072 -111.0000000000
35213 -110.0000000000
35283 -109.0000000000
35424 -108.0000000000
35479 -107.0000000000
35573 -106.0000000000
35809 -105.0000000000
35926 -104.0000000000
35968 -103.0000000000
36113 -102.0000000000
36143 -101.0000000000
36232 -100.0000000000
36393 -99.0000000000
36481 -98.0000000000
36554 -97.0000000000
36620 -96.0000000000
36626 -95.0000000000
36711 -94.0000000000
36751 -93.0000000000
36808 -92.0000000000
36904 -91.0000000000
37165 -90.0000000000
37273 -89.0000000000
37291 -87.0000000000
37357 -86.0000000000
37394 -85.0000000000
37402 -84.0000000000
37465 -83.0000000000
37523 -82.0000000000
37646 -81.0000000000
37751 -80.0000000000
37793 -79.0000000000
37872 -78.0000000000
37912 -77.0000000000
38094 -76.0000000000
38189 -75.0000000000
38494 -74.0000000000
38776 -73.0000000000
38810 -72.0000000000
38863 -71.0000000000
38992 -70.0000000000
39066 -69.0000000000
39191 -68.0000000000
39319 -67.0000000000
39888 -66.0000000000
39933 -65.0000000000
40000 -64.0000000000
40033 -63.0000000000
40057 -62.0000000000
40092 -61.0000000000
40112 -60.0000000000
40293 -59.0000000000
40495 -58.0000000000
40583 -57.0000000000
40657 -56.0000000000
40744 -55.0000000000
40932 -54.0000000000
40957 -53.0000000000
41066 -52.0000000000
41150 -51.0000000000
41228 -50.0000000000
41272 -49.0000000000
41382 -48.0000000000
41748 -47.0000000000
41906 -46.0000000000
42333 -45.0000000000
42530 -44.0000000000
42570 -43.0000000000
42625 -42.0000000000
42840 -41.0000000000
42980 -40.0000000000
43037 -39.0000000000
43099 -38.0000000000
43185 -37.0000000000
43227 -36.0000000000
43228 -35.0000000000
43271 -34.0000000000
43701 -33.0000000000
44094 -32.0000000000
44207 -31.0000000000
44285 -30.0000000000
44594 -29.0000000000
44695 -28.0000000000
44726 -27.0000000000
45241 -26.0000000000
45435 -25.0000000000
45996 -24.0000000000
46221 -23.0000000000
46530 -22.0000000000
46608 -21.0000000000
47050 -20.0000000000
47199 -19.0000000000
47535 -18.0000000000
47828 -17.0000000000
48443 -16.0000000000
48594 -15.0000000000
48881 -14.0000000000
48977 -13.0000000000
49475 -12.0000000000
50183 -11.0000000000
50389 -10.0000000000
50652 -9.0000000000
51086 -8.0000000000
51358 -7.0000000000
52925 -6.0000000000
54756 -5.0000000000
56303 -4.0000000000
57117 -3.0000000000
58069 -2.0000000000
58625 -1.0000000000
58724 69.9300000000
58745 73.9100000000
58957 81.3400000000
60229 81.4600000000
61183 84.0700000000
63125 86.1300000000
67159 87.1200000000
67192 87.3600000000
67227 94.0000000000
67345 95.2100000000
68434 96.3300000000
69066 97.8200000000
72749 101.3500000000
74912 102.4700000000
100000 -3.0000000000
