evaluations raw_y
1 682456.0218193852
2 702688.2050313206
6 712499.2939054189
34 712837.0995793453
41 730566.8049981493
72 739520.8985363657
85 743448.3192669228
88 755839.9292342325
118 759322.3212820017
134 764179.6488201116
153 765114.1064332762
157 765545.6939479776
161 776932.2359090275
186 779540.7528801771
192 781914.0651991069
202 782971.7654372968
222 784051.3951719397
224 787222.4248586277
246 788352.4448350343
252 791033.8766969185
277 794091.7585447424
296 795194.7478629925
308 795434.0228769691
311 797498.9676097655
331 797833.0574089162
334 798926.8895901716
343 800452.6235608612
350 803216.4299198993
370 803966.8058670153
393 804144.6140767228
401 805644.6602501506
411 807148.9965671413
422 807169.3324776659
426 807688.6304253538
444 809853.7064280497
463 810728.0688427401
474 810965.4142748881
482 812827.2448621736
502 813695.9304778726
506 815212.3434504593
521 816682.7284928352
549 817075.4382118448
555 820396.1276143841
572 820829.2232424857
608 821270.6834718699
614 821483.2355736492
621 822038.2597178263
625 824061.4326797678
662 825098.5724237069
678 825559.2486804887
683 826005.4819907810
687 826066.0345868575
690 826349.4387507702
695 827178.2684745425
701 827208.1081207733
721 828636.5637767147
736 828845.7656234279
743 829834.3866885978
744 830557.9430761534
774 831307.9473110833
782 831363.5059009618
789 832147.6873275696
796 832590.4787067637
816 832881.1522520293
821 833184.4098072873
849 833380.2122588990
853 833983.8385287274
868 834148.9945941170
872 835372.0337047786
885 836140.9442298611
898 837282.2094194641
918 837625.1851465051
924 838663.2841649394
941 838900.8628902663
964 839421.5023324614
970 839451.4839664387
986 840500.4320026486
987 840515.2496389090
991 840593.6739467469
1000 841832.5694815216
1006 841933.9615207360
1011 842655.8614712476
1015 842904.7955310803
1023 843880.6730251270
1044 844228.6829431995
1058 844811.0669968376
1062 846105.9308992901
1075 846310.3293737720
1082 846866.6124322534
1097 847126.5737251721
1115 847311.7080126286
1116 848246.8520907847
1127 848450.1164039260
1142 848586.5995316685
1143 849553.3708682129
1161 850171.5199662946
1185 850260.2037759993
1190 850427.5822188314
1204 851342.5651741446
1216 851590.1725605490
1226 852236.7641469700
1240 853336.2033986944
1243 853590.5507184885
1265 853921.0735038156
1267 854117.4051280099
1269 854535.8852410086
1271 855924.9961575303
1282 857544.4276508848
1317 858594.8254927392
1335 859051.9897625182
1363 859633.8834503075
1365 860804.4643719874
1412 861070.8718074984
1424 862061.5297510014
1450 862110.5240458567
1456 863641.5555610011
1473 864004.9193593219
1494 864904.3815291388
1501 865513.6512634193
1504 865547.3754757416
1525 865611.4483901149
1537 867011.8021203862
1538 867367.4752917417
1542 867791.4249407459
1571 871080.2973433598
1600 872259.4710201169
1616 872887.3759205027
1645 876077.8329109109
1685 876335.3396675759
1704 876952.2650683328
1711 878365.8234378381
1746 878533.8149855537
1761 879729.0455032375
1765 880027.5436892058
1769 880159.3732155421
1779 881224.7736210097
1785 881953.3839492779
1809 882563.1781722691
1825 883365.0863040538
1837 884101.2908346887
1862 884411.5056804058
1865 886595.9368335966
1883 886755.3373463067
1901 887303.5895490602
1924 887851.6318864105
1933 887930.1827475060
1941 888320.2303292850
1948 888464.5922302463
1955 888625.9292763717
1964 888675.4485373485
1968 888822.8974081299
1986 889163.6574721183
1998 890254.9565314566
2005 890574.8402911244
2024 891474.2762329669
2047 891877.3144307616
2050 892721.6781249910
2067 894131.6292267739
2102 894486.0574529453
2103 896225.2141442365
2122 896338.5951350972
2135 896834.2667625857
2144 897762.3796328758
2158 898430.1308229989
2164 899043.2490521237
2168 899579.7223364156
2196 899605.9495863303
2199 899821.9290398557
2201 901191.1702253473
2237 901390.6654870225
2244 901429.7790388223
2245 901880.7651724340
2264 903065.0887430349
2265 903348.1957703519
2268 904387.6844702727
2283 905824.5261108266
2324 906096.6311354545
2325 906845.5636329015
2334 907113.3580055529
2344 907159.4619508602
2379 907172.1327672685
2385 907397.6337503414
2386 908343.9540136122
2388 909488.5588267175
2401 910238.1483720494
2422 911096.7915960108
2438 912128.9380061815
2447 912652.5798210320
2474 913290.9198550500
2487 913863.8188355797
2492 915217.1790164572
2522 916258.8962994406
2565 916804.8606361977
2575 917305.2075308668
2590 917971.7318031703
2603 918570.9390611785
2628 920270.1255475413
2645 921149.0398759687
2682 922390.3438177109
2702 922678.1098400576
2703 923120.5335909623
2704 923540.2662706091
2723 924055.9469679935
2737 924092.6629330517
2746 924096.2648089204
2749 924159.7146750429
2750 926211.7561476575
2761 926482.8852341549
2794 927008.5010490979
2801 927053.2278456668
2818 927167.6974432173
2823 928453.5780023163
2852 930604.9065549934
2874 931422.7783087334
2884 931702.0997729440
2901 932211.0871082691
2915 932245.9349902072
2917 932267.4932457658
2922 932999.9966524855
2928 933393.6465673192
2934 934680.4240137712
2952 934918.3056599726
2968 935102.4798433213
2971 936248.9681758727
2991 936468.5331499769
2993 936774.2737148020
3007 938002.8392298472
3025 939632.9524952859
3042 939683.0936008268
3044 939723.3684300674
3054 940407.3129616658
3065 940552.8641925349
3069 941361.4999782346
3101 943616.5334971505
3137 945104.0033607072
3170 946168.0860482381
3199 946799.0430717712
3224 947432.1469974563
3247 947831.1125182624
3251 948167.9769886889
3265 949437.9076886682
3288 949786.9178487178
3299 949997.0808572808
3315 950019.7962887601
3319 950281.2961602497
3324 951136.8818340901
3346 951666.8221932617
3347 951667.1110145813
3362 952308.6460059524
3374 952837.9559586707
3386 953884.8214027216
3403 953890.2657158654
3408 954550.9101072884
3424 954799.0055266942
3430 954883.6679410251
3433 955055.9221296894
3442 955114.4645360950
3443 955149.3039662164
3445 955324.7745689387
3449 955612.2322634412
3460 955655.3321079212
3467 957333.9255185613
3480 957634.4587602147
3494 958212.8507428477
3502 958520.1048259509
3504 958874.3328421594
3511 959799.2905576170
3531 960939.3691225308
3549 961322.5715105085
3557 961739.3522977567
3563 962178.6812855052
3590 962454.7512893523
3605 962995.2778178889
3608 964037.2146207545
3618 964135.4285574534
3624 964627.7857085402
3641 965107.8559292123
3642 965498.3505396183
3661 965951.2169639595
3677 966082.1066911317
3686 966440.4216048454
3698 966673.0771810827
3699 966736.6056273771
3701 966909.0419042554
3702 966931.4646331394
3703 968099.0833124754
3726 968363.1143001214
3747 968431.9646170574
3750 970410.6467937410
3790 970913.9285950932
3808 970990.5919345350
3809 971393.2899905231
3811 972166.0217513423
3832 972477.7352809614
3843 972856.3550524859
3872 973157.5128436300
3873 973623.0240711799
3885 974398.8159697261
3896 975350.5250047407
3932 975450.8120337760
3947 975496.0897997199
3948 976139.7112873613
3954 977000.0667023689
3966 978003.9003053460
3986 978317.2044600290
4002 978730.3368887182
4007 979268.6481818765
4020 979768.8536042403
4026 979930.7943025858
4037 980006.8361281246
4042 980824.5633544424
4049 981374.0621388046
4077 981578.7886516802
4081 981851.1936653475
4082 982858.0365879469
4083 983117.4566469440
4086 983584.3345736273
4087 984511.5778934648
4125 984958.4775562075
4152 985766.5109149229
4171 986497.4907551116
4182 986540.1122583458
4183 987360.9654547704
4204 987447.6450637514
4206 987597.6804751643
4221 987979.7891209354
4229 988007.2006678151
4251 988130.2511368175
4256 989014.5049805725
4262 989091.8696636989
4283 989744.5639801396
4306 989874.5275296373
4312 990303.9352223836
4330 990466.9327137367
4339 991460.1166844445
4349 991955.7557718573
4366 992133.3941499538
4367 992146.1035265678
4380 992766.8100669732
4387 993766.6171985966
4399 994729.6357202062
4413 996004.1710718741
4421 996640.3647643662
4444 997142.5939321263
4446 998377.4516314489
4463 998387.4303361136
4468 998570.8401054844
4484 999818.7528310793
4522 1000011.4131780179
4531 1000915.9349304406
4543 1000991.8498310569
4546 1001006.7932412226
4550 1001324.4627346789
4555 1001364.7978935129
4563 1001492.8143459420
4565 1002799.8055752307
4584 1003245.1830106567
4606 1004251.7311019294
4628 1004509.1531614829
4638 1005041.9896018764
4641 1005687.8449726054
4668 1006161.4854808868
4679 1006670.0007658644
4691 1007246.1898992647
4704 1007561.5349854016
4720 1007737.7900990053
4729 1007785.9595496606
4743 1007991.5264127598
4755 1008403.2513264120
4757 1008440.9450596952
4761 1008863.7574325815
4791 1009102.9998153243
4806 1009168.9141163507
4813 1009395.1592124674
4822 1009437.0957982024
4826 1009457.6795488030
4829 1009883.8260097625
4843 1010224.4187733071
4862 1011217.2318277910
4883 1011571.2986241649
4898 1011625.9493480615
4903 1012843.7296802963
4923 1013254.4829536350
4944 1014991.9342254550
4973 1015076.1247039762
4976 1015372.2835826430
4987 1015765.5326391722
4994 1016247.2702325752
5004 1016764.6936021919
5028 1017263.5465960262
5037 1017564.2673114239
5051 1017892.1103118150
5073 1018121.9996121486
5076 1018666.2960445626
5099 1018922.2397843588
5105 1019343.9895975870
5133 1019385.2019979155
5141 1020076.4746353200
5161 1020428.9116590285
5168 1020951.1030457611
5181 1021561.7850249490
5206 1022630.5192893521
5221 1022830.1227552713
5235 1024145.1192160201
5247 1024321.8704443314
5265 1024444.6096494615
5273 1024815.3237495142
5288 1025036.3948802463
5290 1025589.8693040526
5307 1025993.7983905897
5332 1026205.2199007681
5333 1026635.1796053018
5342 1026751.1515078393
5351 1026980.3182154326
5381 1027380.1639415044
5382 1027457.2120036043
5383 1028309.9955609213
5402 1029529.6505058608
5426 1030411.3881776120
5446 1031323.5213216235
5470 1031343.5708871258
5471 1031939.7641118292
5488 1032303.1232186529
5496 1032367.1738835464
5499 1032467.8227375486
5514 1032788.6848638447
5516 1032925.4483040385
5521 1033471.3992605078
5528 1033554.8406198098
5529 1033893.3396827996
5542 1034247.3445598533
5545 1034264.1865696167
5567 1034558.5642038442
5572 1034774.0201955816
5586 1034820.9193920132
5588 1035097.1946463418
5596 1035369.7365513894
5605 1035507.0827283226
5606 1036508.0001225161
5632 1037034.5676950329
5662 1037575.1052062842
5684 1037641.7237932322
5687 1038077.1750633784
5695 1038229.8816819622
5708 1038772.3507734290
5717 1038895.7924529548
5732 1039777.8063649316
5771 1039952.2972933773
5775 1040232.9156020302
5786 1041032.9431253712
5826 1041039.2083830058
5833 1041520.8797412458
5847 1041897.6611441954
5856 1042228.5611209210
5878 1042324.1340368623
5882 1042874.7314771818
5930 1043235.1926989688
5937 1043871.2419415545
5945 1044120.6118841402
5969 1045048.5226745593
5982 1045404.5695089556
5991 1045955.3602367977
6011 1047302.4574641816
6062 1047306.9988590139
6083 1047653.3362641977
6095 1048288.1100382882
6102 1049315.2093836861
6141 1049508.1084752588
6142 1050188.2834286448
6145 1051006.2526716169
6166 1051328.3125949691
6171 1051569.8162652513
6183 1051615.9919773878
6186 1051992.4429710063
6194 1052948.0141747661
6232 1054471.8227482573
6252 1054733.6798550726
6262 1055192.8703149802
6271 1055479.5938935324
6284 1055736.5502739311
6286 1055822.7895688198
6289 1056094.5282396723
6302 1056427.3507030224
6304 1056675.0185285618
6313 1056940.8441430181
6316 1057151.8095776709
6323 1057295.5937124854
6324 1057697.8283365909
6327 1058650.9280545081
6343 1059463.9042712233
6369 1059483.5490151087
6394 1059970.9241109551
6407 1060412.9373504675
6411 1060420.0521842234
6412 1061247.6821545712
6457 1061870.6656883389
6463 1062136.3188541827
6464 1062358.1604185111
6470 1062766.2015117712
6487 1063024.9136692027
6504 1063821.6991899747
6519 1063856.3788639619
6526 1064559.4522366985
6542 1064613.3628183284
6543 1064620.0088498022
6558 1065227.7720558417
6559 1065605.7159960461
6563 1065741.1906875020
6565 1067160.9473460219
6582 1067661.6306804747
6597 1067692.7583258536
6602 1067957.0346325191
6605 1070427.8170156060
6656 1072148.3784978653
6687 1072586.6844083811
6702 1072899.1468552370
6715 1073015.2133805037
6717 1074407.7482874817
6737 1074610.5471693811
6745 1074724.4157007195
6757 1074918.1234238537
6761 1075332.1068070033
6776 1076049.3607193511
6782 1076163.2111452587
6795 1076617.6486059886
6803 1077653.7984581876
6829 1078218.1909840694
6831 1079016.4118705268
6869 1081693.0055223047
6901 1082269.8428966794
6916 1082324.9467757230
6925 1082542.3885953852
6948 1083076.9525970130
6949 1083600.5208680837
6966 1084109.0001519064
6974 1084527.8535351472
6997 1087037.0877858817
7026 1087619.6198252861
7030 1088443.6702324867
7062 1088451.2899045250
7080 1088605.0540998366
7081 1088812.4748802991
7088 1089172.2472598292
7099 1089494.3283472699
7101 1089726.0436818791
7111 1090282.5583235351
7129 1090776.9178457574
7138 1091106.6344080153
7157 1091492.9130019085
7161 1091788.0031084621
7163 1092935.6559914171
7213 1093064.4204229631
7222 1094589.2225518886
7253 1095018.0401115133
7266 1095632.6895472242
7301 1095768.9646847346
7307 1095852.8174696639
7321 1096139.1136498039
7338 1096305.7158190969
7339 1096673.9363369721
7348 1096803.3694614731
7349 1097372.9382246099
7376 1098771.6030198762
7398 1099922.5850824383
7421 1100189.4638348678
7442 1100328.0589369719
7447 1100459.5069604269
7464 1101341.4565871276
7467 1101380.7382619651
7480 1102606.6268336484
7506 1102746.9226392375
7508 1102873.2725510285
7523 1103324.3218289712
7544 1103447.0444629067
7548 1104776.9709532063
7611 1105516.3999886897
7624 1105622.3065595571
7631 1107543.8921420774
7654 1108083.1515956474
7691 1108128.2853786920
7695 1108212.0632649995
7696 1108708.3253564041
7702 1108828.3809419763
7712 1109850.7140869023
7755 1109923.2906527212
7775 1110152.3824576482
7779 1110510.3321339902
7782 1110700.1272628813
7805 1110739.4209877669
7810 1111037.9404536416
7831 1111445.7597839425
7842 1111795.6500166995
7863 1111930.5386630860
7872 1112237.0214781289
7879 1112584.7118974533
7915 1113581.3998126113
7925 1114425.9931571498
7978 1115046.7691627042
7986 1115113.6077296690
7993 1115842.2628363275
8032 1115928.6331307427
8036 1116365.3865255457
8042 1116880.1461143808
8063 1117090.8391606160
8078 1117369.3873116323
8084 1117719.6531249355
8085 1117792.3610671989
8094 1117794.1668924936
8108 1118000.5191952370
8114 1118558.9001635071
8135 1118634.6612338268
8149 1119329.3600244648
8168 1119748.2120426029
8176 1119753.6562544426
8200 1120619.8220088452
8208 1120640.4923614860
8215 1120846.7714533107
8238 1121058.5607032571
8264 1121135.6002739640
8281 1121393.1642981211
8287 1121627.0633342166
8309 1122047.8126070069
8325 1123286.9415561052
8364 1123812.7805537898
8366 1124072.3963788946
8398 1124987.1128949777
8426 1125140.1238920460
8444 1125349.8365372061
8446 1125776.4719717135
8473 1125873.7354824906
8477 1126322.6443030885
8500 1126999.2861638453
8508 1127045.8556883736
8514 1127065.6327626230
8518 1127366.6288249497
8533 1127419.9728699147
8537 1127456.5677644694
8541 1127625.9562797665
8546 1127772.1034601249
8554 1127803.1780289605
8571 1128590.9459645126
8584 1128621.6204417651
8603 1128765.6317337397
8614 1128843.0197111885
8622 1129115.2900656655
8631 1129155.4020373269
8646 1129664.2531834734
8662 1129954.2577424580
8669 1130312.2809142426
8680 1130433.9596874255
8690 1130789.4397466676
8718 1130821.2400452062
8721 1131161.4587886336
8725 1132137.1157876877
8765 1132313.3773205958
8775 1133168.0373555799
8803 1133541.4371043998
8818 1134435.0789917139
8830 1134639.3501494850
8832 1135174.6179737435
8845 1135382.1584985103
8853 1135744.3074532088
8854 1135829.8445374230
8866 1136244.4038885180
8882 1136409.5661343527
8899 1136705.4866475672
8903 1136818.3207809480
8904 1137252.9662240895
8915 1138135.4700698678
8925 1139505.9398714844
8953 1139836.3877585868
8961 1141004.1261962247
9002 1141362.9606082048
9033 1141376.9626303324
9061 1141545.1332268838
9064 1141746.0047385029
9082 1142242.1370781623
9099 1142268.9854112768
9103 1142380.0071915598
9121 1142506.8057372675
9124 1143007.9103825842
9137 1143252.0955732514
9158 1143757.8417793596
9182 1143792.1857678990
9185 1143974.1688351242
9194 1144544.5712285922
9204 1144890.9654132435
9215 1145030.2459264647
9234 1145389.2982787315
9236 1145423.5701359343
9245 1146137.3260144147
9251 1146876.2879200638
9274 1147105.5967134787
9287 1147266.0054992612
9304 1148228.9244560164
9309 1148601.7039292597
9325 1149410.4354073498
9336 1149764.3143816346
9359 1150246.7967763441
9361 1150685.4819652864
9374 1152066.9959034997
9410 1152298.0829666422
9415 1153467.8512580658
9422 1154464.1852470224
9462 1154823.0347264332
9471 1154935.4036523614
9476 1155025.8939166807
9492 1155518.8566361808
9501 1156063.9029986863
9536 1156395.3466484025
9565 1156433.6707734670
9566 1156490.5174497410
9571 1156878.8554614268
9583 1156940.3875036449
9591 1157496.5626749117
9611 1157579.2378406411
9624 1158072.2387551228
9643 1158106.0373481638
9645 1158526.9424201052
9651 1158899.0275649936
9670 1159517.9353097021
9688 1161726.3680345272
9734 1162061.3860548215
9770 1162167.4021112474
9773 1162216.8611507220
9781 1162337.0585107978
9787 1162952.3040104746
9820 1163002.0711008478
9840 1163326.9400651217
9850 1163746.7636545750
9867 1164041.1161891564
9893 1164209.9106605854
9898 1164429.0498998181
9912 1164480.1918813870
9916 1165157.1296015759
9922 1165588.5645940118
9949 1165828.8442884968
9994 1166556.8665819780
10000 1165228.5495350745
