evaluations raw_y
1 -1995.0000000000
3 -1994.0000000000
4 -1993.0000000000
5 -1992.0000000000
6 -1991.0000000000
9 -1990.0000000000
19 -1989.0000000000
24 -1987.0000000000
26 -1986.0000000000
27 -1985.0000000000
29 -1984.0000000000
32 -1983.0000000000
39 -1981.0000000000
44 -1980.0000000000
45 -1978.0000000000
46 -1976.0000000000
47 -1975.0000000000
55 -1974.0000000000
58 -1973.0000000000
61 -1970.0000000000
64 -1969.0000000000
67 -1968.0000000000
70 -1967.0000000000
71 -1966.0000000000
84 -1965.0000000000
92 -1964.0000000000
99 -1963.0000000000
100 -1962.0000000000
101 -1961.0000000000
105 -1960.0000000000
106 -1957.0000000000
108 -1956.0000000000
117 -1955.0000000000
122 -1953.0000000000
124 -1952.0000000000
133 -1951.0000000000
134 -1950.0000000000
139 -1949.0000000000
148 -1948.0000000000
150 -1947.0000000000
151 -1946.0000000000
152 -1945.0000000000
153 -1944.0000000000
155 -1943.0000000000
162 -1942.0000000000
168 -1941.0000000000
172 -1940.0000000000
173 -1938.0000000000
178 -1937.0000000000
180 -1933.0000000000
192 -1932.0000000000
194 -1931.0000000000
198 -1930.0000000000
201 -1929.0000000000
205 -1928.0000000000
206 -1926.0000000000
215 -1925.0000000000
224 -1924.0000000000
225 -1923.0000000000
228 -1922.0000000000
229 -1921.0000000000
230 -1920.0000000000
231 -1919.0000000000
235 -1918.0000000000
237 -1917.0000000000
242 -1916.0000000000
244 -1915.0000000000
249 -1914.0000000000
250 -1913.0000000000
254 -1912.0000000000
256 -1911.0000000000
260 -1910.0000000000
267 -1909.0000000000
269 -1908.0000000000
270 -1907.0000000000
272 -1906.0000000000
275 -1905.0000000000
277 -1904.0000000000
279 -1903.0000000000
286 -1901.0000000000
287 -1899.0000000000
290 -1898.0000000000
295 -1897.0000000000
296 -1896.0000000000
297 -1895.0000000000
307 -1894.0000000000
313 -1893.0000000000
314 -1892.0000000000
315 -1891.0000000000
320 -1889.0000000000
328 -1888.0000000000
336 -1887.0000000000
346 -1886.0000000000
348 -1885.0000000000
349 -1883.0000000000
352 -1881.0000000000
358 -1880.0000000000
368 -1879.0000000000
370 -1878.0000000000
383 -1876.0000000000
389 -1875.0000000000
392 -1874.0000000000
393 -1873.0000000000
395 -1872.0000000000
396 -1870.0000000000
398 -1869.0000000000
402 -1868.0000000000
403 -1867.0000000000
409 -1866.0000000000
418 -1865.0000000000
419 -1864.0000000000
420 -1863.0000000000
422 -1859.0000000000
425 -1858.0000000000
426 -1857.0000000000
428 -1855.0000000000
436 -1854.0000000000
444 -1853.0000000000
446 -1852.0000000000
450 -1850.0000000000
452 -1849.0000000000
455 -1847.0000000000
456 -1846.0000000000
462 -1845.0000000000
463 -1844.0000000000
464 -1842.0000000000
468 -1841.0000000000
469 -1840.0000000000
471 -1839.0000000000
472 -1838.0000000000
477 -1837.0000000000
480 -1836.0000000000
481 -1834.0000000000
492 -1833.0000000000
496 -1832.0000000000
497 -1831.0000000000
506 -1830.0000000000
507 -1829.0000000000
512 -1828.0000000000
519 -1827.0000000000
520 -1826.0000000000
522 -1823.0000000000
530 -1822.0000000000
534 -1821.0000000000
535 -1820.0000000000
539 -1819.0000000000
541 -1818.0000000000
543 -1817.0000000000
547 -1816.0000000000
551 -1814.0000000000
553 -1812.0000000000
566 -1811.0000000000
568 -1810.0000000000
571 -1809.0000000000
579 -1808.0000000000
589 -1807.0000000000
590 -1806.0000000000
595 -1804.0000000000
599 -1803.0000000000
603 -1801.0000000000
605 -1800.0000000000
606 -1799.0000000000
621 -1798.0000000000
630 -1797.0000000000
646 -1796.0000000000
655 -1795.0000000000
664 -1794.0000000000
671 -1793.0000000000
682 -1792.0000000000
683 -1791.0000000000
688 -1790.0000000000
690 -1789.0000000000
694 -1788.0000000000
696 -1787.0000000000
702 -1786.0000000000
703 -1785.0000000000
715 -1784.0000000000
719 -1783.0000000000
725 -1782.0000000000
727 -1781.0000000000
729 -1779.0000000000
732 -1778.0000000000
738 -1777.0000000000
748 -1775.0000000000
749 -1774.0000000000
755 -1773.0000000000
757 -1772.0000000000
760 -1771.0000000000
766 -1770.0000000000
772 -1769.0000000000
777 -1768.0000000000
780 -1767.0000000000
781 -1766.0000000000
783 -1765.0000000000
785 -1763.0000000000
786 -1761.0000000000
790 -1759.0000000000
792 -1758.0000000000
795 -1757.0000000000
806 -1755.0000000000
810 -1754.0000000000
811 -1752.0000000000
815 -1751.0000000000
837 -1749.0000000000
842 -1748.0000000000
851 -1747.0000000000
852 -1745.0000000000
858 -1744.0000000000
859 -1743.0000000000
860 -1742.0000000000
862 -1741.0000000000
864 -1739.0000000000
867 -1738.0000000000
869 -1737.0000000000
875 -1736.0000000000
876 -1734.0000000000
882 -1733.0000000000
883 -1732.0000000000
886 -1731.0000000000
892 -1730.0000000000
895 -1729.0000000000
896 -1728.0000000000
897 -1727.0000000000
898 -1725.0000000000
899 -1724.0000000000
902 -1722.0000000000
903 -1720.0000000000
915 -1719.0000000000
921 -1718.0000000000
922 -1716.0000000000
924 -1715.0000000000
928 -1714.0000000000
929 -1713.0000000000
930 -1712.0000000000
934 -1711.0000000000
935 -1710.0000000000
936 -1709.0000000000
947 -1707.0000000000
954 -1706.0000000000
957 -1705.0000000000
965 -1704.0000000000
966 -1703.0000000000
967 -1702.0000000000
968 -1700.0000000000
973 -1699.0000000000
976 -1698.0000000000
987 -1697.0000000000
988 -1696.0000000000
994 -1695.0000000000
996 -1694.0000000000
1005 -1693.0000000000
1010 -1692.0000000000
1012 -1691.0000000000
1015 -1690.0000000000
1017 -1689.0000000000
1021 -1688.0000000000
1022 -1687.0000000000
1025 -1686.0000000000
1031 -1684.0000000000
1034 -1683.0000000000
1057 -1682.0000000000
1061 -1680.0000000000
1067 -1679.0000000000
1068 -1678.0000000000
1069 -1677.0000000000
1075 -1676.0000000000
1078 -1675.0000000000
1084 -1674.0000000000
1092 -1673.0000000000
1099 -1672.0000000000
1102 -1671.0000000000
1110 -1670.0000000000
1114 -1667.0000000000
1116 -1666.0000000000
1117 -1665.0000000000
1119 -1664.0000000000
1120 -1663.0000000000
1121 -1662.0000000000
1122 -1661.0000000000
1123 -1660.0000000000
1127 -1659.0000000000
1131 -1658.0000000000
1133 -1655.0000000000
1137 -1654.0000000000
1138 -1653.0000000000
1146 -1651.0000000000
1150 -1649.0000000000
1155 -1648.0000000000
1157 -1647.0000000000
1168 -1646.0000000000
1172 -1645.0000000000
1175 -1642.0000000000
1178 -1641.0000000000
1182 -1640.0000000000
1189 -1639.0000000000
1191 -1637.0000000000
1192 -1635.0000000000
1193 -1633.0000000000
1212 -1632.0000000000
1213 -1631.0000000000
1214 -1630.0000000000
1215 -1629.0000000000
1216 -1628.0000000000
1221 -1627.0000000000
1222 -1626.0000000000
1230 -1625.0000000000
1249 -1624.0000000000
1252 -1623.0000000000
1253 -1622.0000000000
1255 -1621.0000000000
1257 -1620.0000000000
1258 -1619.0000000000
1262 -1618.0000000000
1264 -1617.0000000000
1267 -1616.0000000000
1268 -1615.0000000000
1271 -1614.0000000000
1276 -1613.0000000000
1277 -1611.0000000000
1279 -1610.0000000000
1286 -1609.0000000000
1289 -1608.0000000000
1292 -1607.0000000000
1295 -1605.0000000000
1301 -1604.0000000000
1308 -1603.0000000000
1318 -1602.0000000000
1320 -1601.0000000000
1325 -1599.0000000000
1330 -1598.0000000000
1331 -1597.0000000000
1344 -1596.0000000000
1347 -1595.0000000000
1350 -1594.0000000000
1351 -1593.0000000000
1353 -1592.0000000000
1357 -1591.0000000000
1359 -1590.0000000000
1363 -1588.0000000000
1373 -1587.0000000000
1374 -1586.0000000000
1378 -1585.0000000000
1386 -1583.0000000000
1387 -1582.0000000000
1398 -1581.0000000000
1403 -1580.0000000000
1404 -1579.0000000000
1405 -1578.0000000000
1406 -1577.0000000000
1408 -1576.0000000000
1410 -1575.0000000000
1417 -1574.0000000000
1418 -1573.0000000000
1426 -1572.0000000000
1442 -1571.0000000000
1444 -1570.0000000000
1451 -1569.0000000000
1459 -1568.0000000000
1460 -1566.0000000000
1461 -1565.0000000000
1473 -1562.0000000000
1480 -1561.0000000000
1481 -1559.0000000000
1488 -1558.0000000000
1489 -1557.0000000000
1491 -1556.0000000000
1493 -1555.0000000000
1495 -1554.0000000000
1496 -1553.0000000000
1505 -1552.0000000000
1511 -1551.0000000000
1513 -1550.0000000000
1514 -1548.0000000000
1516 -1547.0000000000
1520 -1546.0000000000
1526 -1544.0000000000
1537 -1543.0000000000
1539 -1542.0000000000
1541 -1540.0000000000
1549 -1537.0000000000
1560 -1536.0000000000
1564 -1535.0000000000
1566 -1534.0000000000
1571 -1532.0000000000
1572 -1531.0000000000
1576 -1530.0000000000
1577 -1529.0000000000
1586 -1528.0000000000
1589 -1527.0000000000
1596 -1526.0000000000
1598 -1525.0000000000
1608 -1524.0000000000
1612 -1523.0000000000
1622 -1522.0000000000
1627 -1518.0000000000
1635 -1517.0000000000
1639 -1516.0000000000
1643 -1515.0000000000
1646 -1512.0000000000
1651 -1511.0000000000
1656 -1510.0000000000
1666 -1509.0000000000
1670 -1508.0000000000
1673 -1507.0000000000
1685 -1505.0000000000
1689 -1504.0000000000
1697 -1503.0000000000
1699 -1502.0000000000
1701 -1501.0000000000
1717 -1500.0000000000
1718 -1499.0000000000
1735 -1497.0000000000
1736 -1495.0000000000
1737 -1494.0000000000
1738 -1493.0000000000
1739 -1492.0000000000
1749 -1491.0000000000
1753 -1490.0000000000
1757 -1489.0000000000
1758 -1488.0000000000
1761 -1487.0000000000
1762 -1486.0000000000
1779 -1485.0000000000
1782 -1484.0000000000
1783 -1483.0000000000
1785 -1482.0000000000
1790 -1480.0000000000
1797 -1479.0000000000
1798 -1478.0000000000
1801 -1477.0000000000
1806 -1476.0000000000
1807 -1475.0000000000
1811 -1474.0000000000
1812 -1473.0000000000
1819 -1471.0000000000
1820 -1470.0000000000
1823 -1469.0000000000
1833 -1468.0000000000
1836 -1467.0000000000
1840 -1466.0000000000
1841 -1465.0000000000
1842 -1464.0000000000
1850 -1463.0000000000
1851 -1462.0000000000
1855 -1461.0000000000
1875 -1460.0000000000
1877 -1459.0000000000
1886 -1458.0000000000
1902 -1457.0000000000
1905 -1456.0000000000
1913 -1455.0000000000
1921 -1454.0000000000
1933 -1453.0000000000
1938 -1452.0000000000
1943 -1450.0000000000
1954 -1449.0000000000
1957 -1448.0000000000
1964 -1447.0000000000
1970 -1446.0000000000
1972 -1445.0000000000
1984 -1444.0000000000
1989 -1443.0000000000
2001 -1442.0000000000
2002 -1441.0000000000
2005 -1440.0000000000
2010 -1439.0000000000
2014 -1437.0000000000
2019 -1434.0000000000
2028 -1433.0000000000
2035 -1432.0000000000
2036 -1431.0000000000
2037 -1430.0000000000
2045 -1429.0000000000
2047 -1427.0000000000
2059 -1426.0000000000
2060 -1424.0000000000
2070 -1423.0000000000
2072 -1422.0000000000
2080 -1421.0000000000
2095 -1420.0000000000
2102 -1419.0000000000
2113 -1418.0000000000
2115 -1417.0000000000
2117 -1416.0000000000
2123 -1415.0000000000
2124 -1413.0000000000
2126 -1411.0000000000
2128 -1410.0000000000
2129 -1409.0000000000
2133 -1408.0000000000
2134 -1407.0000000000
2151 -1406.0000000000
2153 -1403.0000000000
2155 -1402.0000000000
2180 -1401.0000000000
2190 -1400.0000000000
2191 -1399.0000000000
2196 -1398.0000000000
2197 -1397.0000000000
2206 -1396.0000000000
2211 -1394.0000000000
2215 -1393.0000000000
2218 -1392.0000000000
2230 -1390.0000000000
2235 -1388.0000000000
2236 -1387.0000000000
2247 -1386.0000000000
2249 -1385.0000000000
2258 -1383.0000000000
2263 -1382.0000000000
2268 -1381.0000000000
2278 -1379.0000000000
2289 -1378.0000000000
2295 -1376.0000000000
2296 -1375.0000000000
2301 -1373.0000000000
2305 -1371.0000000000
2307 -1368.0000000000
2322 -1367.0000000000
2327 -1366.0000000000
2332 -1365.0000000000
2337 -1364.0000000000
2338 -1362.0000000000
2339 -1361.0000000000
2344 -1360.0000000000
2348 -1359.0000000000
2355 -1358.0000000000
2362 -1357.0000000000
2368 -1354.0000000000
2381 -1353.0000000000
2384 -1351.0000000000
2389 -1350.0000000000
2397 -1349.0000000000
2405 -1348.0000000000
2406 -1347.0000000000
2407 -1346.0000000000
2413 -1345.0000000000
2419 -1344.0000000000
2425 -1343.0000000000
2427 -1341.0000000000
2446 -1340.0000000000
2447 -1339.0000000000
2452 -1338.0000000000
2471 -1337.0000000000
2473 -1336.0000000000
2483 -1335.0000000000
2487 -1334.0000000000
2493 -1333.0000000000
2508 -1332.0000000000
2510 -1331.0000000000
2512 -1329.0000000000
2524 -1328.0000000000
2528 -1327.0000000000
2532 -1326.0000000000
2539 -1325.0000000000
2540 -1324.0000000000
2543 -1323.0000000000
2551 -1322.0000000000
2555 -1321.0000000000
2557 -1320.0000000000
2558 -1319.0000000000
2561 -1318.0000000000
2579 -1317.0000000000
2588 -1316.0000000000
2604 -1314.0000000000
2606 -1313.0000000000
2608 -1312.0000000000
2613 -1311.0000000000
2620 -1310.0000000000
2622 -1309.0000000000
2624 -1308.0000000000
2625 -1307.0000000000
2635 -1306.0000000000
2640 -1305.0000000000
2653 -1304.0000000000
2658 -1302.0000000000
2663 -1301.0000000000
2666 -1300.0000000000
2670 -1299.0000000000
2672 -1298.0000000000
2681 -1297.0000000000
2682 -1296.0000000000
2705 -1295.0000000000
2717 -1294.0000000000
2719 -1293.0000000000
2729 -1292.0000000000
2730 -1291.0000000000
2733 -1290.0000000000
2746 -1289.0000000000
2749 -1288.0000000000
2751 -1287.0000000000
2759 -1286.0000000000
2778 -1285.0000000000
2782 -1284.0000000000
2784 -1283.0000000000
2799 -1282.0000000000
2801 -1281.0000000000
2803 -1280.0000000000
2823 -1279.0000000000
2843 -1278.0000000000
2856 -1276.0000000000
2861 -1274.0000000000
2863 -1273.0000000000
2901 -1272.0000000000
2902 -1271.0000000000
2904 -1270.0000000000
2907 -1269.0000000000
2908 -1268.0000000000
2909 -1267.0000000000
2913 -1266.0000000000
2920 -1265.0000000000
2930 -1262.0000000000
2935 -1261.0000000000
2945 -1258.0000000000
2949 -1257.0000000000
2954 -1256.0000000000
2961 -1254.0000000000
2967 -1253.0000000000
2972 -1252.0000000000
2975 -1251.0000000000
2990 -1250.0000000000
3014 -1249.0000000000
3020 -1248.0000000000
3029 -1247.0000000000
3042 -1246.0000000000
3045 -1245.0000000000
3062 -1244.0000000000
3068 -1243.0000000000
3091 -1242.0000000000
3097 -1241.0000000000
3102 -1240.0000000000
3104 -1239.0000000000
3106 -1238.0000000000
3112 -1237.0000000000
3113 -1236.0000000000
3115 -1235.0000000000
3122 -1234.0000000000
3127 -1233.0000000000
3128 -1232.0000000000
3132 -1231.0000000000
3156 -1230.0000000000
3159 -1229.0000000000
3165 -1228.0000000000
3188 -1227.0000000000
3190 -1226.0000000000
3195 -1225.0000000000
3199 -1224.0000000000
3201 -1223.0000000000
3206 -1222.0000000000
3223 -1221.0000000000
3250 -1220.0000000000
3267 -1219.0000000000
3330 -1218.0000000000
3339 -1217.0000000000
3341 -1216.0000000000
3347 -1214.0000000000
3351 -1213.0000000000
3367 -1212.0000000000
3370 -1210.0000000000
3371 -1208.0000000000
3372 -1207.0000000000
3382 -1206.0000000000
3383 -1205.0000000000
3392 -1204.0000000000
3393 -1203.0000000000
3397 -1202.0000000000
3405 -1201.0000000000
3410 -1200.0000000000
3417 -1199.0000000000
3428 -1198.0000000000
3438 -1197.0000000000
3439 -1196.0000000000
3454 -1195.0000000000
3455 -1194.0000000000
3464 -1193.0000000000
3475 -1191.0000000000
3490 -1190.0000000000
3492 -1189.0000000000
3501 -1188.0000000000
3517 -1187.0000000000
3519 -1186.0000000000
3523 -1184.0000000000
3525 -1183.0000000000
3537 -1182.0000000000
3543 -1181.0000000000
3552 -1180.0000000000
3555 -1179.0000000000
3565 -1178.0000000000
3571 -1177.0000000000
3574 -1176.0000000000
3577 -1175.0000000000
3586 -1174.0000000000
3587 -1173.0000000000
3604 -1171.0000000000
3614 -1170.0000000000
3621 -1169.0000000000
3633 -1167.0000000000
3653 -1166.0000000000
3658 -1165.0000000000
3659 -1164.0000000000
3670 -1163.0000000000
3674 -1162.0000000000
3683 -1161.0000000000
3702 -1160.0000000000
3708 -1159.0000000000
3715 -1158.0000000000
3723 -1157.0000000000
3729 -1156.0000000000
3730 -1155.0000000000
3734 -1153.0000000000
3736 -1152.0000000000
3740 -1151.0000000000
3786 -1150.0000000000
3792 -1149.0000000000
3813 -1147.0000000000
3814 -1146.0000000000
3822 -1145.0000000000
3823 -1144.0000000000
3828 -1143.0000000000
3829 -1142.0000000000
3833 -1141.0000000000
3848 -1140.0000000000
3852 -1138.0000000000
3857 -1137.0000000000
3863 -1136.0000000000
3869 -1135.0000000000
3874 -1134.0000000000
3875 -1133.0000000000
3877 -1132.0000000000
3881 -1131.0000000000
3882 -1130.0000000000
3888 -1129.0000000000
3895 -1128.0000000000
3896 -1126.0000000000
3897 -1125.0000000000
3915 -1124.0000000000
3935 -1123.0000000000
3939 -1122.0000000000
3940 -1121.0000000000
3945 -1120.0000000000
3955 -1119.0000000000
3957 -1118.0000000000
3968 -1117.0000000000
3970 -1116.0000000000
3976 -1115.0000000000
3981 -1114.0000000000
3990 -1113.0000000000
4016 -1111.0000000000
4020 -1110.0000000000
4024 -1109.0000000000
4025 -1108.0000000000
4026 -1106.0000000000
4048 -1104.0000000000
4049 -1103.0000000000
4066 -1102.0000000000
4079 -1100.0000000000
4083 -1097.0000000000
4086 -1096.0000000000
4100 -1095.0000000000
4102 -1094.0000000000
4106 -1093.0000000000
4155 -1092.0000000000
4159 -1091.0000000000
4162 -1090.0000000000
4166 -1089.0000000000
4171 -1087.0000000000
4176 -1085.0000000000
4193 -1084.0000000000
4209 -1083.0000000000
4219 -1082.0000000000
4242 -1081.0000000000
4245 -1079.0000000000
4247 -1078.0000000000
4253 -1076.0000000000
4261 -1075.0000000000
4265 -1074.0000000000
4269 -1073.0000000000
4271 -1072.0000000000
4272 -1071.0000000000
4283 -1070.0000000000
4286 -1069.0000000000
4295 -1067.0000000000
4314 -1066.0000000000
4315 -1065.0000000000
4320 -1064.0000000000
4337 -1063.0000000000
4346 -1062.0000000000
4353 -1061.0000000000
4361 -1060.0000000000
4382 -1059.0000000000
4384 -1058.0000000000
4389 -1057.0000000000
4394 -1056.0000000000
4401 -1055.0000000000
4409 -1053.0000000000
4418 -1052.0000000000
4440 -1051.0000000000
4444 -1050.0000000000
4445 -1049.0000000000
4448 -1048.0000000000
4450 -1047.0000000000
4458 -1046.0000000000
4459 -1045.0000000000
4469 -1044.0000000000
4474 -1043.0000000000
4482 -1042.0000000000
4487 -1041.0000000000
4529 -1040.0000000000
4530 -1039.0000000000
4533 -1038.0000000000
4549 -1037.0000000000
4551 -1036.0000000000
4564 -1035.0000000000
4593 -1034.0000000000
4621 -1033.0000000000
4625 -1032.0000000000
4626 -1031.0000000000
4636 -1030.0000000000
4638 -1029.0000000000
4645 -1028.0000000000
4651 -1027.0000000000
4659 -1026.0000000000
4665 -1025.0000000000
4670 -1024.0000000000
4673 -1023.0000000000
4678 -1022.0000000000
4679 -1021.0000000000
4698 -1020.0000000000
4706 -1019.0000000000
4707 -1018.0000000000
4712 -1017.0000000000
4718 -1016.0000000000
4723 -1015.0000000000
4724 -1014.0000000000
4728 -1013.0000000000
4741 -1012.0000000000
4743 -1011.0000000000
4747 -1010.0000000000
4767 -1009.0000000000
4772 -1008.0000000000
4780 -1007.0000000000
4782 -1006.0000000000
4786 -1005.0000000000
4795 -1004.0000000000
4798 -1003.0000000000
4800 -1002.0000000000
4811 -1001.0000000000
4819 -1000.0000000000
4827 -999.0000000000
4830 -998.0000000000
4834 -996.0000000000
4837 -995.0000000000
4849 -993.0000000000
4861 -991.0000000000
4864 -990.0000000000
4871 -989.0000000000
4883 -988.0000000000
4892 -987.0000000000
4906 -986.0000000000
4927 -985.0000000000
4936 -983.0000000000
4949 -982.0000000000
4971 -981.0000000000
4979 -980.0000000000
4981 -979.0000000000
4983 -978.0000000000
4991 -976.0000000000
4994 -975.0000000000
5018 -974.0000000000
5031 -972.0000000000
5051 -971.0000000000
5052 -969.0000000000
5064 -968.0000000000
5070 -967.0000000000
5078 -966.0000000000
5098 -965.0000000000
5105 -964.0000000000
5116 -963.0000000000
5117 -962.0000000000
5143 -961.0000000000
5183 -960.0000000000
5189 -959.0000000000
5215 -958.0000000000
5221 -956.0000000000
5228 -955.0000000000
5231 -954.0000000000
5245 -953.0000000000
5246 -952.0000000000
5268 -951.0000000000
5270 -949.0000000000
5272 -948.0000000000
5278 -947.0000000000
5280 -945.0000000000
5305 -944.0000000000
5312 -943.0000000000
5325 -941.0000000000
5330 -940.0000000000
5333 -939.0000000000
5341 -938.0000000000
5343 -937.0000000000
5349 -934.0000000000
5367 -933.0000000000
5370 -932.0000000000
5395 -931.0000000000
5415 -930.0000000000
5440 -929.0000000000
5446 -928.0000000000
5473 -927.0000000000
5486 -926.0000000000
5489 -925.0000000000
5522 -924.0000000000
5537 -922.0000000000
5538 -921.0000000000
5545 -920.0000000000
5560 -919.0000000000
5563 -918.0000000000
5578 -917.0000000000
5579 -915.0000000000
5591 -913.0000000000
5592 -912.0000000000
5598 -911.0000000000
5600 -910.0000000000
5614 -909.0000000000
5625 -908.0000000000
5640 -907.0000000000
5653 -906.0000000000
5658 -905.0000000000
5669 -904.0000000000
5692 -903.0000000000
5693 -901.0000000000
5697 -900.0000000000
5700 -899.0000000000
5710 -897.0000000000
5719 -896.0000000000
5733 -894.0000000000
5758 -893.0000000000
5759 -892.0000000000
5760 -891.0000000000
5767 -890.0000000000
5778 -889.0000000000
5779 -887.0000000000
5780 -886.0000000000
5785 -885.0000000000
5786 -884.0000000000
5793 -883.0000000000
5794 -881.0000000000
5802 -880.0000000000
5804 -879.0000000000
5811 -878.0000000000
5825 -877.0000000000
5830 -876.0000000000
5831 -874.0000000000
5834 -873.0000000000
5840 -872.0000000000
5841 -870.0000000000
5849 -869.0000000000
5860 -868.0000000000
5872 -867.0000000000
5873 -866.0000000000
5877 -865.0000000000
5889 -862.0000000000
5902 -861.0000000000
5905 -860.0000000000
5914 -859.0000000000
5916 -858.0000000000
5929 -857.0000000000
5932 -855.0000000000
5953 -854.0000000000
5954 -853.0000000000
5976 -852.0000000000
5986 -851.0000000000
5991 -850.0000000000
6001 -849.0000000000
6007 -848.0000000000
6041 -847.0000000000
6046 -846.0000000000
6060 -845.0000000000
6063 -844.0000000000
6094 -843.0000000000
6099 -842.0000000000
6113 -841.0000000000
6118 -840.0000000000
6132 -839.0000000000
6133 -838.0000000000
6144 -837.0000000000
6147 -836.0000000000
6161 -835.0000000000
6197 -834.0000000000
6210 -833.0000000000
6217 -832.0000000000
6227 -831.0000000000
6230 -830.0000000000
6259 -828.0000000000
6261 -827.0000000000
6262 -826.0000000000
6264 -824.0000000000
6273 -823.0000000000
6274 -822.0000000000
6280 -821.0000000000
6283 -820.0000000000
6297 -819.0000000000
6316 -818.0000000000
6318 -817.0000000000
6343 -816.0000000000
6348 -815.0000000000
6366 -814.0000000000
6376 -813.0000000000
6382 -812.0000000000
6407 -811.0000000000
6413 -810.0000000000
6424 -809.0000000000
6427 -808.0000000000
6432 -807.0000000000
6445 -806.0000000000
6476 -805.0000000000
6509 -804.0000000000
6513 -803.0000000000
6523 -802.0000000000
6526 -801.0000000000
6544 -800.0000000000
6563 -799.0000000000
6567 -798.0000000000
6576 -797.0000000000
6594 -796.0000000000
6602 -795.0000000000
6618 -794.0000000000
6619 -793.0000000000
6634 -792.0000000000
6637 -791.0000000000
6670 -790.0000000000
6693 -789.0000000000
6703 -788.0000000000
6715 -787.0000000000
6764 -786.0000000000
6780 -785.0000000000
6829 -784.0000000000
6830 -783.0000000000
6837 -781.0000000000
6838 -780.0000000000
6856 -779.0000000000
6871 -778.0000000000
6873 -777.0000000000
6875 -775.0000000000
6878 -774.0000000000
6899 -772.0000000000
6916 -771.0000000000
6936 -770.0000000000
6942 -769.0000000000
6944 -768.0000000000
6947 -767.0000000000
6983 -766.0000000000
6992 -765.0000000000
7036 -764.0000000000
7043 -763.0000000000
7088 -762.0000000000
7092 -761.0000000000
7094 -760.0000000000
7095 -759.0000000000
7102 -758.0000000000
7113 -756.0000000000
7120 -755.0000000000
7152 -753.0000000000
7153 -752.0000000000
7159 -751.0000000000
7191 -750.0000000000
7230 -749.0000000000
7237 -748.0000000000
7240 -747.0000000000
7249 -746.0000000000
7253 -745.0000000000
7263 -744.0000000000
7287 -743.0000000000
7308 -742.0000000000
7310 -741.0000000000
7364 -740.0000000000
7380 -739.0000000000
7406 -738.0000000000
7410 -737.0000000000
7418 -735.0000000000
7426 -734.0000000000
7442 -733.0000000000
7466 -732.0000000000
7467 -731.0000000000
7475 -730.0000000000
7476 -729.0000000000
7480 -728.0000000000
7489 -727.0000000000
7491 -726.0000000000
7492 -725.0000000000
7496 -724.0000000000
7497 -723.0000000000
7553 -722.0000000000
7554 -721.0000000000
7568 -720.0000000000
7581 -719.0000000000
7597 -718.0000000000
7608 -717.0000000000
7609 -716.0000000000
7611 -715.0000000000
7615 -714.0000000000
7622 -712.0000000000
7636 -711.0000000000
7670 -710.0000000000
7674 -709.0000000000
7695 -708.0000000000
7699 -707.0000000000
7722 -706.0000000000
7788 -705.0000000000
7798 -704.0000000000
7824 -703.0000000000
7826 -702.0000000000
7832 -701.0000000000
7858 -700.0000000000
7866 -699.0000000000
7877 -698.0000000000
7878 -697.0000000000
7883 -696.0000000000
7892 -695.0000000000
7905 -694.0000000000
7907 -693.0000000000
7935 -692.0000000000
7946 -691.0000000000
7977 -690.0000000000
7993 -689.0000000000
8024 -688.0000000000
8034 -687.0000000000
8037 -686.0000000000
8064 -685.0000000000
8069 -684.0000000000
8097 -683.0000000000
8102 -682.0000000000
8119 -681.0000000000
8124 -680.0000000000
8147 -679.0000000000
8166 -678.0000000000
8168 -677.0000000000
8172 -676.0000000000
8184 -675.0000000000
8186 -674.0000000000
8211 -673.0000000000
8257 -672.0000000000
8270 -671.0000000000
8279 -670.0000000000
8293 -669.0000000000
8298 -668.0000000000
8318 -666.0000000000
8346 -665.0000000000
8347 -664.0000000000
8350 -663.0000000000
8357 -662.0000000000
8372 -661.0000000000
8382 -660.0000000000
8391 -659.0000000000
8398 -658.0000000000
8414 -657.0000000000
8421 -656.0000000000
8423 -655.0000000000
8426 -654.0000000000
8429 -653.0000000000
8431 -652.0000000000
8432 -651.0000000000
8459 -650.0000000000
8462 -649.0000000000
8497 -648.0000000000
8527 -646.0000000000
8535 -645.0000000000
8541 -644.0000000000
8568 -643.0000000000
8588 -642.0000000000
8598 -640.0000000000
8622 -638.0000000000
8635 -637.0000000000
8644 -635.0000000000
8661 -634.0000000000
8721 -632.0000000000
8728 -631.0000000000
8750 -630.0000000000
8755 -629.0000000000
8757 -628.0000000000
8777 -626.0000000000
8783 -625.0000000000
8812 -624.0000000000
8833 -623.0000000000
8868 -622.0000000000
8882 -621.0000000000
8896 -620.0000000000
8907 -618.0000000000
8942 -617.0000000000
8956 -616.0000000000
8973 -615.0000000000
9004 -614.0000000000
9008 -613.0000000000
9040 -612.0000000000
9054 -611.0000000000
9065 -610.0000000000
9095 -609.0000000000
9138 -608.0000000000
9141 -607.0000000000
9165 -606.0000000000
9182 -605.0000000000
9222 -604.0000000000
9231 -602.0000000000
9245 -601.0000000000
9249 -600.0000000000
9274 -599.0000000000
9281 -598.0000000000
9284 -597.0000000000
9306 -596.0000000000
9313 -595.0000000000
9328 -594.0000000000
9340 -593.0000000000
9395 -592.0000000000
9429 -591.0000000000
9447 -590.0000000000
9455 -589.0000000000
9460 -587.0000000000
9466 -586.0000000000
9467 -585.0000000000
9475 -584.0000000000
9492 -583.0000000000
9503 -582.0000000000
9507 -581.0000000000
9519 -579.0000000000
9548 -578.0000000000
9561 -577.0000000000
9593 -576.0000000000
9596 -575.0000000000
9599 -574.0000000000
9620 -573.0000000000
9642 -572.0000000000
9647 -571.0000000000
9678 -570.0000000000
9689 -568.0000000000
9696 -567.0000000000
9746 -566.0000000000
9749 -565.0000000000
9758 -564.0000000000
9794 -563.0000000000
9815 -562.0000000000
9819 -561.0000000000
9839 -560.0000000000
9840 -559.0000000000
9841 -558.0000000000
9849 -557.0000000000
9855 -556.0000000000
9856 -555.0000000000
9857 -554.0000000000
9881 -553.0000000000
9894 -552.0000000000
9913 -551.0000000000
9917 -550.0000000000
9921 -549.0000000000
9932 -548.0000000000
9939 -547.0000000000
9960 -546.0000000000
9964 -545.0000000000
9970 -544.0000000000
9972 -543.0000000000
9974 -542.0000000000
10000 -543.0000000000
