evaluations raw_y
1 -1973.0000000000
7 -1972.0000000000
11 -1971.0000000000
12 -1970.0000000000
15 -1969.0000000000
17 -1968.0000000000
21 -1966.0000000000
22 -1964.0000000000
24 -1963.0000000000
25 -1962.0000000000
29 -1961.0000000000
30 -1960.0000000000
37 -1959.0000000000
39 -1957.0000000000
41 -1956.0000000000
43 -1955.0000000000
44 -1954.0000000000
48 -1953.0000000000
50 -1952.0000000000
58 -1951.0000000000
64 -1950.0000000000
71 -1949.0000000000
73 -1948.0000000000
75 -1947.0000000000
77 -1946.0000000000
81 -1945.0000000000
83 -1944.0000000000
86 -1943.0000000000
89 -1942.0000000000
91 -1941.0000000000
92 -1940.0000000000
96 -1939.0000000000
98 -1938.0000000000
99 -1937.0000000000
104 -1935.0000000000
106 -1934.0000000000
107 -1933.0000000000
109 -1931.0000000000
110 -1930.0000000000
116 -1929.0000000000
122 -1928.0000000000
125 -1926.0000000000
132 -1924.0000000000
133 -1922.0000000000
141 -1921.0000000000
143 -1920.0000000000
144 -1919.0000000000
149 -1918.0000000000
154 -1917.0000000000
155 -1916.0000000000
162 -1915.0000000000
165 -1914.0000000000
169 -1912.0000000000
175 -1911.0000000000
182 -1909.0000000000
185 -1908.0000000000
190 -1907.0000000000
202 -1906.0000000000
203 -1905.0000000000
207 -1903.0000000000
209 -1902.0000000000
210 -1901.0000000000
215 -1900.0000000000
216 -1899.0000000000
217 -1898.0000000000
221 -1897.0000000000
222 -1896.0000000000
235 -1895.0000000000
237 -1894.0000000000
241 -1893.0000000000
246 -1892.0000000000
257 -1890.0000000000
258 -1889.0000000000
259 -1887.0000000000
267 -1886.0000000000
269 -1885.0000000000
274 -1884.0000000000
278 -1883.0000000000
280 -1882.0000000000
281 -1880.0000000000
283 -1879.0000000000
284 -1878.0000000000
285 -1877.0000000000
293 -1876.0000000000
295 -1874.0000000000
308 -1873.0000000000
313 -1872.0000000000
314 -1870.0000000000
317 -1869.0000000000
318 -1868.0000000000
322 -1866.0000000000
323 -1864.0000000000
326 -1863.0000000000
337 -1861.0000000000
339 -1860.0000000000
346 -1859.0000000000
349 -1858.0000000000
351 -1857.0000000000
357 -1854.0000000000
360 -1853.0000000000
363 -1852.0000000000
371 -1851.0000000000
382 -1850.0000000000
383 -1849.0000000000
386 -1848.0000000000
394 -1845.0000000000
397 -1844.0000000000
406 -1843.0000000000
410 -1842.0000000000
416 -1841.0000000000
428 -1840.0000000000
430 -1839.0000000000
432 -1838.0000000000
433 -1837.0000000000
434 -1836.0000000000
435 -1834.0000000000
439 -1833.0000000000
446 -1832.0000000000
452 -1831.0000000000
458 -1830.0000000000
459 -1828.0000000000
462 -1827.0000000000
463 -1826.0000000000
464 -1824.0000000000
467 -1823.0000000000
468 -1822.0000000000
469 -1820.0000000000
470 -1819.0000000000
471 -1818.0000000000
472 -1817.0000000000
483 -1816.0000000000
484 -1815.0000000000
487 -1814.0000000000
491 -1813.0000000000
493 -1811.0000000000
499 -1810.0000000000
507 -1809.0000000000
514 -1808.0000000000
519 -1807.0000000000
521 -1805.0000000000
524 -1804.0000000000
528 -1803.0000000000
535 -1802.0000000000
536 -1801.0000000000
537 -1800.0000000000
544 -1799.0000000000
547 -1798.0000000000
549 -1797.0000000000
553 -1796.0000000000
560 -1794.0000000000
564 -1793.0000000000
568 -1792.0000000000
569 -1791.0000000000
575 -1790.0000000000
577 -1788.0000000000
587 -1787.0000000000
607 -1784.0000000000
608 -1783.0000000000
619 -1782.0000000000
629 -1781.0000000000
630 -1780.0000000000
634 -1779.0000000000
635 -1778.0000000000
637 -1777.0000000000
642 -1776.0000000000
646 -1775.0000000000
650 -1774.0000000000
664 -1773.0000000000
667 -1771.0000000000
670 -1769.0000000000
673 -1768.0000000000
678 -1767.0000000000
679 -1766.0000000000
681 -1765.0000000000
694 -1764.0000000000
700 -1763.0000000000
701 -1762.0000000000
706 -1761.0000000000
707 -1760.0000000000
710 -1759.0000000000
713 -1758.0000000000
725 -1756.0000000000
727 -1755.0000000000
732 -1754.0000000000
739 -1753.0000000000
741 -1750.0000000000
743 -1748.0000000000
747 -1746.0000000000
748 -1745.0000000000
750 -1744.0000000000
752 -1743.0000000000
755 -1742.0000000000
757 -1741.0000000000
759 -1740.0000000000
761 -1739.0000000000
766 -1738.0000000000
769 -1734.0000000000
771 -1732.0000000000
777 -1731.0000000000
781 -1729.0000000000
788 -1728.0000000000
792 -1727.0000000000
793 -1724.0000000000
802 -1723.0000000000
806 -1721.0000000000
807 -1720.0000000000
810 -1719.0000000000
819 -1718.0000000000
820 -1717.0000000000
837 -1716.0000000000
845 -1715.0000000000
849 -1714.0000000000
850 -1713.0000000000
854 -1712.0000000000
855 -1711.0000000000
867 -1709.0000000000
870 -1708.0000000000
876 -1707.0000000000
894 -1705.0000000000
895 -1704.0000000000
897 -1703.0000000000
910 -1702.0000000000
914 -1701.0000000000
916 -1700.0000000000
923 -1699.0000000000
929 -1698.0000000000
937 -1697.0000000000
955 -1696.0000000000
967 -1695.0000000000
972 -1694.0000000000
974 -1693.0000000000
977 -1692.0000000000
988 -1691.0000000000
989 -1690.0000000000
1000 -1689.0000000000
1006 -1688.0000000000
1012 -1687.0000000000
1021 -1686.0000000000
1024 -1685.0000000000
1031 -1684.0000000000
1036 -1683.0000000000
1045 -1682.0000000000
1046 -1680.0000000000
1049 -1679.0000000000
1052 -1678.0000000000
1054 -1677.0000000000
1057 -1676.0000000000
1062 -1675.0000000000
1069 -1674.0000000000
1074 -1673.0000000000
1076 -1672.0000000000
1078 -1671.0000000000
1079 -1670.0000000000
1081 -1669.0000000000
1087 -1667.0000000000
1088 -1666.0000000000
1092 -1665.0000000000
1093 -1663.0000000000
1094 -1662.0000000000
1098 -1661.0000000000
1102 -1660.0000000000
1103 -1659.0000000000
1104 -1658.0000000000
1108 -1657.0000000000
1126 -1656.0000000000
1132 -1655.0000000000
1133 -1654.0000000000
1137 -1652.0000000000
1157 -1651.0000000000
1158 -1650.0000000000
1164 -1649.0000000000
1165 -1648.0000000000
1172 -1645.0000000000
1173 -1644.0000000000
1175 -1643.0000000000
1183 -1642.0000000000
1192 -1641.0000000000
1194 -1640.0000000000
1202 -1639.0000000000
1204 -1638.0000000000
1205 -1637.0000000000
1207 -1636.0000000000
1209 -1635.0000000000
1210 -1634.0000000000
1214 -1633.0000000000
1217 -1632.0000000000
1221 -1631.0000000000
1224 -1629.0000000000
1228 -1628.0000000000
1242 -1627.0000000000
1244 -1626.0000000000
1248 -1625.0000000000
1249 -1624.0000000000
1253 -1623.0000000000
1259 -1622.0000000000
1261 -1621.0000000000
1263 -1620.0000000000
1265 -1619.0000000000
1270 -1618.0000000000
1271 -1617.0000000000
1283 -1616.0000000000
1286 -1615.0000000000
1288 -1613.0000000000
1289 -1612.0000000000
1293 -1610.0000000000
1301 -1609.0000000000
1304 -1607.0000000000
1305 -1606.0000000000
1309 -1605.0000000000
1321 -1604.0000000000
1324 -1603.0000000000
1325 -1602.0000000000
1327 -1601.0000000000
1333 -1600.0000000000
1336 -1599.0000000000
1341 -1598.0000000000
1350 -1596.0000000000
1352 -1595.0000000000
1361 -1594.0000000000
1369 -1593.0000000000
1374 -1591.0000000000
1375 -1590.0000000000
1379 -1588.0000000000
1383 -1587.0000000000
1392 -1586.0000000000
1393 -1583.0000000000
1396 -1582.0000000000
1409 -1581.0000000000
1410 -1580.0000000000
1413 -1579.0000000000
1417 -1578.0000000000
1425 -1577.0000000000
1427 -1575.0000000000
1449 -1574.0000000000
1455 -1573.0000000000
1462 -1571.0000000000
1468 -1570.0000000000
1471 -1569.0000000000
1472 -1568.0000000000
1475 -1566.0000000000
1477 -1565.0000000000
1481 -1564.0000000000
1485 -1563.0000000000
1486 -1562.0000000000
1496 -1560.0000000000
1500 -1559.0000000000
1502 -1558.0000000000
1503 -1556.0000000000
1505 -1555.0000000000
1508 -1554.0000000000
1517 -1551.0000000000
1519 -1550.0000000000
1525 -1549.0000000000
1534 -1548.0000000000
1535 -1547.0000000000
1537 -1546.0000000000
1545 -1544.0000000000
1550 -1543.0000000000
1556 -1542.0000000000
1557 -1541.0000000000
1560 -1540.0000000000
1564 -1539.0000000000
1567 -1538.0000000000
1568 -1537.0000000000
1570 -1536.0000000000
1575 -1535.0000000000
1578 -1534.0000000000
1585 -1533.0000000000
1588 -1532.0000000000
1594 -1531.0000000000
1599 -1530.0000000000
1602 -1528.0000000000
1607 -1527.0000000000
1628 -1526.0000000000
1629 -1525.0000000000
1638 -1524.0000000000
1639 -1522.0000000000
1644 -1521.0000000000
1647 -1520.0000000000
1649 -1518.0000000000
1651 -1517.0000000000
1653 -1516.0000000000
1659 -1515.0000000000
1660 -1513.0000000000
1661 -1512.0000000000
1674 -1510.0000000000
1683 -1509.0000000000
1697 -1507.0000000000
1707 -1506.0000000000
1713 -1505.0000000000
1716 -1504.0000000000
1719 -1503.0000000000
1721 -1502.0000000000
1731 -1501.0000000000
1733 -1500.0000000000
1735 -1499.0000000000
1743 -1497.0000000000
1747 -1496.0000000000
1752 -1495.0000000000
1754 -1494.0000000000
1756 -1493.0000000000
1760 -1491.0000000000
1761 -1490.0000000000
1766 -1489.0000000000
1768 -1487.0000000000
1771 -1486.0000000000
1776 -1485.0000000000
1785 -1484.0000000000
1798 -1483.0000000000
1803 -1482.0000000000
1815 -1480.0000000000
1818 -1479.0000000000
1824 -1477.0000000000
1827 -1476.0000000000
1840 -1475.0000000000
1852 -1474.0000000000
1860 -1473.0000000000
1862 -1472.0000000000
1871 -1471.0000000000
1874 -1469.0000000000
1880 -1468.0000000000
1891 -1467.0000000000
1895 -1466.0000000000
1896 -1465.0000000000
1898 -1464.0000000000
1905 -1463.0000000000
1906 -1462.0000000000
1935 -1461.0000000000
1938 -1460.0000000000
1949 -1459.0000000000
1960 -1458.0000000000
1964 -1457.0000000000
1967 -1456.0000000000
1976 -1455.0000000000
1978 -1453.0000000000
1982 -1452.0000000000
1992 -1451.0000000000
1994 -1450.0000000000
1996 -1449.0000000000
2004 -1448.0000000000
2019 -1446.0000000000
2020 -1445.0000000000
2021 -1444.0000000000
2023 -1442.0000000000
2024 -1441.0000000000
2026 -1440.0000000000
2029 -1439.0000000000
2034 -1438.0000000000
2035 -1437.0000000000
2037 -1436.0000000000
2051 -1434.0000000000
2054 -1433.0000000000
2063 -1432.0000000000
2065 -1430.0000000000
2066 -1429.0000000000
2067 -1428.0000000000
2075 -1427.0000000000
2097 -1426.0000000000
2106 -1425.0000000000
2117 -1424.0000000000
2121 -1423.0000000000
2134 -1422.0000000000
2136 -1421.0000000000
2137 -1420.0000000000
2140 -1419.0000000000
2144 -1418.0000000000
2152 -1417.0000000000
2155 -1416.0000000000
2161 -1415.0000000000
2174 -1414.0000000000
2178 -1413.0000000000
2185 -1412.0000000000
2187 -1411.0000000000
2200 -1410.0000000000
2208 -1408.0000000000
2214 -1407.0000000000
2215 -1406.0000000000
2219 -1405.0000000000
2220 -1404.0000000000
2245 -1403.0000000000
2251 -1402.0000000000
2252 -1401.0000000000
2255 -1400.0000000000
2256 -1399.0000000000
2273 -1398.0000000000
2275 -1395.0000000000
2280 -1394.0000000000
2281 -1393.0000000000
2285 -1392.0000000000
2289 -1391.0000000000
2290 -1390.0000000000
2293 -1389.0000000000
2298 -1388.0000000000
2304 -1387.0000000000
2309 -1385.0000000000
2312 -1384.0000000000
2316 -1383.0000000000
2330 -1381.0000000000
2332 -1380.0000000000
2344 -1379.0000000000
2346 -1378.0000000000
2348 -1377.0000000000
2349 -1376.0000000000
2362 -1375.0000000000
2366 -1374.0000000000
2376 -1373.0000000000
2380 -1372.0000000000
2384 -1371.0000000000
2385 -1370.0000000000
2386 -1369.0000000000
2397 -1368.0000000000
2398 -1365.0000000000
2400 -1364.0000000000
2414 -1361.0000000000
2418 -1360.0000000000
2427 -1359.0000000000
2442 -1358.0000000000
2455 -1355.0000000000
2463 -1353.0000000000
2483 -1352.0000000000
2486 -1351.0000000000
2487 -1350.0000000000
2488 -1349.0000000000
2493 -1348.0000000000
2502 -1345.0000000000
2514 -1342.0000000000
2517 -1341.0000000000
2522 -1340.0000000000
2524 -1339.0000000000
2525 -1337.0000000000
2528 -1336.0000000000
2536 -1335.0000000000
2544 -1334.0000000000
2547 -1333.0000000000
2548 -1332.0000000000
2563 -1331.0000000000
2575 -1330.0000000000
2576 -1329.0000000000
2577 -1328.0000000000
2605 -1326.0000000000
2611 -1325.0000000000
2612 -1324.0000000000
2618 -1323.0000000000
2650 -1321.0000000000
2655 -1320.0000000000
2661 -1319.0000000000
2662 -1318.0000000000
2666 -1317.0000000000
2685 -1316.0000000000
2689 -1315.0000000000
2690 -1314.0000000000
2692 -1313.0000000000
2714 -1312.0000000000
2715 -1311.0000000000
2716 -1310.0000000000
2724 -1309.0000000000
2731 -1307.0000000000
2732 -1306.0000000000
2735 -1305.0000000000
2736 -1304.0000000000
2749 -1303.0000000000
2750 -1302.0000000000
2756 -1300.0000000000
2763 -1299.0000000000
2772 -1297.0000000000
2776 -1296.0000000000
2779 -1295.0000000000
2792 -1294.0000000000
2813 -1292.0000000000
2819 -1291.0000000000
2826 -1290.0000000000
2827 -1289.0000000000
2855 -1288.0000000000
2859 -1287.0000000000
2865 -1286.0000000000
2868 -1285.0000000000
2871 -1284.0000000000
2876 -1283.0000000000
2877 -1282.0000000000
2878 -1281.0000000000
2879 -1280.0000000000
2887 -1279.0000000000
2894 -1278.0000000000
2895 -1276.0000000000
2905 -1275.0000000000
2921 -1274.0000000000
2934 -1273.0000000000
2935 -1272.0000000000
2943 -1271.0000000000
2954 -1270.0000000000
2955 -1267.0000000000
2968 -1266.0000000000
2972 -1265.0000000000
2975 -1264.0000000000
2977 -1263.0000000000
2980 -1262.0000000000
2988 -1261.0000000000
2993 -1260.0000000000
3008 -1259.0000000000
3015 -1258.0000000000
3017 -1257.0000000000
3019 -1256.0000000000
3027 -1255.0000000000
3028 -1254.0000000000
3030 -1253.0000000000
3043 -1252.0000000000
3044 -1251.0000000000
3078 -1250.0000000000
3089 -1249.0000000000
3104 -1248.0000000000
3114 -1247.0000000000
3116 -1246.0000000000
3136 -1245.0000000000
3145 -1244.0000000000
3147 -1242.0000000000
3151 -1241.0000000000
3155 -1240.0000000000
3169 -1239.0000000000
3177 -1238.0000000000
3181 -1237.0000000000
3188 -1236.0000000000
3202 -1235.0000000000
3211 -1233.0000000000
3214 -1232.0000000000
3226 -1231.0000000000
3231 -1230.0000000000
3251 -1229.0000000000
3252 -1228.0000000000
3259 -1227.0000000000
3272 -1225.0000000000
3283 -1223.0000000000
3288 -1222.0000000000
3304 -1221.0000000000
3313 -1219.0000000000
3323 -1217.0000000000
3334 -1216.0000000000
3338 -1215.0000000000
3339 -1214.0000000000
3348 -1213.0000000000
3350 -1212.0000000000
3361 -1210.0000000000
3369 -1209.0000000000
3374 -1208.0000000000
3381 -1207.0000000000
3386 -1206.0000000000
3389 -1205.0000000000
3392 -1204.0000000000
3411 -1203.0000000000
3412 -1202.0000000000
3418 -1201.0000000000
3426 -1200.0000000000
3442 -1199.0000000000
3448 -1198.0000000000
3450 -1197.0000000000
3451 -1196.0000000000
3452 -1195.0000000000
3453 -1194.0000000000
3457 -1193.0000000000
3469 -1192.0000000000
3484 -1191.0000000000
3486 -1190.0000000000
3497 -1189.0000000000
3502 -1188.0000000000
3504 -1187.0000000000
3563 -1185.0000000000
3570 -1184.0000000000
3571 -1183.0000000000
3574 -1181.0000000000
3586 -1180.0000000000
3588 -1179.0000000000
3595 -1178.0000000000
3599 -1177.0000000000
3601 -1175.0000000000
3618 -1174.0000000000
3621 -1172.0000000000
3637 -1171.0000000000
3638 -1170.0000000000
3640 -1169.0000000000
3652 -1168.0000000000
3657 -1167.0000000000
3659 -1166.0000000000
3665 -1165.0000000000
3680 -1164.0000000000
3686 -1163.0000000000
3687 -1162.0000000000
3688 -1161.0000000000
3700 -1160.0000000000
3705 -1158.0000000000
3706 -1157.0000000000
3708 -1156.0000000000
3711 -1155.0000000000
3714 -1154.0000000000
3717 -1153.0000000000
3718 -1152.0000000000
3723 -1151.0000000000
3724 -1150.0000000000
3727 -1149.0000000000
3733 -1148.0000000000
3753 -1146.0000000000
3760 -1145.0000000000
3773 -1144.0000000000
3794 -1140.0000000000
3795 -1139.0000000000
3804 -1138.0000000000
3812 -1137.0000000000
3817 -1135.0000000000
3833 -1134.0000000000
3838 -1133.0000000000
3846 -1132.0000000000
3853 -1131.0000000000
3891 -1130.0000000000
3906 -1129.0000000000
3909 -1128.0000000000
3925 -1127.0000000000
3926 -1126.0000000000
3931 -1124.0000000000
3934 -1123.0000000000
3938 -1122.0000000000
3941 -1121.0000000000
3946 -1120.0000000000
3972 -1119.0000000000
3980 -1118.0000000000
3982 -1117.0000000000
3997 -1116.0000000000
4004 -1115.0000000000
4009 -1114.0000000000
4014 -1113.0000000000
4057 -1111.0000000000
4067 -1110.0000000000
4070 -1109.0000000000
4083 -1108.0000000000
4094 -1107.0000000000
4109 -1105.0000000000
4111 -1104.0000000000
4129 -1103.0000000000
4132 -1102.0000000000
4160 -1100.0000000000
4167 -1099.0000000000
4173 -1098.0000000000
4182 -1097.0000000000
4191 -1096.0000000000
4202 -1095.0000000000
4204 -1094.0000000000
4210 -1093.0000000000
4216 -1092.0000000000
4222 -1090.0000000000
4226 -1089.0000000000
4232 -1088.0000000000
4234 -1087.0000000000
4238 -1086.0000000000
4262 -1085.0000000000
4270 -1084.0000000000
4273 -1083.0000000000
4278 -1082.0000000000
4288 -1081.0000000000
4292 -1080.0000000000
4298 -1079.0000000000
4311 -1078.0000000000
4330 -1077.0000000000
4334 -1076.0000000000
4335 -1075.0000000000
4359 -1073.0000000000
4372 -1072.0000000000
4380 -1070.0000000000
4382 -1069.0000000000
4392 -1068.0000000000
4393 -1067.0000000000
4403 -1066.0000000000
4423 -1063.0000000000
4426 -1062.0000000000
4427 -1061.0000000000
4437 -1060.0000000000
4441 -1059.0000000000
4452 -1058.0000000000
4455 -1057.0000000000
4456 -1056.0000000000
4467 -1055.0000000000
4472 -1053.0000000000
4476 -1052.0000000000
4482 -1051.0000000000
4493 -1050.0000000000
4497 -1049.0000000000
4505 -1048.0000000000
4520 -1047.0000000000
4532 -1045.0000000000
4539 -1044.0000000000
4543 -1043.0000000000
4544 -1042.0000000000
4547 -1041.0000000000
4550 -1040.0000000000
4552 -1039.0000000000
4582 -1038.0000000000
4593 -1037.0000000000
4603 -1035.0000000000
4605 -1034.0000000000
4612 -1033.0000000000
4627 -1032.0000000000
4628 -1031.0000000000
4635 -1030.0000000000
4652 -1029.0000000000
4655 -1028.0000000000
4667 -1027.0000000000
4677 -1026.0000000000
4682 -1024.0000000000
4689 -1023.0000000000
4694 -1022.0000000000
4708 -1021.0000000000
4710 -1020.0000000000
4721 -1019.0000000000
4725 -1018.0000000000
4750 -1017.0000000000
4759 -1014.0000000000
4765 -1013.0000000000
4767 -1012.0000000000
4775 -1011.0000000000
4788 -1010.0000000000
4798 -1009.0000000000
4805 -1008.0000000000
4814 -1007.0000000000
4817 -1005.0000000000
4819 -1004.0000000000
4825 -1003.0000000000
4829 -1002.0000000000
4837 -1001.0000000000
4842 -1000.0000000000
4843 -999.0000000000
4844 -997.0000000000
4851 -995.0000000000
4854 -994.0000000000
4857 -993.0000000000
4864 -992.0000000000
4865 -991.0000000000
4878 -990.0000000000
4883 -989.0000000000
4888 -988.0000000000
4890 -986.0000000000
4899 -985.0000000000
4909 -984.0000000000
4920 -983.0000000000
4924 -982.0000000000
4931 -981.0000000000
4934 -980.0000000000
4958 -978.0000000000
4960 -977.0000000000
4968 -976.0000000000
4969 -975.0000000000
4975 -973.0000000000
4979 -972.0000000000
5015 -971.0000000000
5023 -970.0000000000
5049 -969.0000000000
5057 -967.0000000000
5063 -966.0000000000
5078 -965.0000000000
5080 -964.0000000000
5088 -963.0000000000
5091 -962.0000000000
5102 -961.0000000000
5110 -960.0000000000
5123 -959.0000000000
5129 -958.0000000000
5136 -957.0000000000
5144 -956.0000000000
5149 -954.0000000000
5153 -953.0000000000
5158 -952.0000000000
5175 -951.0000000000
5187 -950.0000000000
5207 -948.0000000000
5208 -947.0000000000
5214 -946.0000000000
5216 -945.0000000000
5231 -944.0000000000
5258 -942.0000000000
5260 -941.0000000000
5262 -939.0000000000
5292 -938.0000000000
5300 -937.0000000000
5312 -935.0000000000
5314 -934.0000000000
5322 -933.0000000000
5327 -932.0000000000
5339 -931.0000000000
5341 -929.0000000000
5344 -928.0000000000
5351 -927.0000000000
5371 -926.0000000000
5373 -924.0000000000
5374 -923.0000000000
5375 -921.0000000000
5377 -920.0000000000
5380 -919.0000000000
5382 -918.0000000000
5386 -917.0000000000
5387 -916.0000000000
5388 -914.0000000000
5394 -913.0000000000
5403 -912.0000000000
5428 -910.0000000000
5444 -909.0000000000
5452 -908.0000000000
5468 -907.0000000000
5470 -906.0000000000
5475 -905.0000000000
5482 -904.0000000000
5498 -903.0000000000
5501 -902.0000000000
5507 -901.0000000000
5515 -900.0000000000
5525 -899.0000000000
5530 -897.0000000000
5559 -896.0000000000
5564 -895.0000000000
5569 -894.0000000000
5577 -893.0000000000
5591 -892.0000000000
5595 -891.0000000000
5606 -890.0000000000
5607 -889.0000000000
5623 -888.0000000000
5626 -887.0000000000
5646 -886.0000000000
5649 -885.0000000000
5654 -884.0000000000
5662 -882.0000000000
5668 -881.0000000000
5671 -880.0000000000
5680 -879.0000000000
5716 -878.0000000000
5722 -877.0000000000
5726 -876.0000000000
5730 -875.0000000000
5739 -874.0000000000
5744 -873.0000000000
5749 -872.0000000000
5763 -870.0000000000
5786 -869.0000000000
5817 -868.0000000000
5820 -867.0000000000
5826 -866.0000000000
5832 -865.0000000000
5837 -864.0000000000
5853 -863.0000000000
5874 -862.0000000000
5881 -860.0000000000
5890 -859.0000000000
5891 -858.0000000000
5897 -857.0000000000
5899 -856.0000000000
5926 -855.0000000000
5928 -854.0000000000
5929 -853.0000000000
5933 -852.0000000000
5991 -851.0000000000
6004 -850.0000000000
6022 -849.0000000000
6024 -848.0000000000
6029 -847.0000000000
6061 -846.0000000000
6075 -845.0000000000
6077 -844.0000000000
6080 -843.0000000000
6084 -842.0000000000
6105 -841.0000000000
6108 -840.0000000000
6114 -839.0000000000
6123 -838.0000000000
6136 -837.0000000000
6157 -835.0000000000
6163 -834.0000000000
6165 -833.0000000000
6169 -832.0000000000
6176 -831.0000000000
6178 -830.0000000000
6180 -828.0000000000
6184 -827.0000000000
6193 -825.0000000000
6197 -824.0000000000
6210 -823.0000000000
6269 -822.0000000000
6272 -821.0000000000
6278 -820.0000000000
6285 -819.0000000000
6298 -817.0000000000
6303 -816.0000000000
6322 -815.0000000000
6326 -813.0000000000
6332 -811.0000000000
6343 -810.0000000000
6362 -809.0000000000
6380 -808.0000000000
6387 -807.0000000000
6390 -805.0000000000
6391 -804.0000000000
6392 -803.0000000000
6393 -802.0000000000
6397 -801.0000000000
6405 -800.0000000000
6436 -799.0000000000
6454 -798.0000000000
6460 -797.0000000000
6485 -795.0000000000
6486 -794.0000000000
6501 -793.0000000000
6506 -792.0000000000
6519 -791.0000000000
6533 -790.0000000000
6549 -789.0000000000
6554 -788.0000000000
6560 -787.0000000000
6574 -786.0000000000
6583 -785.0000000000
6593 -784.0000000000
6594 -783.0000000000
6596 -782.0000000000
6598 -781.0000000000
6606 -780.0000000000
6608 -779.0000000000
6620 -778.0000000000
6621 -776.0000000000
6635 -775.0000000000
6640 -774.0000000000
6660 -773.0000000000
6670 -772.0000000000
6675 -771.0000000000
6679 -770.0000000000
6681 -767.0000000000
6709 -765.0000000000
6723 -763.0000000000
6735 -762.0000000000
6747 -761.0000000000
6753 -760.0000000000
6759 -759.0000000000
6760 -757.0000000000
6766 -756.0000000000
6770 -755.0000000000
6785 -754.0000000000
6794 -753.0000000000
6807 -752.0000000000
6822 -751.0000000000
6824 -750.0000000000
6829 -749.0000000000
6842 -748.0000000000
6843 -747.0000000000
6864 -746.0000000000
6873 -745.0000000000
6893 -744.0000000000
6930 -743.0000000000
6935 -742.0000000000
6954 -741.0000000000
6967 -740.0000000000
6969 -739.0000000000
6994 -738.0000000000
7002 -737.0000000000
7016 -736.0000000000
7030 -735.0000000000
7055 -734.0000000000
7059 -733.0000000000
7073 -732.0000000000
7095 -731.0000000000
7099 -730.0000000000
7110 -729.0000000000
7124 -728.0000000000
7128 -727.0000000000
7129 -726.0000000000
7134 -725.0000000000
7155 -724.0000000000
7165 -723.0000000000
7168 -722.0000000000
7175 -721.0000000000
7255 -720.0000000000
7257 -718.0000000000
7283 -717.0000000000
7308 -716.0000000000
7323 -715.0000000000
7335 -714.0000000000
7340 -712.0000000000
7344 -711.0000000000
7352 -710.0000000000
7355 -709.0000000000
7362 -707.0000000000
7373 -706.0000000000
7376 -704.0000000000
7393 -703.0000000000
7394 -702.0000000000
7423 -700.0000000000
7429 -699.0000000000
7444 -698.0000000000
7467 -697.0000000000
7486 -696.0000000000
7489 -695.0000000000
7493 -694.0000000000
7499 -693.0000000000
7500 -692.0000000000
7526 -690.0000000000
7544 -689.0000000000
7563 -687.0000000000
7574 -686.0000000000
7577 -685.0000000000
7594 -684.0000000000
7602 -683.0000000000
7623 -682.0000000000
7632 -681.0000000000
7643 -680.0000000000
7658 -679.0000000000
7719 -678.0000000000
7732 -676.0000000000
7738 -675.0000000000
7749 -674.0000000000
7754 -673.0000000000
7757 -672.0000000000
7760 -671.0000000000
7816 -670.0000000000
7855 -668.0000000000
7879 -667.0000000000
7883 -666.0000000000
7891 -665.0000000000
7896 -664.0000000000
7900 -663.0000000000
7911 -662.0000000000
7946 -661.0000000000
7951 -660.0000000000
7970 -659.0000000000
7981 -658.0000000000
7998 -657.0000000000
8016 -656.0000000000
8038 -655.0000000000
8070 -654.0000000000
8094 -653.0000000000
8108 -652.0000000000
8119 -651.0000000000
8125 -650.0000000000
8128 -649.0000000000
8151 -646.0000000000
8186 -645.0000000000
8201 -644.0000000000
8208 -643.0000000000
8218 -642.0000000000
8234 -640.0000000000
8238 -639.0000000000
8244 -638.0000000000
8254 -637.0000000000
8291 -636.0000000000
8308 -635.0000000000
8317 -634.0000000000
8326 -633.0000000000
8346 -632.0000000000
8367 -631.0000000000
8376 -630.0000000000
8380 -629.0000000000
8381 -628.0000000000
8388 -627.0000000000
8469 -626.0000000000
8495 -625.0000000000
8529 -624.0000000000
8530 -623.0000000000
8546 -622.0000000000
8547 -621.0000000000
8550 -620.0000000000
8577 -619.0000000000
8602 -618.0000000000
8642 -617.0000000000
8647 -616.0000000000
8654 -615.0000000000
8662 -613.0000000000
8682 -612.0000000000
8695 -611.0000000000
8714 -610.0000000000
8730 -609.0000000000
8755 -608.0000000000
8762 -607.0000000000
8767 -606.0000000000
8772 -604.0000000000
8784 -603.0000000000
8834 -602.0000000000
8895 -601.0000000000
8909 -600.0000000000
8913 -599.0000000000
8918 -598.0000000000
8919 -597.0000000000
8970 -596.0000000000
8977 -595.0000000000
8983 -594.0000000000
8989 -593.0000000000
8991 -592.0000000000
9005 -591.0000000000
9010 -589.0000000000
9021 -588.0000000000
9058 -587.0000000000
9063 -586.0000000000
9074 -585.0000000000
9082 -584.0000000000
9095 -583.0000000000
9107 -582.0000000000
9117 -581.0000000000
9128 -580.0000000000
9153 -579.0000000000
9176 -578.0000000000
9179 -577.0000000000
9180 -575.0000000000
9224 -574.0000000000
9229 -573.0000000000
9255 -572.0000000000
9281 -571.0000000000
9283 -570.0000000000
9319 -569.0000000000
9347 -568.0000000000
9352 -567.0000000000
9365 -566.0000000000
9377 -565.0000000000
9415 -564.0000000000
9421 -563.0000000000
9422 -562.0000000000
9430 -560.0000000000
9446 -559.0000000000
9458 -557.0000000000
9465 -556.0000000000
9466 -555.0000000000
9467 -554.0000000000
9470 -553.0000000000
9493 -551.0000000000
9501 -550.0000000000
9502 -549.0000000000
9510 -548.0000000000
9529 -547.0000000000
9534 -546.0000000000
9541 -545.0000000000
9566 -544.0000000000
9583 -543.0000000000
9587 -542.0000000000
9614 -541.0000000000
9633 -540.0000000000
9643 -539.0000000000
9653 -538.0000000000
9656 -537.0000000000
9666 -535.0000000000
9675 -534.0000000000
9706 -533.0000000000
9716 -532.0000000000
9740 -531.0000000000
9743 -530.0000000000
9755 -529.0000000000
9767 -528.0000000000
9794 -527.0000000000
9802 -526.0000000000
9840 -525.0000000000
9850 -524.0000000000
9856 -523.0000000000
9877 -522.0000000000
9919 -521.0000000000
9948 -520.0000000000
10000 -520.0000000000
