evaluations raw_y
1 110.0000000000
2 262.0000000000
3 321.0000000000
4 366.0000000000
7 411.0000000000
8 434.0000000000
10 473.0000000000
12 490.0000000000
164 497.0000000000
365 498.0000000000
1189 507.0000000000
1635 513.0000000000
1821 514.0000000000
2562 515.0000000000
2608 519.0000000000
11881 523.0000000000
19848 531.0000000000
24674 533.0000000000
26405 542.0000000000
27888 544.0000000000
37668 545.0000000000
64725 546.0000000000
100000 -2.0000000000
evaluations raw_y
1 98.0000000000
2 193.0000000000
3 240.0000000000
4 281.0000000000
5 317.0000000000
7 348.0000000000
8 371.0000000000
9 408.0000000000
10 434.0000000000
12 464.0000000000
209 472.0000000000
230 476.0000000000
291 477.0000000000
505 480.0000000000
533 481.0000000000
545 482.0000000000
786 486.0000000000
928 487.0000000000
969 493.0000000000
1483 504.0000000000
4494 507.0000000000
6846 517.0000000000
8239 518.0000000000
10191 519.0000000000
13080 521.0000000000
14110 525.0000000000
23934 526.0000000000
26382 528.0000000000
28656 531.0000000000
29098 541.0000000000
37309 544.0000000000
42174 547.0000000000
42304 550.0000000000
100000 -1.0000000000
evaluations raw_y
1 0.0000000000
2 75.0000000000
3 137.0000000000
4 219.0000000000
7 266.0000000000
8 367.0000000000
9 457.0000000000
13 467.0000000000
18 487.0000000000
979 497.0000000000
1082 502.0000000000
1678 506.0000000000
2025 512.0000000000
2318 523.0000000000
3037 525.0000000000
4394 532.0000000000
9281 534.0000000000
23919 537.0000000000
25369 540.0000000000
35242 541.0000000000
38126 542.0000000000
41077 543.0000000000
74339 545.0000000000
97455 548.0000000000
100000 -2.0000000000
evaluations raw_y
1 0.0000000000
3 123.0000000000
5 200.0000000000
6 281.0000000000
8 355.0000000000
10 393.0000000000
14 423.0000000000
15 473.0000000000
177 484.0000000000
222 485.0000000000
597 491.0000000000
1206 502.0000000000
1812 506.0000000000
1873 515.0000000000
1910 522.0000000000
1954 532.0000000000
9219 533.0000000000
11146 534.0000000000
12906 536.0000000000
13868 537.0000000000
15982 538.0000000000
20145 540.0000000000
34365 541.0000000000
55520 542.0000000000
56228 544.0000000000
74724 545.0000000000
76556 549.0000000000
79799 551.0000000000
100000 -1.0000000000
evaluations raw_y
1 0.0000000000
2 70.0000000000
3 182.0000000000
4 255.0000000000
5 343.0000000000
6 427.0000000000
7 466.0000000000
8 494.0000000000
46 496.0000000000
194 501.0000000000
1502 505.0000000000
2366 514.0000000000
2705 525.0000000000
3023 528.0000000000
6658 530.0000000000
15556 533.0000000000
20757 536.0000000000
20935 538.0000000000
30996 540.0000000000
36165 541.0000000000
36981 542.0000000000
38998 543.0000000000
51072 545.0000000000
52153 547.0000000000
59159 548.0000000000
60132 549.0000000000
61669 550.0000000000
62629 551.0000000000
73951 553.0000000000
100000 553.0000000000
evaluations raw_y
1 114.0000000000
2 199.0000000000
4 270.0000000000
10 356.0000000000
12 427.0000000000
13 442.0000000000
21 460.0000000000
22 486.0000000000
295 487.0000000000
898 505.0000000000
1576 514.0000000000
2753 518.0000000000
4230 519.0000000000
5558 520.0000000000
6750 522.0000000000
7169 528.0000000000
10690 530.0000000000
10917 532.0000000000
11416 538.0000000000
14000 539.0000000000
22576 540.0000000000
23538 541.0000000000
28205 546.0000000000
32786 549.0000000000
34537 552.0000000000
94260 553.0000000000
100000 -2.0000000000
evaluations raw_y
1 0.0000000000
2 113.0000000000
3 187.0000000000
6 330.0000000000
10 386.0000000000
11 461.0000000000
12 481.0000000000
14 492.0000000000
25 496.0000000000
627 499.0000000000
747 502.0000000000
1754 505.0000000000
1963 506.0000000000
2742 509.0000000000
3072 517.0000000000
5324 520.0000000000
6776 526.0000000000
11074 529.0000000000
11485 534.0000000000
12159 539.0000000000
12279 540.0000000000
26769 541.0000000000
29069 542.0000000000
29547 544.0000000000
53975 549.0000000000
90638 550.0000000000
100000 -1.0000000000
evaluations raw_y
1 96.0000000000
4 177.0000000000
5 316.0000000000
6 446.0000000000
7 491.0000000000
11 497.0000000000
430 508.0000000000
472 513.0000000000
1388 520.0000000000
2043 522.0000000000
4766 525.0000000000
11209 527.0000000000
14828 530.0000000000
19588 532.0000000000
20129 533.0000000000
23555 534.0000000000
37168 535.0000000000
58701 537.0000000000
75124 539.0000000000
89372 540.0000000000
100000 540.0000000000
evaluations raw_y
1 67.0000000000
4 137.0000000000
5 207.0000000000
6 317.0000000000
8 428.0000000000
11 453.0000000000
12 477.0000000000
396 488.0000000000
463 492.0000000000
614 497.0000000000
921 510.0000000000
1553 513.0000000000
2322 518.0000000000
5723 520.0000000000
6296 521.0000000000
7621 531.0000000000
9792 541.0000000000
13663 545.0000000000
18612 550.0000000000
26031 552.0000000000
40115 556.0000000000
72648 557.0000000000
87212 558.0000000000
100000 558.0000000000
evaluations raw_y
1 182.0000000000
2 289.0000000000
3 322.0000000000
5 413.0000000000
6 470.0000000000
7 484.0000000000
131 485.0000000000
443 492.0000000000
1345 494.0000000000
2146 505.0000000000
2181 512.0000000000
2726 526.0000000000
3096 532.0000000000
4267 536.0000000000
13233 538.0000000000
14406 539.0000000000
17840 540.0000000000
23154 545.0000000000
100000 545.0000000000
evaluations raw_y
1 85.0000000000
2 175.0000000000
4 217.0000000000
6 285.0000000000
7 387.0000000000
8 461.0000000000
9 479.0000000000
10 498.0000000000
19 505.0000000000
424 518.0000000000
955 526.0000000000
1584 528.0000000000
2415 530.0000000000
4570 532.0000000000
6180 535.0000000000
6851 537.0000000000
8986 540.0000000000
11021 543.0000000000
11723 548.0000000000
11742 550.0000000000
25341 554.0000000000
71653 556.0000000000
82822 557.0000000000
94844 558.0000000000
100000 -2.0000000000
evaluations raw_y
1 94.0000000000
4 151.0000000000
5 277.0000000000
6 331.0000000000
7 366.0000000000
8 488.0000000000
10 504.0000000000
448 512.0000000000
1632 519.0000000000
3007 521.0000000000
4852 523.0000000000
7102 525.0000000000
11593 526.0000000000
12209 528.0000000000
12466 530.0000000000
13042 533.0000000000
19593 534.0000000000
21004 537.0000000000
23371 538.0000000000
23655 540.0000000000
31767 545.0000000000
40064 548.0000000000
67025 551.0000000000
86862 552.0000000000
93674 553.0000000000
100000 -1.0000000000
evaluations raw_y
1 0.0000000000
4 211.0000000000
6 283.0000000000
7 342.0000000000
8 383.0000000000
9 489.0000000000
11 500.0000000000
12 508.0000000000
591 513.0000000000
1449 517.0000000000
2331 519.0000000000
3418 520.0000000000
4818 524.0000000000
7685 526.0000000000
8336 533.0000000000
13202 534.0000000000
16435 539.0000000000
24376 540.0000000000
38081 544.0000000000
40005 545.0000000000
73740 546.0000000000
75204 551.0000000000
93792 555.0000000000
100000 -1.0000000000
evaluations raw_y
1 0.0000000000
3 109.0000000000
4 166.0000000000
5 237.0000000000
6 372.0000000000
7 410.0000000000
8 446.0000000000
10 465.0000000000
347 469.0000000000
438 478.0000000000
639 485.0000000000
1119 505.0000000000
1607 507.0000000000
2523 512.0000000000
4134 517.0000000000
4161 518.0000000000
6225 523.0000000000
9045 528.0000000000
11686 530.0000000000
12405 532.0000000000
22434 533.0000000000
22441 535.0000000000
23443 536.0000000000
24381 538.0000000000
25541 539.0000000000
33658 540.0000000000
43863 545.0000000000
45489 546.0000000000
53264 548.0000000000
71498 552.0000000000
100000 552.0000000000
evaluations raw_y
1 0.0000000000
2 191.0000000000
3 341.0000000000
4 424.0000000000
5 450.0000000000
10 461.0000000000
11 500.0000000000
77 515.0000000000
482 523.0000000000
502 528.0000000000
852 531.0000000000
1315 533.0000000000
6591 534.0000000000
12359 538.0000000000
22817 539.0000000000
23452 544.0000000000
26032 546.0000000000
39537 550.0000000000
48956 552.0000000000
84752 555.0000000000
100000 -2.0000000000
evaluations raw_y
1 111.0000000000
2 288.0000000000
5 362.0000000000
13 438.0000000000
17 453.0000000000
19 467.0000000000
20 488.0000000000
535 489.0000000000
2368 491.0000000000
2868 497.0000000000
3488 505.0000000000
3976 507.0000000000
3995 512.0000000000
5328 516.0000000000
6564 519.0000000000
7746 521.0000000000
7873 522.0000000000
9790 523.0000000000
9837 524.0000000000
9989 528.0000000000
10451 533.0000000000
10512 537.0000000000
20117 538.0000000000
20214 539.0000000000
35999 541.0000000000
36368 543.0000000000
90575 549.0000000000
100000 541.0000000000
evaluations raw_y
1 174.0000000000
3 239.0000000000
4 288.0000000000
5 371.0000000000
8 429.0000000000
9 449.0000000000
21 484.0000000000
285 486.0000000000
293 493.0000000000
773 496.0000000000
1007 498.0000000000
1752 507.0000000000
1772 508.0000000000
1918 521.0000000000
4088 525.0000000000
5371 526.0000000000
6095 529.0000000000
13966 530.0000000000
26394 531.0000000000
27019 532.0000000000
30730 533.0000000000
32763 537.0000000000
42105 543.0000000000
42296 545.0000000000
56192 548.0000000000
92871 555.0000000000
100000 555.0000000000
evaluations raw_y
1 93.0000000000
2 154.0000000000
3 363.0000000000
4 431.0000000000
6 468.0000000000
9 482.0000000000
11 493.0000000000
168 504.0000000000
606 513.0000000000
847 519.0000000000
4723 522.0000000000
4906 524.0000000000
6414 529.0000000000
6842 531.0000000000
8140 532.0000000000
10207 536.0000000000
20795 537.0000000000
21262 538.0000000000
26755 539.0000000000
28582 542.0000000000
30420 545.0000000000
36703 546.0000000000
51316 550.0000000000
54331 553.0000000000
55479 555.0000000000
58475 558.0000000000
100000 -1.0000000000
evaluations raw_y
1 108.0000000000
3 190.0000000000
4 344.0000000000
5 379.0000000000
8 417.0000000000
9 444.0000000000
12 478.0000000000
846 484.0000000000
856 490.0000000000
1077 492.0000000000
1163 498.0000000000
1246 505.0000000000
1507 508.0000000000
1632 514.0000000000
3149 516.0000000000
4142 517.0000000000
5136 521.0000000000
13445 526.0000000000
13574 533.0000000000
15372 536.0000000000
16084 538.0000000000
16397 539.0000000000
24038 542.0000000000
31218 548.0000000000
55971 550.0000000000
100000 -2.0000000000
evaluations raw_y
1 321.0000000000
2 425.0000000000
4 450.0000000000
5 493.0000000000
8 499.0000000000
521 504.0000000000
1867 507.0000000000
2333 509.0000000000
3719 512.0000000000
4336 518.0000000000
4496 522.0000000000
4765 527.0000000000
10935 529.0000000000
11166 532.0000000000
19196 535.0000000000
27919 536.0000000000
30929 541.0000000000
31080 544.0000000000
34107 545.0000000000
41973 548.0000000000
42664 549.0000000000
78095 550.0000000000
78525 552.0000000000
100000 552.0000000000
evaluations raw_y
1 0.0000000000
2 100.0000000000
4 263.0000000000
5 313.0000000000
6 350.0000000000
8 393.0000000000
9 418.0000000000
16 475.0000000000
18 482.0000000000
417 485.0000000000
1229 490.0000000000
1425 498.0000000000
2026 502.0000000000
2540 506.0000000000
2595 507.0000000000
2840 509.0000000000
2944 515.0000000000
6201 519.0000000000
6588 523.0000000000
7061 536.0000000000
63658 539.0000000000
70423 542.0000000000
83090 543.0000000000
100000 -1.0000000000
evaluations raw_y
1 175.0000000000
3 251.0000000000
4 300.0000000000
6 320.0000000000
8 380.0000000000
14 427.0000000000
18 453.0000000000
24 479.0000000000
26 499.0000000000
1036 504.0000000000
1436 510.0000000000
3599 513.0000000000
3830 515.0000000000
4840 520.0000000000
4949 529.0000000000
12073 535.0000000000
15865 537.0000000000
16851 539.0000000000
17754 544.0000000000
23247 545.0000000000
29765 548.0000000000
37400 553.0000000000
44621 555.0000000000
62968 557.0000000000
66624 558.0000000000
82577 559.0000000000
100000 -2.0000000000
evaluations raw_y
1 332.0000000000
2 384.0000000000
3 470.0000000000
4 495.0000000000
7 513.0000000000
2965 516.0000000000
3520 519.0000000000
4365 520.0000000000
4710 521.0000000000
5184 522.0000000000
5461 529.0000000000
10917 534.0000000000
11075 539.0000000000
25293 543.0000000000
33580 545.0000000000
37051 546.0000000000
59146 548.0000000000
100000 -1.0000000000
evaluations raw_y
1 0.0000000000
2 139.0000000000
3 211.0000000000
4 273.0000000000
5 311.0000000000
6 349.0000000000
8 417.0000000000
9 428.0000000000
10 451.0000000000
29 463.0000000000
382 468.0000000000
528 474.0000000000
536 480.0000000000
700 496.0000000000
1013 500.0000000000
1217 507.0000000000
2540 509.0000000000
2685 511.0000000000
3873 515.0000000000
4254 520.0000000000
4481 521.0000000000
6726 522.0000000000
9149 527.0000000000
9423 528.0000000000
12036 531.0000000000
13522 540.0000000000
37349 541.0000000000
42544 543.0000000000
45030 549.0000000000
65621 551.0000000000
96154 552.0000000000
100000 552.0000000000
evaluations raw_y
1 91.0000000000
2 213.0000000000
4 322.0000000000
5 344.0000000000
6 426.0000000000
12 479.0000000000
24 480.0000000000
372 493.0000000000
792 500.0000000000
1099 502.0000000000
1330 508.0000000000
1520 509.0000000000
1969 511.0000000000
2143 515.0000000000
3253 518.0000000000
3569 519.0000000000
5395 524.0000000000
8401 532.0000000000
9888 536.0000000000
14251 537.0000000000
18991 538.0000000000
20268 542.0000000000
25974 543.0000000000
26015 544.0000000000
42304 545.0000000000
43068 548.0000000000
52443 552.0000000000
62378 555.0000000000
89307 559.0000000000
100000 559.0000000000
evaluations raw_y
1 187.0000000000
2 300.0000000000
4 421.0000000000
5 439.0000000000
7 454.0000000000
25 464.0000000000
939 468.0000000000
1128 474.0000000000
1156 484.0000000000
1538 490.0000000000
1613 500.0000000000
2033 507.0000000000
3040 510.0000000000
3401 520.0000000000
5082 528.0000000000
6824 533.0000000000
6949 536.0000000000
15998 537.0000000000
25406 538.0000000000
59504 539.0000000000
66998 545.0000000000
75816 547.0000000000
86170 548.0000000000
100000 -1.0000000000
evaluations raw_y
1 70.0000000000
2 240.0000000000
3 290.0000000000
4 377.0000000000
5 452.0000000000
7 483.0000000000
1097 489.0000000000
1136 490.0000000000
1703 497.0000000000
1965 500.0000000000
2263 503.0000000000
2296 513.0000000000
2681 514.0000000000
2760 517.0000000000
3444 519.0000000000
3686 523.0000000000
4242 526.0000000000
5128 530.0000000000
5364 532.0000000000
7160 538.0000000000
8312 540.0000000000
22600 542.0000000000
67324 544.0000000000
85980 547.0000000000
100000 -2.0000000000
evaluations raw_y
1 279.0000000000
2 377.0000000000
3 463.0000000000
7 491.0000000000
46 507.0000000000
592 513.0000000000
1398 517.0000000000
1457 523.0000000000
3844 526.0000000000
5031 528.0000000000
5381 531.0000000000
6278 536.0000000000
7680 539.0000000000
19974 541.0000000000
25481 544.0000000000
29798 545.0000000000
31047 546.0000000000
50417 549.0000000000
66837 553.0000000000
100000 -2.0000000000
evaluations raw_y
1 0.0000000000
2 104.0000000000
5 176.0000000000
9 228.0000000000
10 288.0000000000
11 369.0000000000
13 403.0000000000
14 434.0000000000
16 483.0000000000
20 503.0000000000
1011 509.0000000000
1308 522.0000000000
5156 523.0000000000
8261 524.0000000000
9061 525.0000000000
9536 528.0000000000
9979 533.0000000000
10299 540.0000000000
11177 541.0000000000
12204 542.0000000000
14661 543.0000000000
17015 544.0000000000
26310 545.0000000000
46782 546.0000000000
59569 550.0000000000
73042 553.0000000000
100000 -1.0000000000
evaluations raw_y
1 0.0000000000
2 355.0000000000
4 400.0000000000
5 455.0000000000
6 490.0000000000
376 497.0000000000
810 504.0000000000
938 505.0000000000
1018 508.0000000000
1092 509.0000000000
1194 514.0000000000
1504 516.0000000000
1826 524.0000000000
2229 525.0000000000
3209 529.0000000000
3698 533.0000000000
14820 536.0000000000
15921 539.0000000000
16750 540.0000000000
17628 541.0000000000
29954 543.0000000000
50344 545.0000000000
52704 547.0000000000
55149 549.0000000000
73365 551.0000000000
82032 554.0000000000
100000 530.0000000000
