evaluations raw_y
1 -283678.1000000000
4 -281350.1000000000
7 -277810.1000000000
9 -277716.1000000000
13 -277262.1000000000
14 -276502.1000000000
16 -276197.1000000000
20 -275399.1000000000
21 -273025.1000000000
22 -271837.1000000000
23 -271247.1000000000
24 -270839.1000000000
26 -264959.1000000000
27 -263833.1000000000
35 -262648.1000000000
36 -262302.1000000000
39 -260856.1000000000
42 -260393.1000000000
59 -259907.1000000000
62 -259551.1000000000
65 -257633.1000000000
68 -257071.1000000000
70 -256619.1000000000
71 -253863.1000000000
75 -249359.1000000000
81 -248900.1000000000
82 -246832.1000000000
85 -246009.1000000000
86 -245088.1000000000
87 -244074.1000000000
91 -243239.1000000000
103 -242759.1000000000
108 -241439.1000000000
117 -241102.1000000000
122 -240457.1000000000
129 -239969.1000000000
137 -239278.1000000000
148 -238432.1000000000
154 -237070.1000000000
158 -236599.1000000000
160 -235439.1000000000
164 -234730.1000000000
173 -232468.1000000000
176 -231290.1000000000
179 -229980.1000000000
182 -229257.1000000000
191 -228497.1000000000
192 -226661.1000000000
221 -226437.1000000000
222 -226431.1000000000
229 -225745.1000000000
232 -223349.1000000000
233 -216966.1000000000
237 -216726.1000000000
255 -216130.1000000000
260 -214286.1000000000
262 -214004.1000000000
276 -213078.1000000000
281 -211662.1000000000
283 -211218.1000000000
297 -210693.1000000000
299 -207475.1000000000
307 -205835.1000000000
308 -202947.1000000000
309 -202666.1000000000
322 -200130.1000000000
323 -199186.1000000000
325 -196350.1000000000
329 -195885.1000000000
333 -192993.1000000000
345 -191509.1000000000
352 -191453.1000000000
354 -189093.1000000000
365 -188683.1000000000
367 -187817.1000000000
373 -187280.1000000000
404 -186327.1000000000
418 -185147.1000000000
421 -184273.1000000000
429 -184269.1000000000
431 -183729.1000000000
434 -183428.1000000000
446 -183061.1000000000
455 -182165.1000000000
456 -181840.1000000000
492 -180918.1000000000
503 -179272.1000000000
509 -178528.1000000000
519 -177908.1000000000
533 -177436.1000000000
543 -176973.1000000000
560 -176774.1000000000
565 -175596.1000000000
569 -174906.1000000000
581 -174405.1000000000
586 -174304.1000000000
589 -173432.1000000000
604 -172787.1000000000
609 -170863.1000000000
624 -170769.1000000000
677 -169667.1000000000
708 -169636.1000000000
738 -168659.1000000000
744 -167687.1000000000
758 -167685.1000000000
773 -167215.1000000000
777 -167115.1000000000
803 -166927.1000000000
841 -166186.1000000000
855 -165624.1000000000
856 -165031.1000000000
949 -164398.1000000000
950 -163064.1000000000
952 -162451.1000000000
960 23669.3822224666
1012 23769.8022655630
1017 23800.2074680641
1019 24112.6077005355
1043 24175.8660985661
1051 24277.3698621257
1065 24364.1692817591
1108 24521.0715106671
1110 25295.3446590244
1228 25695.9204067242
2179 26113.4400526674
2398 26323.8520118793
2761 26419.5160473009
3300 26504.2344337313
3605 26620.1388705440
4178 26698.1818721048
5177 26798.4987185726
6514 26801.1190274931
6737 26801.1304286856
7016 26820.1810922860
7536 27001.5286957159
10000 -161101.1000000000
evaluations raw_y
1 -274054.1000000000
3 -271788.1000000000
6 -270813.1000000000
8 -269917.1000000000
22 -269324.1000000000
24 -267990.1000000000
27 -267494.1000000000
31 -267138.1000000000
34 -265430.1000000000
35 -265020.1000000000
45 -263536.1000000000
46 -262236.1000000000
48 -261866.1000000000
49 -260968.1000000000
50 -260139.1000000000
51 -259614.1000000000
52 -259382.1000000000
53 -259101.1000000000
65 -257973.1000000000
68 -255162.1000000000
75 -254267.1000000000
78 -252238.1000000000
79 -252237.1000000000
80 -252099.1000000000
81 -251125.1000000000
85 -250118.1000000000
97 -249740.1000000000
99 -247949.1000000000
104 -247215.1000000000
111 -245299.1000000000
112 -244636.1000000000
113 -243861.1000000000
120 -242370.1000000000
127 -240749.1000000000
134 -240446.1000000000
140 -240399.1000000000
142 -239912.1000000000
143 -237699.1000000000
144 -236322.1000000000
146 -235734.1000000000
153 -233840.1000000000
155 -233530.1000000000
157 -231791.1000000000
163 -230842.1000000000
169 -230720.1000000000
186 -230494.1000000000
188 -228932.1000000000
189 -228304.1000000000
194 -227040.1000000000
195 -225278.1000000000
201 -224469.1000000000
207 -223747.1000000000
209 -223235.1000000000
210 -222749.1000000000
212 -222547.1000000000
213 -221321.1000000000
214 -221160.1000000000
218 -214572.1000000000
219 -213830.1000000000
232 -210834.1000000000
241 -209272.1000000000
256 -208538.1000000000
259 -207550.1000000000
261 -206370.1000000000
267 -205980.1000000000
278 -205825.1000000000
280 -204681.1000000000
296 -203391.1000000000
312 -203291.1000000000
313 -200963.1000000000
318 -200112.1000000000
327 -199708.1000000000
333 -199316.1000000000
342 -198381.1000000000
343 -196193.1000000000
348 -196191.1000000000
352 -195117.1000000000
358 -194960.1000000000
359 -194627.1000000000
360 -193919.1000000000
381 -193282.1000000000
386 -193034.1000000000
394 -192872.1000000000
408 -190289.1000000000
419 -189367.1000000000
420 -188476.1000000000
423 -188120.1000000000
427 -187897.1000000000
430 -187284.1000000000
434 -186351.1000000000
438 -185531.1000000000
442 -184675.1000000000
457 -184582.1000000000
463 -181621.1000000000
468 -181617.1000000000
505 -180894.1000000000
508 -179344.1000000000
514 -178946.1000000000
539 -178742.1000000000
542 -177772.1000000000
543 -177297.1000000000
559 -175795.1000000000
567 -175452.1000000000
603 -174452.1000000000
608 -171758.1000000000
612 -171272.1000000000
615 -170166.1000000000
621 -170164.1000000000
631 -169764.1000000000
643 -169176.1000000000
663 -168612.1000000000
667 -167836.1000000000
694 -167370.1000000000
708 -163664.1000000000
709 -162952.1000000000
715 26062.6348702555
740 26221.8203450330
796 26356.6048514155
879 26512.4256599116
973 26837.8597753864
1190 26985.7831275580
1238 27018.0175141796
1295 27133.6057022884
1777 27419.2890709080
2599 27522.2531503948
2606 27619.9221575095
3026 28266.8439533819
3314 28352.2086897099
3637 28420.5015485592
4197 28516.5297495786
4269 28690.2140551073
4319 28706.2553156585
4371 28768.3264857768
4531 28805.7653982621
5601 28951.3043837464
6119 28968.2350626958
7381 29088.6014002387
8659 29261.8737122829
10000 -164040.1000000000
evaluations raw_y
1 -283004.1000000000
2 -282391.1000000000
3 -281758.1000000000
4 -279988.1000000000
6 -278626.1000000000
7 -278126.1000000000
14 -274469.1000000000
15 -273433.1000000000
17 -273186.1000000000
18 -272573.1000000000
20 -271276.1000000000
21 -270587.1000000000
22 -270480.1000000000
23 -268483.1000000000
27 -268457.1000000000
37 -267748.1000000000
40 -267036.1000000000
44 -267030.1000000000
47 -265478.1000000000
49 -265122.1000000000
51 -263617.1000000000
55 -262363.1000000000
57 -261540.1000000000
58 -260178.1000000000
59 -259297.1000000000
65 -255910.1000000000
70 -255300.1000000000
72 -254930.1000000000
74 -253958.1000000000
78 -253464.1000000000
80 -252722.1000000000
84 -252410.1000000000
85 -252188.1000000000
86 -249872.1000000000
87 -248075.1000000000
88 -247307.1000000000
93 -245963.1000000000
94 -245651.1000000000
103 -244365.1000000000
106 -243715.1000000000
109 -243311.1000000000
110 -242225.1000000000
112 -240847.1000000000
119 -238395.1000000000
124 -237436.1000000000
128 -236973.1000000000
147 -234379.1000000000
148 -232617.1000000000
151 -224869.1000000000
157 -224233.1000000000
161 -224105.1000000000
162 -223645.1000000000
168 -221751.1000000000
171 -221517.1000000000
172 -219459.1000000000
174 -218971.1000000000
176 -217897.1000000000
179 -215635.1000000000
181 -212327.1000000000
186 -211592.1000000000
187 -210645.1000000000
214 -209029.1000000000
219 -208874.1000000000
224 -207886.1000000000
226 -206440.1000000000
229 -206032.1000000000
232 -202893.1000000000
239 -201981.1000000000
247 -201842.1000000000
261 -201154.1000000000
269 -201013.1000000000
274 -200419.1000000000
276 -199482.1000000000
280 -198846.1000000000
281 -197344.1000000000
296 -197313.1000000000
305 -196946.1000000000
310 -196257.1000000000
314 -195785.1000000000
325 -192974.1000000000
328 -192874.1000000000
332 -191788.1000000000
337 -189745.1000000000
340 -189353.1000000000
343 -188926.1000000000
344 -188533.1000000000
347 -188355.1000000000
352 -187867.1000000000
357 -187043.1000000000
359 -186169.1000000000
360 -184633.1000000000
361 -183256.1000000000
367 -182511.1000000000
368 -179619.1000000000
370 -179446.1000000000
375 -176279.1000000000
386 -174277.1000000000
388 -172555.1000000000
401 -172329.1000000000
405 -171329.1000000000
407 -171024.1000000000
410 -170913.1000000000
427 -167982.1000000000
431 -167864.1000000000
438 -166148.1000000000
439 -165794.1000000000
440 -162478.1000000000
450 -161188.1000000000
453 -159968.1000000000
465 26299.9071801330
499 26412.7542677467
517 26585.8428069609
521 26686.1555789832
582 26701.1967403649
1446 26780.6210812826
1776 26866.8150465459
1877 27015.8663934823
1973 27017.7547298851
1991 27029.5334687861
2038 27101.6145951489
2115 27175.2981014005
2666 27278.1126628212
3013 27378.9857665538
3529 27500.2615861733
3787 27579.8644489214
4248 27621.0770899883
4285 27721.3736934428
5482 27824.7135650166
6889 27925.1325928465
7881 27935.1639041988
8240 28125.9735668274
9167 28235.7704526554
9741 28238.1200032480
10000 27798.3009616877
evaluations raw_y
1 -262500.1000000000
3 -261677.1000000000
4 -260499.1000000000
9 -256974.1000000000
13 -255602.1000000000
14 -251854.1000000000
23 -249478.1000000000
24 -247860.1000000000
26 -247783.1000000000
27 -247689.1000000000
32 -246049.1000000000
36 -243714.1000000000
42 -243047.1000000000
51 -242176.1000000000
52 -241586.1000000000
53 -240664.1000000000
56 -238924.1000000000
61 -237750.1000000000
63 -236927.1000000000
66 -236256.1000000000
67 -234736.1000000000
69 -234734.1000000000
75 -234686.1000000000
83 -233432.1000000000
93 -232482.1000000000
99 -232280.1000000000
100 -228946.1000000000
103 -228654.1000000000
110 -227880.1000000000
115 -227740.1000000000
117 -225272.1000000000
123 -223982.1000000000
131 -223903.1000000000
132 -223276.1000000000
135 -222741.1000000000
136 -221820.1000000000
147 -221538.1000000000
151 -220849.1000000000
156 -220073.1000000000
175 -219460.1000000000
191 -219359.1000000000
198 -218583.1000000000
210 -217988.1000000000
219 -217321.1000000000
228 -216729.1000000000
230 -216116.1000000000
239 -215320.1000000000
241 -212250.1000000000
242 -208502.1000000000
254 -208110.1000000000
255 -207906.1000000000
258 -207419.1000000000
262 -206696.1000000000
266 -206141.1000000000
268 -205611.1000000000
270 -205607.1000000000
274 -203371.1000000000
284 -202909.1000000000
290 -202752.1000000000
295 -202550.1000000000
296 -202324.1000000000
305 -202037.1000000000
321 -198770.1000000000
324 -196035.1000000000
325 -195564.1000000000
326 -195078.1000000000
352 -194999.1000000000
373 -193447.1000000000
376 -192995.1000000000
398 -192882.1000000000
402 -192656.1000000000
404 -192193.1000000000
411 -191019.1000000000
419 -190919.1000000000
424 -190731.1000000000
434 -190592.1000000000
446 -187756.1000000000
463 -187290.1000000000
468 -185956.1000000000
479 -185372.1000000000
486 -185005.1000000000
506 -184583.1000000000
513 -183894.1000000000
529 -182920.1000000000
531 -179380.1000000000
534 -179241.1000000000
549 -179084.1000000000
581 -177184.1000000000
586 -175766.1000000000
591 -174906.1000000000
604 -174693.1000000000
605 -171735.1000000000
627 -171670.1000000000
630 -170526.1000000000
648 -168166.1000000000
651 -167597.1000000000
673 -166409.1000000000
694 -165830.1000000000
695 -165525.1000000000
716 -164757.1000000000
726 -162076.1000000000
738 -161829.1000000000
751 -161588.1000000000
764 -160976.1000000000
779 -160701.1000000000
792 -160694.1000000000
816 -160328.1000000000
844 24207.7921740647
852 24608.3272027816
879 25031.6084828500
987 25231.7417794217
1248 25333.6562522945
1318 25377.4394151946
1353 25382.0758942617
1385 25385.6199506409
1494 25473.1134889090
1530 25482.0667569218
2319 25504.0194099225
2412 25544.7506100035
2614 25750.3798567047
3584 25848.6608874018
3847 26035.1677462022
4977 26145.0788051509
5021 26438.2074247012
6247 26542.4140429349
6278 26979.5975591998
6780 27127.5656191584
7351 27470.8596527256
8583 27647.2896961017
9081 27660.4350409895
9320 27673.8502498333
9960 27803.4876407284
10000 -161346.1000000000
evaluations raw_y
1 -272489.1000000000
2 -270843.1000000000
4 -269273.1000000000
6 -269033.1000000000
8 -268096.1000000000
9 -264899.1000000000
11 -264491.1000000000
22 -264039.1000000000
23 -262154.1000000000
24 -261896.1000000000
30 -261171.1000000000
31 -261049.1000000000
32 -260955.1000000000
33 -260800.1000000000
38 -260168.1000000000
39 -259224.1000000000
41 -258630.1000000000
44 -258577.1000000000
45 -257397.1000000000
48 -255523.1000000000
49 -253555.1000000000
50 -253145.1000000000
51 -251827.1000000000
52 -249679.1000000000
57 -246748.1000000000
59 -245904.1000000000
60 -245793.1000000000
61 -244153.1000000000
64 -243279.1000000000
66 -242590.1000000000
75 -240716.1000000000
78 -239831.1000000000
82 -239379.1000000000
85 -237543.1000000000
86 -237355.1000000000
92 -237024.1000000000
96 -236657.1000000000
103 -230647.1000000000
104 -230011.1000000000
106 -227039.1000000000
107 -226998.1000000000
113 -224640.1000000000
114 -223693.1000000000
127 -223561.1000000000
137 -223157.1000000000
142 -222476.1000000000
150 -221583.1000000000
159 -220993.1000000000
164 -220751.1000000000
169 -220050.1000000000
176 -219391.1000000000
178 -218562.1000000000
193 -217308.1000000000
207 -217169.1000000000
208 -216928.1000000000
214 -215198.1000000000
217 -214565.1000000000
221 -212355.1000000000
226 -208607.1000000000
227 -205023.1000000000
229 -204300.1000000000
233 -200868.1000000000
234 -200727.1000000000
236 -200261.1000000000
237 -199510.1000000000
238 -194259.1000000000
242 -193467.1000000000
245 -191717.1000000000
265 -191716.1000000000
268 -189409.1000000000
272 -188723.1000000000
277 -186461.1000000000
280 -185645.1000000000
283 -184749.1000000000
288 -184435.1000000000
296 -184102.1000000000
299 -183120.1000000000
302 -182507.1000000000
320 -181086.1000000000
349 -180342.1000000000
357 -179602.1000000000
365 -179321.1000000000
370 -177599.1000000000
371 -177595.1000000000
391 -177320.1000000000
405 -177220.1000000000
406 -177039.1000000000
409 -176649.1000000000
415 -174952.1000000000
417 -173086.1000000000
422 -172627.1000000000
426 -171977.1000000000
449 -171350.1000000000
468 -170906.1000000000
469 -170319.1000000000
483 -170124.1000000000
484 -169749.1000000000
489 -168812.1000000000
501 -168192.1000000000
503 -168137.1000000000
508 -168036.1000000000
526 -167556.1000000000
528 -167399.1000000000
539 -166779.1000000000
543 -166577.1000000000
578 -165644.1000000000
595 -163874.1000000000
603 -161783.1000000000
606 -161736.1000000000
608 -161236.1000000000
615 -161136.1000000000
617 -161074.1000000000
625 23860.4905863626
632 24402.1732566598
637 24626.1587782327
641 24920.7559188038
900 24970.3535359353
1016 25077.2753083974
1721 25277.5134961567
1995 25323.4765640595
2113 25342.5113010858
2316 25470.8991909723
2547 25542.8970444172
2552 25643.2641701946
2818 25843.9917905029
3526 25944.3545056053
3621 26047.2739512210
4750 26090.2052372617
5030 26314.3212736800
6237 26514.9962471810
7438 26624.5367384947
7466 26995.0811245231
9515 27021.3344453187
10000 24769.9930287618
evaluations raw_y
1 -270308.1000000000
2 -267434.1000000000
3 -266897.1000000000
4 -265307.1000000000
5 -264946.1000000000
14 -264223.1000000000
15 -263297.1000000000
27 -261921.1000000000
28 -258235.1000000000
35 -258190.1000000000
48 -258134.1000000000
49 -256907.1000000000
50 -254582.1000000000
58 -253767.1000000000
60 -251813.1000000000
63 -250876.1000000000
64 -250870.1000000000
73 -248735.1000000000
81 -247350.1000000000
85 -243948.1000000000
89 -238393.1000000000
93 -235810.1000000000
95 -234599.1000000000
97 -233725.1000000000
99 -229725.1000000000
100 -229358.1000000000
101 -229258.1000000000
106 -226320.1000000000
113 -226076.1000000000
120 -224571.1000000000
130 -224091.1000000000
133 -223724.1000000000
134 -223137.1000000000
138 -222524.1000000000
140 -222413.1000000000
143 -221476.1000000000
152 -219970.1000000000
159 -219879.1000000000
164 -218422.1000000000
165 -217168.1000000000
168 -216196.1000000000
170 -215452.1000000000
174 -214763.1000000000
175 -214319.1000000000
178 -213043.1000000000
179 -212832.1000000000
184 -211340.1000000000
189 -211140.1000000000
192 -210835.1000000000
193 -209113.1000000000
196 -207741.1000000000
202 -206239.1000000000
207 -204593.1000000000
221 -203396.1000000000
225 -202449.1000000000
230 -201055.1000000000
249 -201051.1000000000
251 -198620.1000000000
253 -198306.1000000000
262 -195418.1000000000
281 -194675.1000000000
284 -193762.1000000000
298 -192821.1000000000
299 -192475.1000000000
310 -192067.1000000000
315 -191601.1000000000
317 -191149.1000000000
323 -188350.1000000000
325 -186094.1000000000
329 -185471.1000000000
339 -185061.1000000000
341 -184375.1000000000
347 -182795.1000000000
363 -182207.1000000000
366 -181874.1000000000
375 -181399.1000000000
383 -180534.1000000000
387 -179736.1000000000
392 -177581.1000000000
394 -176892.1000000000
401 -176149.1000000000
425 -175420.1000000000
434 -175320.1000000000
438 -174700.1000000000
440 -174561.1000000000
452 -171245.1000000000
456 -168874.1000000000
462 -168757.1000000000
471 -168329.1000000000
486 -166559.1000000000
491 -165736.1000000000
498 -164913.1000000000
518 -163536.1000000000
537 -162316.1000000000
540 -162069.1000000000
557 -161293.1000000000
560 -160319.1000000000
585 23063.0188616912
595 23285.1113032987
597 23369.8261931678
599 23814.2466804249
623 23881.7652050747
671 23964.6053774612
683 24274.2433953055
690 24464.6715294323
800 24564.8545730576
864 24664.1435071976
1322 24781.6504547744
1368 24823.6328027941
1409 25369.8635801492
1488 25582.0598245559
1627 25770.0737542265
2178 25810.8051764326
2442 25913.6537492712
2815 25976.7293966324
2901 26209.0170598973
3105 26423.9341864955
3151 26474.6635583133
3407 26813.6182661234
4460 26896.6433615824
7605 27006.6467342679
7989 27297.4483679259
9743 27432.9861581316
10000 23099.1883879240
evaluations raw_y
1 -286598.1000000000
2 -286594.1000000000
3 -285952.1000000000
5 -284752.1000000000
6 -284354.1000000000
7 -283462.1000000000
8 -282718.1000000000
15 -282318.1000000000
16 -280152.1000000000
18 -279558.1000000000
19 -278798.1000000000
20 -277739.1000000000
25 -275739.1000000000
29 -275126.1000000000
34 -274436.1000000000
35 -273786.1000000000
47 -273425.1000000000
48 -273325.1000000000
50 -270997.1000000000
56 -267751.1000000000
62 -266389.1000000000
64 -265966.1000000000
65 -265633.1000000000
69 -265522.1000000000
70 -264836.1000000000
71 -264060.1000000000
74 -263397.1000000000
75 -262181.1000000000
79 -262165.1000000000
80 -261538.1000000000
81 -260120.1000000000
84 -259655.1000000000
88 -259555.1000000000
89 -257578.1000000000
91 -257453.1000000000
105 -257412.1000000000
107 -254973.1000000000
109 -252493.1000000000
114 -252491.1000000000
115 -252303.1000000000
119 -248499.1000000000
120 -248162.1000000000
122 -247315.1000000000
133 -240939.1000000000
136 -238406.1000000000
142 -236766.1000000000
144 -235870.1000000000
147 -234998.1000000000
152 -234175.1000000000
153 -231510.1000000000
154 -230386.1000000000
155 -229797.1000000000
161 -229472.1000000000
162 -228688.1000000000
164 -227563.1000000000
170 -226639.1000000000
176 -225885.1000000000
178 -225393.1000000000
186 -224888.1000000000
188 -224120.1000000000
189 -223187.1000000000
192 -223125.1000000000
194 -221661.1000000000
196 -218369.1000000000
197 -216249.1000000000
198 -214206.1000000000
201 -212201.1000000000
204 -211565.1000000000
205 -210492.1000000000
224 -207731.1000000000
228 -207725.1000000000
230 -206896.1000000000
231 -206534.1000000000
235 -205812.1000000000
239 -202228.1000000000
256 -201765.1000000000
261 -201005.1000000000
264 -200033.1000000000
271 -199112.1000000000
272 -198960.1000000000
278 -197734.1000000000
287 -197368.1000000000
290 -196924.1000000000
294 -195000.1000000000
301 -193554.1000000000
306 -192743.1000000000
307 -192177.1000000000
313 -191348.1000000000
317 -191185.1000000000
320 -190267.1000000000
321 -188799.1000000000
327 -188453.1000000000
340 -187037.1000000000
347 -186831.1000000000
351 -185329.1000000000
359 -185174.1000000000
380 -183954.1000000000
381 -182776.1000000000
385 -181760.1000000000
390 -181446.1000000000
400 -179438.1000000000
403 -177449.1000000000
413 -176861.1000000000
422 -176856.1000000000
428 -176613.1000000000
446 -176223.1000000000
455 -173119.1000000000
462 -172179.1000000000
468 -171489.1000000000
478 -170866.1000000000
479 -170278.1000000000
498 -170043.1000000000
499 -169888.1000000000
507 -169422.1000000000
513 -166839.1000000000
516 -166353.1000000000
519 -166153.1000000000
524 -166106.1000000000
548 -165690.1000000000
558 -164838.1000000000
566 -164760.1000000000
574 -163906.1000000000
583 -162534.1000000000
603 -161361.1000000000
610 -160774.1000000000
612 -160414.1000000000
620 -160321.1000000000
636 -159988.1000000000
638 26289.6782427329
649 26498.2134526503
651 26749.5862308808
652 26950.1424110248
680 27125.4647931721
687 27299.1639843844
774 27533.6047519574
1052 27636.2802786561
1350 27765.0058106164
1379 27766.5705514640
1771 27959.3688637264
1917 28073.4861910244
2015 28274.0854000901
2450 28402.9887119355
2479 28438.2511635393
3237 28474.6810823776
4851 28674.6001492397
6140 28875.3734344141
8704 28978.4771916733
10000 25302.4937892007
evaluations raw_y
1 -309173.1000000000
2 -306362.1000000000
3 -301422.1000000000
4 -300657.1000000000
5 -300571.1000000000
8 -298727.1000000000
9 -298721.1000000000
13 -293961.1000000000
20 -293799.1000000000
27 -293573.1000000000
32 -292626.1000000000
34 -290926.1000000000
39 -290920.1000000000
41 -289046.1000000000
44 -288278.1000000000
47 -284506.1000000000
50 -283677.1000000000
53 -279879.1000000000
55 -279773.1000000000
60 -279585.1000000000
63 -276791.1000000000
66 -272779.1000000000
70 -272535.1000000000
76 -271175.1000000000
77 -268554.1000000000
78 -266911.1000000000
81 -266663.1000000000
86 -264893.1000000000
89 -261889.1000000000
91 -260241.1000000000
92 -259552.1000000000
95 -258000.1000000000
103 -257000.1000000000
110 -256074.1000000000
113 -254740.1000000000
114 -253855.1000000000
120 -253227.1000000000
124 -252764.1000000000
126 -251559.1000000000
127 -250626.1000000000
132 -249801.1000000000
133 -248883.1000000000
141 -247979.1000000000
143 -245828.1000000000
146 -245461.1000000000
156 -245268.1000000000
157 -244793.1000000000
162 -242919.1000000000
167 -240546.1000000000
168 -239010.1000000000
169 -236570.1000000000
173 -233771.1000000000
176 -232932.1000000000
183 -232775.1000000000
184 -231715.1000000000
185 -231711.1000000000
189 -229811.1000000000
192 -229095.1000000000
195 -222741.1000000000
204 -221297.1000000000
214 -221095.1000000000
215 -220286.1000000000
220 -218524.1000000000
225 -214569.1000000000
228 -213980.1000000000
236 -211598.1000000000
238 -210820.1000000000
242 -209594.1000000000
253 -209369.1000000000
254 -209307.1000000000
257 -208435.1000000000
268 -207989.1000000000
269 -206545.1000000000
276 -205146.1000000000
278 -204543.1000000000
287 -202952.1000000000
291 -202718.1000000000
321 -202607.1000000000
323 -201563.1000000000
331 -200796.1000000000
336 -200588.1000000000
337 -200108.1000000000
340 -199009.1000000000
345 -197755.1000000000
357 -196783.1000000000
360 -195303.1000000000
375 -191294.1000000000
378 -190120.1000000000
383 -189873.1000000000
385 -188647.1000000000
407 -188483.1000000000
409 -186363.1000000000
426 -185955.1000000000
438 -185111.1000000000
451 -183393.1000000000
473 -182618.1000000000
498 -181929.1000000000
499 -181319.1000000000
504 -180909.1000000000
506 -180301.1000000000
510 -179964.1000000000
527 -179512.1000000000
536 -176929.1000000000
541 -176790.1000000000
546 -176129.1000000000
547 -175882.1000000000
554 -172566.1000000000
562 -171933.1000000000
570 -171189.1000000000
571 -169811.1000000000
581 -168591.1000000000
589 -168310.1000000000
613 -167373.1000000000
677 -167342.1000000000
685 -165630.1000000000
692 -165530.1000000000
704 -165524.1000000000
713 -164812.1000000000
719 -164225.1000000000
720 -164123.1000000000
722 -162279.1000000000
743 -162039.1000000000
756 -161847.1000000000
771 -161285.1000000000
809 -160105.1000000000
817 23098.3277462313
866 23197.9147759022
938 23249.1990304124
950 23350.8321083551
974 23422.8515437189
1052 23536.6606552457
1072 23558.3269298300
1137 24152.1651461151
1162 24341.0994244716
1208 24361.5251024018
1567 24533.1220068525
1609 24613.7361598301
2150 24681.2837664413
2177 24884.7685127785
2305 25003.4145284295
2393 25203.6410087009
3550 25389.5151318509
4157 25855.1634182128
4234 26156.8585601663
4436 26425.3392808390
4791 26525.6922841869
4871 26528.7950883654
5542 26826.7548921031
6632 26930.8403401559
7474 27044.4995563487
7496 27061.2379507251
7654 27079.3766444654
9792 27192.2497553384
10000 24401.1796431441
evaluations raw_y
1 -274747.1000000000
3 -273923.1000000000
4 -272932.1000000000
5 -272928.1000000000
7 -271482.1000000000
10 -270422.1000000000
11 -267538.1000000000
19 -266762.1000000000
20 -264147.1000000000
21 -264122.1000000000
28 -263306.1000000000
30 -261929.1000000000
32 -261441.1000000000
35 -259441.1000000000
37 -258732.1000000000
41 -258645.1000000000
45 -256762.1000000000
46 -253909.1000000000
51 -253345.1000000000
57 -252781.1000000000
60 -252415.1000000000
61 -252173.1000000000
64 -250560.1000000000
65 -249116.1000000000
66 -248144.1000000000
68 -246747.1000000000
69 -245673.1000000000
75 -244844.1000000000
77 -242970.1000000000
78 -241803.1000000000
80 -240035.1000000000
84 -237966.1000000000
87 -237487.1000000000
91 -236798.1000000000
94 -236764.1000000000
96 -236042.1000000000
97 -235590.1000000000
116 -233744.1000000000
117 -232655.1000000000
119 -232539.1000000000
122 -231911.1000000000
136 -229900.1000000000
137 -228511.1000000000
139 -227003.1000000000
150 -224192.1000000000
153 -222971.1000000000
155 -222604.1000000000
171 -222108.1000000000
175 -221472.1000000000
182 -221470.1000000000
187 -220860.1000000000
189 -220470.1000000000
195 -220060.1000000000
202 -218975.1000000000
204 -217183.1000000000
206 -215848.1000000000
208 -215004.1000000000
210 -214658.1000000000
214 -214250.1000000000
221 -214203.1000000000
225 -213836.1000000000
231 -213013.1000000000
238 -211839.1000000000
241 -209995.1000000000
243 -208705.1000000000
244 -208091.1000000000
250 -207529.1000000000
259 -207325.1000000000
263 -206492.1000000000
290 -206206.1000000000
296 -205738.1000000000
297 -205731.1000000000
310 -203148.1000000000
315 -202937.1000000000
341 -202094.1000000000
371 -199718.1000000000
375 -199028.1000000000
376 -196542.1000000000
388 -196255.1000000000
407 -193456.1000000000
411 -192584.1000000000
425 -191532.1000000000
429 -191453.1000000000
431 -190833.1000000000
436 -190598.1000000000
442 -189764.1000000000
445 -188027.1000000000
446 -187870.1000000000
448 -186350.1000000000
455 -184464.1000000000
456 -184238.1000000000
463 -183463.1000000000
471 -183363.1000000000
499 -183123.1000000000
503 -183027.1000000000
510 -182735.1000000000
524 -182241.1000000000
526 -180519.1000000000
533 -179929.1000000000
534 -179369.1000000000
556 -179002.1000000000
575 -178580.1000000000
583 -178245.1000000000
619 -176911.1000000000
625 -176143.1000000000
643 -175421.1000000000
650 -175390.1000000000
690 -172286.1000000000
695 -171756.1000000000
699 -170860.1000000000
705 -170179.1000000000
708 -169963.1000000000
712 -169238.1000000000
720 -167468.1000000000
721 -166997.1000000000
740 -166403.1000000000
751 -163951.1000000000
756 -161371.1000000000
767 -161281.1000000000
793 -160858.1000000000
826 -160611.1000000000
842 -160610.1000000000
853 24631.4310677089
929 24730.9407420948
971 24830.9043733943
1083 25108.7826254800
1387 25157.9223211519
1405 25562.0009698331
1418 25708.5201282609
1428 25968.7222072766
1454 26068.9378063530
1616 26076.6614127239
1907 26184.3555520926
2054 26270.4592469377
2310 26380.8696474838
2747 26481.1889429175
3128 26686.7124181192
4300 26789.9225529881
4423 26789.9286854175
4727 26887.5115634069
5970 26990.7254782317
8036 27004.1968535532
8395 27136.5814643591
9649 27171.2348684974
10000 26434.0415887492
evaluations raw_y
1 -267794.1000000000
2 -267043.1000000000
4 -266943.1000000000
10 -266784.1000000000
13 -266630.1000000000
15 -265101.1000000000
17 -261355.1000000000
19 -261349.1000000000
20 -259903.1000000000
21 -259622.1000000000
23 -259034.1000000000
25 -258562.1000000000
31 -257625.1000000000
45 -256606.1000000000
48 -254026.1000000000
53 -253052.1000000000
54 -252343.1000000000
61 -249451.1000000000
63 -246652.1000000000
64 -244133.1000000000
65 -241964.1000000000
66 -240090.1000000000
68 -240089.1000000000
74 -238936.1000000000
76 -237646.1000000000
93 -235081.1000000000
100 -234474.1000000000
101 -234064.1000000000
104 -232307.1000000000
105 -232239.1000000000
113 -232208.1000000000
114 -232067.1000000000
115 -231373.1000000000
122 -230455.1000000000
133 -229229.1000000000
134 -229135.1000000000
140 -228360.1000000000
141 -226164.1000000000
149 -225430.1000000000
155 -221890.1000000000
160 -221276.1000000000
165 -220343.1000000000
189 -218850.1000000000
199 -217891.1000000000
216 -217835.1000000000
217 -217469.1000000000
232 -215219.1000000000
234 -215062.1000000000
264 -214472.1000000000
271 -213844.1000000000
278 -213732.1000000000
306 -213340.1000000000
307 -212844.1000000000
324 -211590.1000000000
331 -210709.1000000000
339 -210536.1000000000
346 -207605.1000000000
349 -207197.1000000000
351 -203905.1000000000
352 -203549.1000000000
367 -200672.1000000000
368 -199717.1000000000
370 -198497.1000000000
394 -198022.1000000000
396 -197920.1000000000
397 -197520.1000000000
401 -196691.1000000000
411 -193803.1000000000
419 -193692.1000000000
421 -193470.1000000000
425 -193048.1000000000
428 -192190.1000000000
437 -190420.1000000000
446 -188127.1000000000
455 -187514.1000000000
461 -187230.1000000000
466 -186405.1000000000
470 -186388.1000000000
483 -184942.1000000000
495 -184466.1000000000
498 -180910.1000000000
506 -180422.1000000000
536 -179828.1000000000
539 -179365.1000000000
545 -178237.1000000000
552 -177707.1000000000
556 -176949.1000000000
576 -176423.1000000000
591 -175384.1000000000
594 -174734.1000000000
598 -174355.1000000000
606 -172853.1000000000
619 -172055.1000000000
620 -171419.1000000000
621 -171397.1000000000
625 -168393.1000000000
690 -167031.1000000000
695 -166829.1000000000
697 -166075.1000000000
740 -165614.1000000000
811 -165049.1000000000
835 -161641.1000000000
858 -161197.1000000000
888 24332.1985894506
892 24907.2566021929
896 25523.1095486736
949 25922.9107123508
1259 26020.8734463339
1481 26325.1162718356
1605 26525.0086923914
1879 26724.8967258488
2549 26943.1834601358
2615 27068.7012202039
2845 27087.7443730860
3070 27111.7075175610
4273 27237.6377820649
4549 27323.8466364445
4939 27324.2505610028
5042 27345.8905581787
5113 27407.0232306579
5408 27530.2788838553
5714 27534.3857644917
5929 27645.1037726249
6439 27745.2333232370
7245 27770.9470619602
7716 27872.6198570789
10000 -161426.1000000000
evaluations raw_y
1 -282372.1000000000
3 -281892.1000000000
15 -281559.1000000000
16 -280729.1000000000
25 -280392.1000000000
31 -278378.1000000000
48 -277965.1000000000
50 -276787.1000000000
51 -274691.1000000000
53 -273051.1000000000
55 -271717.1000000000
56 -270377.1000000000
59 -269455.1000000000
60 -267079.1000000000
68 -265112.1000000000
72 -262486.1000000000
76 -260978.1000000000
79 -260972.1000000000
82 -258739.1000000000
83 -256156.1000000000
87 -254364.1000000000
90 -253751.1000000000
96 -253299.1000000000
103 -252790.1000000000
104 -250946.1000000000
106 -250823.1000000000
109 -250767.1000000000
111 -249547.1000000000
121 -247653.1000000000
140 -245325.1000000000
146 -244804.1000000000
148 -244448.1000000000
157 -242562.1000000000
160 -241875.1000000000
163 -241389.1000000000
175 -240446.1000000000
177 -240057.1000000000
184 -239945.1000000000
186 -239300.1000000000
194 -237957.1000000000
206 -236783.1000000000
207 -234666.1000000000
214 -233606.1000000000
215 -229801.1000000000
218 -228511.1000000000
222 -227561.1000000000
224 -227086.1000000000
225 -226063.1000000000
235 -225978.1000000000
238 -225169.1000000000
239 -225075.1000000000
241 -224709.1000000000
247 -224330.1000000000
248 -224259.1000000000
250 -223807.1000000000
263 -223412.1000000000
268 -222468.1000000000
270 -219828.1000000000
273 -219689.1000000000
277 -219532.1000000000
308 -218532.1000000000
319 -217778.1000000000
320 -216958.1000000000
324 -214027.1000000000
330 -213341.1000000000
342 -213099.1000000000
357 -212881.1000000000
362 -212520.1000000000
366 -212112.1000000000
380 -210342.1000000000
382 -207700.1000000000
388 -206524.1000000000
401 -205857.1000000000
412 -204487.1000000000
423 -203499.1000000000
433 -203344.1000000000
444 -202404.1000000000
448 -201771.1000000000
451 -199204.1000000000
452 -199202.1000000000
457 -198640.1000000000
459 -194640.1000000000
498 -194570.1000000000
506 -194423.1000000000
508 -194311.1000000000
509 -190786.1000000000
510 -190784.1000000000
521 -190573.1000000000
536 -190135.1000000000
541 -189423.1000000000
577 -186131.1000000000
586 -184563.1000000000
588 -184221.1000000000
593 -181807.1000000000
613 -181171.1000000000
623 -180661.1000000000
654 -179299.1000000000
656 -179111.1000000000
666 -178169.1000000000
679 -177435.1000000000
682 -177095.1000000000
687 -176191.1000000000
690 -174857.1000000000
691 -174787.1000000000
701 -174438.1000000000
712 -174071.1000000000
713 -172625.1000000000
714 -170628.1000000000
716 -169715.1000000000
720 -169244.1000000000
727 -168421.1000000000
729 -168174.1000000000
734 -166629.1000000000
747 -166221.1000000000
756 -163873.1000000000
760 -162926.1000000000
774 -162803.1000000000
775 23132.2547446464
811 23189.7818112416
829 23228.8044405831
830 23251.8128703244
885 23336.4416720496
896 23688.0215182311
946 23716.1223065404
958 23726.4131008615
1023 23786.4138247301
1025 23870.7581922576
1032 24320.2864509595
1108 24517.2638769484
1143 24609.4353157191
1323 24710.3221559966
2053 25109.8209284902
2688 25271.9362530784
3658 25296.2556964638
3872 25487.9329395571
3991 25687.6856172645
4554 25691.6419531145
4802 25989.9070767472
6217 26033.2919744500
6679 26158.5265355442
7004 26232.2713783603
7430 26631.9358790908
7629 26746.8443313898
7687 26796.0155402124
7747 26808.0447849631
7979 26900.5514757086
8153 26937.7843764119
8785 26937.8219507355
8890 27177.0582445120
9716 27297.6782746654
9876 27447.5475387446
10000 26877.0838765598
evaluations raw_y
1 -281389.1000000000
4 -281043.1000000000
7 -281042.1000000000
10 -276461.1000000000
13 -275980.1000000000
15 -273815.1000000000
18 -273350.1000000000
20 -271848.1000000000
29 -271543.1000000000
31 -270639.1000000000
34 -268765.1000000000
38 -267388.1000000000
39 -265999.1000000000
40 -264654.1000000000
42 -264067.1000000000
44 -261179.1000000000
46 -259925.1000000000
47 -257601.1000000000
49 -255425.1000000000
53 -255419.1000000000
61 -254596.1000000000
79 -251654.1000000000
81 -249929.1000000000
82 -247037.1000000000
84 -246472.1000000000
87 -245100.1000000000
89 -244710.1000000000
90 -244058.1000000000
93 -244002.1000000000
94 -242668.1000000000
95 -239376.1000000000
97 -238856.1000000000
100 -236159.1000000000
113 -235478.1000000000
121 -234835.1000000000
122 -234101.1000000000
128 -233124.1000000000
132 -233002.1000000000
136 -232736.1000000000
140 -229552.1000000000
146 -227404.1000000000
148 -225958.1000000000
149 -224770.1000000000
151 -224755.1000000000
156 -223980.1000000000
160 -223054.1000000000
187 -222558.1000000000
191 -221940.1000000000
197 -220993.1000000000
200 -218809.1000000000
201 -214961.1000000000
202 -212920.1000000000
206 -210620.1000000000
207 -209735.1000000000
215 -209026.1000000000
218 -208617.1000000000
234 -207549.1000000000
236 -205891.1000000000
242 -205829.1000000000
249 -205743.1000000000
250 -205517.1000000000
253 -204227.1000000000
265 -204115.1000000000
273 -202737.1000000000
275 -202595.1000000000
278 -202564.1000000000
282 -200302.1000000000
299 -199327.1000000000
307 -199290.1000000000
311 -198343.1000000000
314 -196725.1000000000
324 -195003.1000000000
327 -194159.1000000000
330 -194009.1000000000
331 -193601.1000000000
341 -193178.1000000000
342 -191888.1000000000
356 -191033.1000000000
360 -190423.1000000000
362 -189964.1000000000
369 -189878.1000000000
370 -189512.1000000000
378 -186751.1000000000
379 -185818.1000000000
387 -185205.1000000000
402 -184691.1000000000
410 -183183.1000000000
414 -182302.1000000000
422 -180532.1000000000
439 -179943.1000000000
440 -179610.1000000000
441 -178786.1000000000
442 -177890.1000000000
445 -177553.1000000000
454 -175709.1000000000
463 -175471.1000000000
469 -175360.1000000000
473 -175158.1000000000
476 -175127.1000000000
486 -172235.1000000000
489 -169827.1000000000
491 -169093.1000000000
503 -168531.1000000000
507 -167587.1000000000
510 -167169.1000000000
514 -166802.1000000000
524 -166638.1000000000
527 -164389.1000000000
536 25426.4563927120
554 25434.3281113184
559 25575.4268971338
563 25625.2015677098
609 25711.4181951864
769 25750.7263920895
824 25833.2969425341
868 26003.2408469282
983 26138.8328701588
1052 26267.4222850905
1173 26369.9427801996
1186 26392.4378633484
1193 26432.5506369854
1199 26460.8980062820
1202 26523.2401216923
1216 26578.9645097948
1233 26940.5614813183
1384 27074.8054670659
1727 27206.0162780197
2551 27301.0756692188
2553 27352.0648558302
2602 27663.0210880100
2694 27775.4062500953
3111 27902.0177859700
3498 27924.8129747209
4660 28081.4243000593
5203 28190.7752811216
5379 28249.3657726303
5683 28259.1551201751
5687 28387.4410500938
6034 28526.8522163084
6458 28727.5284112602
9408 28928.2014161604
9556 29031.3839502901
10000 28727.5284112602
evaluations raw_y
1 -268782.1000000000
6 -267845.1000000000
11 -266787.1000000000
13 -263895.1000000000
17 -263495.1000000000
28 -262360.1000000000
33 -261897.1000000000
34 -261797.1000000000
35 -256466.1000000000
41 -254532.1000000000
43 -250288.1000000000
44 -249465.1000000000
46 -249109.1000000000
47 -249107.1000000000
55 -247881.1000000000
70 -247271.1000000000
77 -246424.1000000000
80 -245928.1000000000
82 -245098.1000000000
87 -243411.1000000000
91 -242900.1000000000
93 -242595.1000000000
96 -240610.1000000000
102 -240609.1000000000
103 -240403.1000000000
105 -239917.1000000000
107 -239669.1000000000
110 -238167.1000000000
113 -237293.1000000000
114 -237012.1000000000
118 -236770.1000000000
119 -236182.1000000000
120 -234404.1000000000
125 -234160.1000000000
128 -233735.1000000000
144 -231963.1000000000
145 -231048.1000000000
156 -231017.1000000000
158 -229573.1000000000
163 -228946.1000000000
169 -227394.1000000000
177 -226704.1000000000
184 -226604.1000000000
192 -226242.1000000000
193 -225749.1000000000
194 -224920.1000000000
199 -222121.1000000000
203 -220789.1000000000
204 -218033.1000000000
206 -216189.1000000000
209 -214558.1000000000
213 -213938.1000000000
223 -211931.1000000000
233 -211460.1000000000
246 -210514.1000000000
249 -209805.1000000000
255 -209799.1000000000
260 -209175.1000000000
271 -208501.1000000000
274 -206223.1000000000
276 -204514.1000000000
278 -203133.1000000000
279 -199385.1000000000
297 -196201.1000000000
300 -193913.1000000000
308 -192966.1000000000
309 -192610.1000000000
321 -192453.1000000000
339 -191227.1000000000
340 -189560.1000000000
348 -189498.1000000000
359 -189147.1000000000
365 -188403.1000000000
368 -187652.1000000000
392 -186901.1000000000
394 -184321.1000000000
398 -183984.1000000000
400 -183982.1000000000
412 -182520.1000000000
418 -181363.1000000000
427 -179427.1000000000
439 -178450.1000000000
443 -177272.1000000000
447 -176905.1000000000
449 -176260.1000000000
458 -175946.1000000000
459 -175791.1000000000
494 -175535.1000000000
500 -174631.1000000000
514 -173815.1000000000
516 -173534.1000000000
537 -172880.1000000000
544 -172519.1000000000
557 -172119.1000000000
591 -171743.1000000000
607 -170021.1000000000
611 -168603.1000000000
616 -167666.1000000000
622 -166843.1000000000
638 -166561.1000000000
651 -166031.1000000000
655 -164810.1000000000
662 -162510.1000000000
669 -160875.1000000000
688 -160452.1000000000
705 24415.1998152734
706 24863.2542218402
856 24958.9794904537
871 25063.2400036273
1089 25079.8571407384
1410 25179.8598389330
1435 25279.8656445622
1446 25356.8986310580
1488 25375.7418931251
1568 25475.3750288385
1796 25524.6562847616
1862 25643.0353902712
2311 25774.1287294418
2411 25861.9627275384
2506 25976.2008875019
3801 25982.9523768588
4197 25998.9278992051
4379 26295.7985248234
4777 26298.6520873415
5525 26406.6795267798
6101 26807.8742366407
7400 27008.4709447410
7724 27028.6879948924
8929 27229.2455664180
10000 24614.0875781150
evaluations raw_y
1 -269377.1000000000
2 -268955.1000000000
3 -265287.1000000000
5 -264852.1000000000
6 -262209.1000000000
14 -261757.1000000000
17 -260226.1000000000
23 -260026.1000000000
24 -257423.1000000000
25 -255610.1000000000
37 -255499.1000000000
38 -255398.1000000000
40 -253372.1000000000
41 -253005.1000000000
45 -252595.1000000000
63 -251261.1000000000
65 -249565.1000000000
70 -248805.1000000000
82 -247681.1000000000
84 -247569.1000000000
88 -246722.1000000000
89 -245104.1000000000
94 -244641.1000000000
96 -242854.1000000000
100 -242236.1000000000
103 -241476.1000000000
117 -240591.1000000000
118 -240225.1000000000
127 -239047.1000000000
129 -238107.1000000000
136 -237881.1000000000
138 -237769.1000000000
139 -237613.1000000000
166 -237119.1000000000
173 -236303.1000000000
178 -234973.1000000000
179 -234836.1000000000
188 -234466.1000000000
193 -233728.1000000000
194 -232110.1000000000
199 -230731.1000000000
200 -227920.1000000000
203 -227582.1000000000
204 -224826.1000000000
205 -224360.1000000000
210 -223880.1000000000
215 -223690.1000000000
232 -223678.1000000000
242 -223215.1000000000
253 -222094.1000000000
256 -221394.1000000000
259 -220394.1000000000
263 -219570.1000000000
268 -215520.1000000000
274 -214599.1000000000
275 -214477.1000000000
276 -214002.1000000000
279 -213280.1000000000
290 -212602.1000000000
306 -209286.1000000000
324 -207024.1000000000
329 -206626.1000000000
342 -206036.1000000000
345 -204765.1000000000
347 -204592.1000000000
352 -203302.1000000000
353 -200226.1000000000
357 -199880.1000000000
377 -197899.1000000000
383 -197337.1000000000
392 -197066.1000000000
398 -196756.1000000000
403 -196053.1000000000
435 -194009.1000000000
446 -193854.1000000000
451 -193389.1000000000
464 -193064.1000000000
465 -190133.1000000000
476 -188863.1000000000
479 -188832.1000000000
491 -188588.1000000000
499 -187876.1000000000
512 -185996.1000000000
513 -185800.1000000000
520 -184612.1000000000
535 -184512.1000000000
562 -183135.1000000000
564 -181709.1000000000
567 -180765.1000000000
578 -180152.1000000000
579 -177316.1000000000
583 -175321.1000000000
624 -174956.1000000000
627 -173594.1000000000
629 -172843.1000000000
652 -172632.1000000000
664 -172245.1000000000
697 -171956.1000000000
703 -171133.1000000000
710 -171077.1000000000
716 -170130.1000000000
740 -169883.1000000000
742 -169420.1000000000
745 -169140.1000000000
763 -168504.1000000000
769 -167064.1000000000
771 -166138.1000000000
797 -165460.1000000000
814 -165156.1000000000
824 -164785.1000000000
826 -163609.1000000000
854 -162777.1000000000
862 23107.0397881457
864 23197.5056531187
868 24012.2443377597
894 24014.7406528912
979 24039.5667012446
1001 24220.3748829075
1170 24230.6214775664
1238 24456.0578615533
1261 24855.9826794317
1551 25029.6050693120
1750 25137.8937409047
1863 25229.7449293268
2131 25235.9233377460
2492 25344.4998701738
2650 25622.1622183562
2775 25775.3787090186
4661 25973.2618046377
5028 26228.2194100360
5040 26230.0887422777
5485 26430.5264041123
6125 26440.8343185699
7083 26641.2495277554
8141 26876.3018075710
8801 27129.3418067656
10000 25769.4558380720
evaluations raw_y
1 -280407.1000000000
3 -279632.1000000000
6 -277484.1000000000
9 -273728.1000000000
14 -273333.1000000000
19 -272277.1000000000
21 -271302.1000000000
22 -268850.1000000000
25 -267996.1000000000
29 -267434.1000000000
35 -266497.1000000000
36 -262862.1000000000
43 -260968.1000000000
56 -260857.1000000000
62 -257526.1000000000
64 -256046.1000000000
74 -252046.1000000000
82 -250746.1000000000
84 -250700.1000000000
87 -250656.1000000000
94 -249366.1000000000
98 -248526.1000000000
100 -243882.1000000000
101 -243694.1000000000
106 -242754.1000000000
109 -240378.1000000000
116 -235664.1000000000
123 -235350.1000000000
124 -234887.1000000000
137 -234582.1000000000
139 -233806.1000000000
154 -231970.1000000000
156 -231281.1000000000
160 -230558.1000000000
168 -229006.1000000000
171 -228883.1000000000
176 -228814.1000000000
177 -227942.1000000000
179 -227830.1000000000
184 -227386.1000000000
197 -226903.1000000000
198 -224665.1000000000
199 -223591.1000000000
202 -223073.1000000000
214 -222101.1000000000
215 -221153.1000000000
219 -221060.1000000000
233 -220731.1000000000
234 -219284.1000000000
239 -218648.1000000000
243 -217096.1000000000
244 -216730.1000000000
247 -216320.1000000000
252 -215634.1000000000
259 -213161.1000000000
265 -212751.1000000000
269 -211999.1000000000
270 -211097.1000000000
283 -209253.1000000000
287 -207373.1000000000
307 -205473.1000000000
312 -205373.1000000000
313 -204414.1000000000
314 -203468.1000000000
320 -202294.1000000000
330 -199822.1000000000
331 -198568.1000000000
337 -198231.1000000000
354 -197402.1000000000
357 -197011.1000000000
360 -196124.1000000000
362 -195722.1000000000
371 -194913.1000000000
373 -191616.1000000000
374 -190834.1000000000
378 -190093.1000000000
390 -190037.1000000000
391 -189569.1000000000
393 -189414.1000000000
396 -188948.1000000000
407 -184988.1000000000
418 -183606.1000000000
426 -183602.1000000000
433 -183115.1000000000
435 -180223.1000000000
440 -179856.1000000000
442 -179415.1000000000
455 -179353.1000000000
458 -179306.1000000000
471 -178126.1000000000
474 -176404.1000000000
475 -176164.1000000000
516 -175794.1000000000
520 -175673.1000000000
525 -172785.1000000000
526 -171969.1000000000
536 -171257.1000000000
543 -171251.1000000000
550 -170884.1000000000
563 -170432.1000000000
567 -169375.1000000000
589 -168149.1000000000
592 -167539.1000000000
613 -167508.1000000000
618 -167014.1000000000
624 -166769.1000000000
638 -165819.1000000000
641 -165597.1000000000
656 -165207.1000000000
657 -164517.1000000000
668 -164365.1000000000
679 -163388.1000000000
717 -161836.1000000000
721 -160334.1000000000
737 24443.1778819824
740 24811.6445479601
757 25073.6666933405
822 25382.2072134851
1078 25434.3521831152
1432 25495.4865457412
1600 25715.3431834934
1907 25828.2857085563
1957 26116.3972982000
2394 26316.9237059471
2477 26392.5486545087
3505 26537.3273471879
3720 26593.1585939616
4775 26828.8264715232
5966 26929.1016148220
6433 27118.0270944876
9136 27140.9474664101
9948 27256.7741685579
10000 -160277.1000000000
evaluations raw_y
1 -276780.1000000000
6 -274858.1000000000
8 -272059.1000000000
13 -271236.1000000000
14 -269768.1000000000
15 -269657.1000000000
16 -265909.1000000000
24 -265851.1000000000
26 -265241.1000000000
27 -264931.1000000000
30 -263943.1000000000
32 -262173.1000000000
34 -261993.1000000000
35 -261049.1000000000
40 -257068.1000000000
51 -255842.1000000000
53 -254909.1000000000
59 -253493.1000000000
60 -252826.1000000000
71 -252759.1000000000
74 -250887.1000000000
75 -247383.1000000000
77 -244271.1000000000
88 -243417.1000000000
89 -242237.1000000000
92 -242125.1000000000
105 -240181.1000000000
115 -240138.1000000000
118 -238019.1000000000
134 -237296.1000000000
138 -235931.1000000000
139 -234737.1000000000
140 -232285.1000000000
142 -231598.1000000000
149 -231146.1000000000
162 -230071.1000000000
163 -227483.1000000000
164 -227128.1000000000
166 -226439.1000000000
182 -226282.1000000000
188 -223390.1000000000
189 -222494.1000000000
190 -221117.1000000000
194 -220490.1000000000
197 -218616.1000000000
203 -218470.1000000000
209 -217052.1000000000
210 -215504.1000000000
214 -215041.1000000000
227 -214405.1000000000
232 -214123.1000000000
239 -212747.1000000000
243 -210901.1000000000
247 -210880.1000000000
249 -210057.1000000000
250 -209690.1000000000
252 -208743.1000000000
264 -206907.1000000000
268 -206455.1000000000
269 -205551.1000000000
270 -203694.1000000000
280 -202332.1000000000
289 -202320.1000000000
306 -201833.1000000000
309 -201603.1000000000
324 -201041.1000000000
329 -198952.1000000000
342 -198896.1000000000
345 -198128.1000000000
346 -197625.1000000000
350 -197145.1000000000
352 -196411.1000000000
374 -196409.1000000000
414 -195528.1000000000
418 -195136.1000000000
433 -194258.1000000000
451 -193645.1000000000
457 -192368.1000000000
459 -191494.1000000000
460 -191283.1000000000
463 -190635.1000000000
466 -188954.1000000000
472 -188600.1000000000
473 -186706.1000000000
483 -186243.1000000000
485 -185553.1000000000
488 -185207.1000000000
507 -184260.1000000000
523 -181831.1000000000
527 -181709.1000000000
533 -180241.1000000000
544 -179851.1000000000
548 -179022.1000000000
560 -178254.1000000000
569 -177634.1000000000
576 -177408.1000000000
631 -177267.1000000000
643 -176884.1000000000
686 -174134.1000000000
700 -173134.1000000000
704 -172453.1000000000
736 -171509.1000000000
773 -170277.1000000000
802 -169153.1000000000
814 -168918.1000000000
818 -168568.1000000000
822 -168486.1000000000
831 -167362.1000000000
833 -165878.1000000000
836 -165545.1000000000
855 -164025.1000000000
859 -163045.1000000000
890 -162270.1000000000
905 -161965.1000000000
914 -161329.1000000000
927 -160398.1000000000
941 -160396.1000000000
970 -160136.1000000000
973 23916.2890378664
975 24194.7848314875
1076 24296.4576221594
1108 24395.7943956370
1200 24489.6777191063
1201 24678.1935966118
1357 24924.8282839679
1395 25071.5212033578
1457 25173.4599728536
1493 25325.7740021138
1514 25711.3489467581
1554 25937.0244523872
1846 25979.1617068318
1900 26135.9756367706
2006 26179.9251594350
2064 26179.9663797866
2089 26336.3988310170
2302 26548.7761217757
3365 26652.0547992017
4230 26749.4608494215
4286 26943.0270307738
5613 27086.6753938128
6722 27244.8040248494
7121 27381.1378882157
7570 27501.1658562060
10000 -161447.1000000000
evaluations raw_y
1 -283900.1000000000
2 -282284.1000000000
4 -279336.1000000000
11 -279257.1000000000
12 -278896.1000000000
13 -277525.1000000000
20 -276944.1000000000
21 -275489.1000000000
24 -274362.1000000000
29 -273954.1000000000
38 -268344.1000000000
40 -267010.1000000000
42 -264862.1000000000
44 -264496.1000000000
47 -260941.1000000000
50 -257193.1000000000
51 -256366.1000000000
60 -253489.1000000000
61 -253410.1000000000
62 -253332.1000000000
63 -251808.1000000000
69 -250861.1000000000
72 -247119.1000000000
77 -246353.1000000000
79 -244488.1000000000
93 -243875.1000000000
98 -243121.1000000000
99 -242971.1000000000
105 -241335.1000000000
110 -240773.1000000000
111 -237685.1000000000
113 -236511.1000000000
118 -235687.1000000000
123 -234533.1000000000
150 -232832.1000000000
161 -231364.1000000000
162 -230675.1000000000
169 -229749.1000000000
170 -228449.1000000000
174 -227969.1000000000
175 -227375.1000000000
176 -226615.1000000000
177 -222366.1000000000
178 -221643.1000000000
185 -221054.1000000000
186 -220899.1000000000
196 -220476.1000000000
197 -220109.1000000000
198 -219921.1000000000
211 -219435.1000000000
213 -216504.1000000000
217 -215762.1000000000
227 -215050.1000000000
234 -214824.1000000000
244 -214576.1000000000
245 -214230.1000000000
257 -213170.1000000000
262 -211944.1000000000
263 -211502.1000000000
279 -209740.1000000000
287 -208756.1000000000
293 -208385.1000000000
309 -206431.1000000000
327 -206205.1000000000
349 -203449.1000000000
359 -202114.1000000000
364 -201338.1000000000
378 -198843.1000000000
391 -198162.1000000000
397 -197218.1000000000
398 -195318.1000000000
400 -195179.1000000000
411 -191863.1000000000
414 -190967.1000000000
424 -190191.1000000000
426 -189954.1000000000
428 -189536.1000000000
429 -188100.1000000000
432 -187856.1000000000
437 -186871.1000000000
439 -186867.1000000000
446 -186557.1000000000
461 -186167.1000000000
462 -185754.1000000000
464 -184308.1000000000
478 -182188.1000000000
488 -181362.1000000000
490 -180108.1000000000
508 -178746.1000000000
512 -178342.1000000000
525 -178142.1000000000
531 -177371.1000000000
540 -177113.1000000000
558 -176570.1000000000
583 -173716.1000000000
631 -172592.1000000000
649 -172140.1000000000
655 -171259.1000000000
663 -170623.1000000000
681 -169205.1000000000
682 -169093.1000000000
705 -166687.1000000000
730 -165912.1000000000
734 -165460.1000000000
737 -164726.1000000000
745 -164240.1000000000
750 -163806.1000000000
762 -163501.1000000000
767 -163196.1000000000
777 -163057.1000000000
794 -162928.1000000000
795 -161039.1000000000
796 -160866.1000000000
857 -160122.1000000000
865 24457.4742548579
891 24483.8755536726
899 24871.1769425073
922 25638.1200840274
971 25732.9281623906
972 25742.9084058169
992 25857.4261153811
1104 26158.8451476901
1273 26993.4195139950
2276 26996.7887053140
2317 27322.7459030799
2611 27473.4234953080
2677 27586.2833084728
2755 27712.0538505799
3130 27847.5979906718
3887 27915.0505507560
6034 27918.2606270925
6420 27971.8059669606
6712 28104.1257112722
8901 28275.1492835192
9370 28385.4078316925
10000 -162036.1000000000
evaluations raw_y
1 -271244.1000000000
5 -269865.1000000000
7 -268846.1000000000
10 -268072.1000000000
14 -267680.1000000000
15 -267090.1000000000
19 -266446.1000000000
21 -266267.1000000000
25 -265193.1000000000
26 -265139.1000000000
27 -263959.1000000000
28 -263269.1000000000
31 -261553.1000000000
39 -260594.1000000000
44 -259288.1000000000
56 -258534.1000000000
57 -256690.1000000000
67 -255764.1000000000
69 -255516.1000000000
70 -253073.1000000000
71 -252014.1000000000
74 -251436.1000000000
76 -249293.1000000000
79 -247031.1000000000
82 -246775.1000000000
83 -246575.1000000000
91 -246544.1000000000
95 -246270.1000000000
99 -245529.1000000000
102 -245325.1000000000
105 -245123.1000000000
106 -244842.1000000000
107 -242694.1000000000
108 -242439.1000000000
110 -241320.1000000000
112 -239836.1000000000
113 -238896.1000000000
121 -238849.1000000000
127 -237079.1000000000
128 -236305.1000000000
140 -234513.1000000000
142 -231621.1000000000
143 -229565.1000000000
145 -228509.1000000000
151 -228508.1000000000
156 -227437.1000000000
157 -227037.1000000000
160 -226926.1000000000
165 -226045.1000000000
169 -224871.1000000000
172 -224525.1000000000
178 -220753.1000000000
182 -217889.1000000000
186 -217239.1000000000
188 -217071.1000000000
197 -216329.1000000000
198 -216239.1000000000
199 -216237.1000000000
200 -215829.1000000000
221 -215439.1000000000
227 -215108.1000000000
235 -215047.1000000000
242 -212934.1000000000
261 -211382.1000000000
264 -209880.1000000000
268 -209283.1000000000
273 -209128.1000000000
275 -205128.1000000000
283 -204515.1000000000
298 -202597.1000000000
327 -201664.1000000000
328 -200144.1000000000
333 -199700.1000000000
338 -198728.1000000000
340 -197260.1000000000
346 -195780.1000000000
349 -195166.1000000000
350 -194756.1000000000
353 -193784.1000000000
362 -193447.1000000000
368 -190131.1000000000
373 -189826.1000000000
392 -186738.1000000000
393 -185678.1000000000
398 -185133.1000000000
405 -184212.1000000000
408 -180896.1000000000
416 -180437.1000000000
419 -179060.1000000000
421 -178371.1000000000
439 -178214.1000000000
443 -178056.1000000000
446 -177627.1000000000
447 -177420.1000000000
465 -176787.1000000000
468 -175453.1000000000
473 -174749.1000000000
479 -174393.1000000000
481 -171388.1000000000
489 -170008.1000000000
522 -169398.1000000000
541 -167355.1000000000
544 -166767.1000000000
547 -166293.1000000000
552 -165095.1000000000
562 -162253.1000000000
571 -161971.1000000000
581 -161147.1000000000
596 -160945.1000000000
599 -160197.1000000000
620 23273.6562259641
627 23417.5753200938
644 23603.3498108887
645 23755.4863617108
647 24089.3217855383
717 24212.0654474549
765 24377.7562516368
1013 24444.9541632923
1139 24812.5527743206
1205 24900.9473858362
1233 25137.3946635704
1257 25780.5411468281
1344 25931.5650616035
1363 25981.0617242146
1377 26109.7796691209
1387 26213.1140414666
1414 26233.7289135042
1470 26304.9244457373
1606 26422.0195584447
1679 26505.2417077464
1846 26613.2109995791
1890 26745.9284107380
2727 26848.1544954829
3648 26950.3555287618
4314 26953.5165178668
4449 27007.5268426968
5800 27070.0638461496
7086 27071.8237586223
7485 27093.1948255680
7963 27160.9284531842
8102 27201.7879657255
8608 27332.2270027275
9109 27441.8040374952
10000 26904.2747794910
evaluations raw_y
1 -269045.1000000000
7 -268763.1000000000
11 -264829.1000000000
12 -262607.1000000000
20 -261434.1000000000
21 -260938.1000000000
22 -260595.1000000000
28 -256847.1000000000
32 -256706.1000000000
35 -255088.1000000000
37 -253834.1000000000
38 -252857.1000000000
45 -251898.1000000000
46 -249021.1000000000
53 -248523.1000000000
63 -248123.1000000000
69 -245381.1000000000
70 -243261.1000000000
76 -242798.1000000000
77 -242797.1000000000
85 -241930.1000000000
96 -241221.1000000000
103 -240633.1000000000
107 -239131.1000000000
116 -238313.1000000000
118 -238260.1000000000
119 -237537.1000000000
122 -236359.1000000000
124 -235714.1000000000
126 -235508.1000000000
130 -235397.1000000000
133 -233779.1000000000
135 -233353.1000000000
138 -231561.1000000000
142 -228949.1000000000
149 -228336.1000000000
151 -227592.1000000000
154 -223846.1000000000
158 -223284.1000000000
166 -223163.1000000000
168 -221283.1000000000
170 -220333.1000000000
171 -218825.1000000000
177 -218351.1000000000
184 -215468.1000000000
190 -214394.1000000000
194 -212254.1000000000
196 -212175.1000000000
205 -211771.1000000000
206 -211709.1000000000
211 -211703.1000000000
212 -211467.1000000000
213 -210103.1000000000
216 -209798.1000000000
221 -206482.1000000000
223 -205846.1000000000
227 -205236.1000000000
228 -202684.1000000000
229 -201788.1000000000
235 -201449.1000000000
245 -200689.1000000000
246 -200100.1000000000
248 -198454.1000000000
250 -197480.1000000000
253 -195830.1000000000
256 -192826.1000000000
277 -192239.1000000000
298 -191829.1000000000
305 -190135.1000000000
306 -189360.1000000000
309 -188968.1000000000
312 -187996.1000000000
313 -187245.1000000000
314 -186931.1000000000
317 -186122.1000000000
323 -185732.1000000000
324 -185620.1000000000
328 -184632.1000000000
341 -184012.1000000000
356 -183905.1000000000
358 -183069.1000000000
362 -182014.1000000000
385 -181391.1000000000
387 -180517.1000000000
390 -180054.1000000000
402 -176474.1000000000
405 -175733.1000000000
415 -175513.1000000000
429 -174141.1000000000
434 -172661.1000000000
460 -172506.1000000000
487 -171202.1000000000
488 -170255.1000000000
497 -169495.1000000000
504 -168999.1000000000
507 -168259.1000000000
519 -167937.1000000000
523 -167689.1000000000
531 -167687.1000000000
538 -166219.1000000000
543 -165396.1000000000
553 -164478.1000000000
559 -163890.1000000000
562 -163888.1000000000
565 -163146.1000000000
572 -163085.1000000000
602 -162724.1000000000
626 -161905.1000000000
632 -160930.1000000000
663 26803.4912022075
667 26918.6298044613
727 27003.6788199798
872 27049.2888829346
898 27214.6972292693
953 27475.8403042702
973 27575.9352059911
980 27683.3908325042
1867 27706.9081975267
2186 27794.1296322941
2369 27796.2178736632
2533 27894.1673188777
3126 28256.8255657674
3185 28692.4960653785
3416 28747.0812663329
3714 28789.3893882667
5102 28901.0956691215
7194 29011.7219947105
8606 29097.7671164890
10000 25467.4418432154
evaluations raw_y
1 -293067.1000000000
4 -292457.1000000000
5 -291339.1000000000
8 -290598.1000000000
19 -289180.1000000000
20 -287828.1000000000
22 -283247.1000000000
26 -282881.1000000000
30 -279989.1000000000
34 -278112.1000000000
38 -277124.1000000000
44 -273584.1000000000
45 -273472.1000000000
51 -270541.1000000000
56 -269206.1000000000
59 -267738.1000000000
60 -265213.1000000000
61 -262630.1000000000
62 -258630.1000000000
66 -256630.1000000000
68 -256629.1000000000
73 -255569.1000000000
76 -254089.1000000000
78 -253015.1000000000
81 -249699.1000000000
84 -249110.1000000000
90 -248151.1000000000
92 -247307.1000000000
95 -245757.1000000000
96 -244836.1000000000
97 -243899.1000000000
99 -242609.1000000000
100 -238000.1000000000
104 -237921.1000000000
108 -237903.1000000000
110 -235011.1000000000
115 -234650.1000000000
116 -234327.1000000000
117 -232447.1000000000
118 -231875.1000000000
120 -231483.1000000000
125 -228039.1000000000
129 -227837.1000000000
138 -227411.1000000000
139 -227332.1000000000
144 -226821.1000000000
153 -226099.1000000000
155 -225958.1000000000
160 -225235.1000000000
162 -224825.1000000000
174 -223525.1000000000
178 -222839.1000000000
183 -220796.1000000000
189 -219368.1000000000
202 -218497.1000000000
206 -218144.1000000000
212 -217390.1000000000
215 -216691.1000000000
217 -216480.1000000000
226 -215651.1000000000
229 -214651.1000000000
235 -213733.1000000000
236 -213387.1000000000
242 -212901.1000000000
253 -212801.1000000000
260 -212393.1000000000
265 -211781.1000000000
267 -211072.1000000000
268 -210146.1000000000
272 -208958.1000000000
290 -207456.1000000000
302 -204971.1000000000
304 -203281.1000000000
306 -202793.1000000000
309 -201669.1000000000
315 -200697.1000000000
326 -200167.1000000000
332 -199704.1000000000
337 -199037.1000000000
338 -199036.1000000000
345 -198423.1000000000
348 -197600.1000000000
349 -197446.1000000000
354 -195446.1000000000
357 -195393.1000000000
383 -195032.1000000000
385 -194257.1000000000
388 -193568.1000000000
401 -193263.1000000000
406 -192393.1000000000
407 -191826.1000000000
415 -191167.1000000000
434 -191064.1000000000
440 -188390.1000000000
441 -187546.1000000000
447 -187366.1000000000
465 -186976.1000000000
470 -186104.1000000000
472 -185223.1000000000
480 -184489.1000000000
483 -184118.1000000000
493 -182224.1000000000
503 -182126.1000000000
507 -181801.1000000000
518 -181235.1000000000
524 -179066.1000000000
531 -176103.1000000000
532 -175757.1000000000
534 -175584.1000000000
536 -175358.1000000000
549 -174708.1000000000
555 -173418.1000000000
559 -173171.1000000000
561 -172348.1000000000
569 -170828.1000000000
573 -169394.1000000000
591 -168652.1000000000
631 -168048.1000000000
638 -167658.1000000000
656 -166708.1000000000
661 -166221.1000000000
701 -164318.1000000000
707 -163730.1000000000
717 -160853.1000000000
723 -160758.1000000000
733 -160196.1000000000
742 26038.4453944666
795 26149.7271800038
897 26167.3945581674
906 26252.9739536927
1262 26342.0197713963
1326 26408.5551447183
1331 26615.6511810294
1399 26715.9365009796
1435 26804.5464710168
1904 26981.7514916761
2098 27274.7615393120
2861 27408.0415155596
3549 27411.1664837819
3645 27492.9670692000
3811 27662.9324296430
4616 27710.7955453482
5136 27797.0562664472
6517 27909.6934117386
8444 27924.3225324824
8696 27997.5698126428
10000 -162662.1000000000
evaluations raw_y
1 -272619.1000000000
2 -271949.1000000000
3 -269711.1000000000
5 -268845.1000000000
6 -266561.1000000000
14 -265602.1000000000
21 -264857.1000000000
22 -263677.1000000000
24 -261803.1000000000
27 -258314.1000000000
32 -257381.1000000000
46 -257071.1000000000
47 -257070.1000000000
55 -256607.1000000000
75 -255784.1000000000
87 -254022.1000000000
89 -253818.1000000000
100 -253423.1000000000
102 -252971.1000000000
106 -251353.1000000000
107 -251259.1000000000
113 -250527.1000000000
115 -247208.1000000000
125 -246466.1000000000
133 -246354.1000000000
136 -246040.1000000000
146 -244102.1000000000
152 -242656.1000000000
161 -241402.1000000000
163 -240319.1000000000
166 -239727.1000000000
167 -238175.1000000000
173 -235377.1000000000
174 -234301.1000000000
176 -233472.1000000000
186 -232987.1000000000
193 -230745.1000000000
196 -230741.1000000000
206 -229561.1000000000
209 -228663.1000000000
211 -227589.1000000000
214 -227109.1000000000
215 -225032.1000000000
217 -222863.1000000000
230 -222121.1000000000
238 -221952.1000000000
243 -221489.1000000000
257 -220799.1000000000
268 -220466.1000000000
270 -219540.1000000000
285 -215792.1000000000
288 -214566.1000000000
292 -213692.1000000000
312 -210893.1000000000
314 -210013.1000000000
320 -209283.1000000000
324 -208695.1000000000
336 -208661.1000000000
345 -208072.1000000000
352 -207940.1000000000
353 -205595.1000000000
358 -204114.1000000000
359 -203380.1000000000
371 -202406.1000000000
391 -201414.1000000000
394 -201259.1000000000
407 -200221.1000000000
416 -199535.1000000000
419 -199063.1000000000
432 -198329.1000000000
441 -195043.1000000000
450 -194506.1000000000
461 -193155.1000000000
472 -192965.1000000000
490 -192939.1000000000
492 -192531.1000000000
494 -191864.1000000000
495 -191231.1000000000
498 -189111.1000000000
524 -188549.1000000000
538 -187634.1000000000
549 -185769.1000000000
552 -184261.1000000000
574 -183507.1000000000
581 -182190.1000000000
589 -181790.1000000000
590 -181050.1000000000
607 -180355.1000000000
633 -180347.1000000000
639 -180224.1000000000
659 -179834.1000000000
668 -179828.1000000000
672 -179491.1000000000
673 -179121.1000000000
709 -178723.1000000000
725 -178611.1000000000
748 -178403.1000000000
756 -178385.1000000000
763 -177643.1000000000
782 -176465.1000000000
797 -173588.1000000000
827 -172754.1000000000
852 -171928.1000000000
888 -169036.1000000000
915 -168644.1000000000
926 -167748.1000000000
933 -166773.1000000000
979 -164773.1000000000
988 -163858.1000000000
990 -161901.1000000000
996 22679.8892366307
1002 22771.9538962830
1007 22983.6047632498
1031 23291.8102570916
1057 23478.6189782163
1073 23616.3947606916
1080 23640.5971620606
1124 24255.1237196716
1132 24422.4627803256
1134 24698.6921216267
1166 24827.4797067154
1275 24965.8258067975
1306 25073.7763844160
1313 25237.5679948965
1526 25349.2800183353
1610 25370.6204040577
1643 25504.6900593759
1898 25630.0742582613
1993 25669.0323245159
2130 25914.4811971631
2578 26034.6531016953
2847 26080.0025563769
3468 26094.8135043318
3688 26223.6499880065
4596 26423.9273167413
5100 26529.7945701011
6142 26629.9208904957
7491 26832.0590747138
9528 27055.0154553874
10000 24607.9440775283
evaluations raw_y
1 -251311.1000000000
4 -249893.1000000000
5 -245139.1000000000
9 -244509.1000000000
17 -244415.1000000000
18 -242739.1000000000
22 -242425.1000000000
28 -237967.1000000000
30 -237719.1000000000
33 -237092.1000000000
35 -236970.1000000000
39 -233206.1000000000
49 -232265.1000000000
57 -229448.1000000000
58 -227790.1000000000
59 -226456.1000000000
60 -225823.1000000000
63 -224949.1000000000
65 -224745.1000000000
66 -224022.1000000000
68 -221692.1000000000
70 -220788.1000000000
71 -220586.1000000000
74 -218959.1000000000
78 -218507.1000000000
79 -218027.1000000000
81 -217870.1000000000
97 -217612.1000000000
98 -214968.1000000000
101 -213788.1000000000
112 -213152.1000000000
117 -212730.1000000000
125 -210959.1000000000
130 -210715.1000000000
140 -210313.1000000000
160 -210215.1000000000
165 -208433.1000000000
173 -207659.1000000000
176 -204782.1000000000
183 -204296.1000000000
188 -201408.1000000000
194 -200579.1000000000
198 -198857.1000000000
204 -197891.1000000000
220 -195859.1000000000
224 -193597.1000000000
232 -192821.1000000000
240 -192656.1000000000
255 -192430.1000000000
259 -191250.1000000000
260 -190840.1000000000
266 -189678.1000000000
270 -189285.1000000000
271 -187399.1000000000
273 -186786.1000000000
278 -186419.1000000000
283 -186082.1000000000
288 -184362.1000000000
302 -183302.1000000000
303 -183020.1000000000
306 -182373.1000000000
319 -181537.1000000000
329 -180887.1000000000
336 -179882.1000000000
338 -178504.1000000000
347 -177891.1000000000
349 -177780.1000000000
358 -177192.1000000000
361 -174609.1000000000
369 -174387.1000000000
374 -174194.1000000000
375 -173627.1000000000
388 -173427.1000000000
393 -171533.1000000000
400 -171237.1000000000
407 -170468.1000000000
415 -170235.1000000000
426 -167657.1000000000
431 -167578.1000000000
440 -166888.1000000000
447 -166425.1000000000
449 -164927.1000000000
455 -164588.1000000000
457 -163779.1000000000
481 -162009.1000000000
489 -161794.1000000000
495 -161125.1000000000
505 -160458.1000000000
510 26543.6802549629
511 26835.9894493657
537 26971.1963999852
538 27063.9697375370
605 27207.8111024201
729 27282.6122714957
738 27407.5459268044
781 27510.7095026476
846 27543.5481640211
1089 27685.2621863919
1302 27973.9405996907
1449 28084.3421879551
1627 28084.3940028085
1803 28105.6466332774
1874 28194.5639577302
2020 28375.1088502876
2078 28525.8883338551
2310 28708.0040976967
3482 28812.0784613160
4436 28915.0883779170
4610 28923.2377798741
4686 28957.4202280912
4718 28968.3142151370
4960 29078.3469592973
5965 29173.7215116740
6490 29374.3581166132
6751 29574.9960203634
7131 29685.9986922438
7263 29707.9206261631
7401 29796.8094877190
8376 29845.2136277723
8799 29867.1856212176
10000 -163509.1000000000
evaluations raw_y
1 -279101.1000000000
5 -278151.1000000000
6 -276083.1000000000
8 -275105.1000000000
12 -274133.1000000000
17 -273161.1000000000
19 -270208.1000000000
29 -269479.1000000000
31 -269367.1000000000
39 -265606.1000000000
42 -265135.1000000000
43 -263515.1000000000
46 -261529.1000000000
52 -255799.1000000000
54 -253537.1000000000
57 -252714.1000000000
58 -251973.1000000000
64 -251197.1000000000
66 -250913.1000000000
68 -249579.1000000000
71 -249017.1000000000
75 -247435.1000000000
77 -245266.1000000000
96 -241979.1000000000
97 -241618.1000000000
105 -241461.1000000000
108 -238650.1000000000
111 -238549.1000000000
118 -237627.1000000000
120 -236075.1000000000
122 -235975.1000000000
125 -235512.1000000000
126 -233750.1000000000
127 -230900.1000000000
140 -230529.1000000000
146 -230107.1000000000
155 -227082.1000000000
156 -222948.1000000000
157 -222548.1000000000
160 -222083.1000000000
174 -221323.1000000000
177 -220668.1000000000
178 -220278.1000000000
179 -219072.1000000000
183 -218705.1000000000
184 -216891.1000000000
190 -213926.1000000000
192 -210651.1000000000
194 -210223.1000000000
196 -209793.1000000000
200 -208112.1000000000
204 -207901.1000000000
210 -207491.1000000000
211 -207412.1000000000
222 -202922.1000000000
228 -202617.1000000000
230 -202393.1000000000
233 -201913.1000000000
253 -201239.1000000000
254 -200831.1000000000
261 -199415.1000000000
272 -196963.1000000000
284 -193758.1000000000
293 -193727.1000000000
294 -191679.1000000000
301 -190760.1000000000
315 -190071.1000000000
323 -189102.1000000000
334 -188769.1000000000
336 -187799.1000000000
366 -186355.1000000000
370 -186305.1000000000
379 -184351.1000000000
394 -184319.1000000000
398 -183580.1000000000
401 -183004.1000000000
416 -182377.1000000000
418 -181451.1000000000
419 -180005.1000000000
420 -179319.1000000000
422 -178317.1000000000
430 -178178.1000000000
433 -177770.1000000000
441 -177307.1000000000
472 -175811.1000000000
496 -175122.1000000000
498 -173445.1000000000
511 -173209.1000000000
518 -172853.1000000000
521 -172487.1000000000
548 -172239.1000000000
550 -170835.1000000000
577 -170081.1000000000
584 -169493.1000000000
597 -168770.1000000000
622 -168490.1000000000
624 -168378.1000000000
643 -166378.1000000000
681 -165655.1000000000
683 -165396.1000000000
688 -163045.1000000000
692 -162164.1000000000
693 -161483.1000000000
708 -161122.1000000000
709 -160766.1000000000
734 24238.6938139883
736 24367.8926087946
750 24497.9948144311
782 24639.2652431898
826 24784.1740722529
895 24896.3347965066
936 25000.1129955799
983 25013.8672354472
999 25115.0952812683
1099 25255.1963220172
1208 25272.2121209997
1222 25274.3824475307
1267 25278.4623385824
1349 25612.3703515596
2158 25812.6438470665
3203 25901.0704450527
3219 25939.3373636925
3481 26074.8782505738
3937 26299.3809548215
4373 26431.9061486664
4600 26546.4822983589
5651 26632.5012165620
6792 26735.3930389352
6963 26758.7747015755
7104 26801.3533006091
8745 26935.2340344740
10000 -161108.1000000000
evaluations raw_y
1 -276071.1000000000
4 -274653.1000000000
5 -273751.1000000000
10 -272871.1000000000
11 -270291.1000000000
17 -269523.1000000000
20 -266493.1000000000
22 -264619.1000000000
23 -264540.1000000000
26 -262180.1000000000
27 -260903.1000000000
31 -259091.1000000000
33 -257644.1000000000
37 -255874.1000000000
38 -254322.1000000000
45 -252166.1000000000
60 -251940.1000000000
61 -251403.1000000000
65 -248924.1000000000
68 -247202.1000000000
69 -246373.1000000000
72 -245313.1000000000
74 -245312.1000000000
76 -243994.1000000000
77 -243704.1000000000
82 -240947.1000000000
84 -238823.1000000000
85 -238360.1000000000
91 -236944.1000000000
107 -235582.1000000000
109 -234708.1000000000
114 -231168.1000000000
122 -230096.1000000000
123 -229163.1000000000
127 -228451.1000000000
137 -228169.1000000000
138 -227346.1000000000
152 -226046.1000000000
153 -225613.1000000000
154 -225092.1000000000
155 -224341.1000000000
159 -224071.1000000000
164 -223932.1000000000
166 -223831.1000000000
169 -223015.1000000000
178 -222649.1000000000
183 -222344.1000000000
192 -221481.1000000000
194 -220849.1000000000
198 -219905.1000000000
203 -218968.1000000000
210 -218021.1000000000
214 -217253.1000000000
215 -216279.1000000000
227 -216233.1000000000
240 -216001.1000000000
248 -213915.1000000000
255 -213265.1000000000
256 -212325.1000000000
257 -211581.1000000000
264 -210207.1000000000
270 -210095.1000000000
272 -209234.1000000000
275 -208459.1000000000
283 -208215.1000000000
294 -206713.1000000000
301 -205036.1000000000
303 -204062.1000000000
305 -203442.1000000000
308 -203117.1000000000
318 -202707.1000000000
321 -201660.1000000000
322 -201537.1000000000
337 -200981.1000000000
341 -200683.1000000000
345 -200366.1000000000
354 -199432.1000000000
365 -198796.1000000000
370 -198794.1000000000
381 -197926.1000000000
386 -197150.1000000000
390 -193882.1000000000
392 -193140.1000000000
395 -192214.1000000000
398 -192120.1000000000
399 -191851.1000000000
401 -191289.1000000000
402 -191037.1000000000
417 -189763.1000000000
420 -189707.1000000000
424 -189056.1000000000
431 -188476.1000000000
432 -187030.1000000000
439 -184702.1000000000
440 -184165.1000000000
448 -182353.1000000000
449 -181073.1000000000
454 -180473.1000000000
456 -179208.1000000000
462 -179192.1000000000
479 -178975.1000000000
480 -178941.1000000000
495 -178347.1000000000
501 -177768.1000000000
506 -177557.1000000000
509 -176089.1000000000
517 -175115.1000000000
529 -174769.1000000000
535 -174657.1000000000
538 -174437.1000000000
542 -172565.1000000000
558 -172175.1000000000
561 -169898.1000000000
573 -169506.1000000000
604 -169406.1000000000
606 -168655.1000000000
609 -166863.1000000000
612 -162863.1000000000
640 -162493.1000000000
645 -161956.1000000000
646 -161845.1000000000
647 -161362.1000000000
657 -161120.1000000000
659 -161089.1000000000
687 -160476.1000000000
704 25132.7809450650
713 25395.6758919718
717 25645.2915142952
895 25647.7279201941
919 25772.6590576668
934 26209.6363443437
1155 26217.6242487073
1185 26240.6484145620
1195 26441.0022866728
1285 26445.5665093949
1349 26455.7717655449
1548 26485.6731434885
1732 26585.7196969908
1750 26885.8621816586
2220 26987.5426534423
2787 27039.2270599717
3252 27139.3922375786
3335 27158.0701983835
3513 27169.0564375461
3678 27239.5584325371
4548 27347.9637242279
5188 27363.1945960012
5542 27452.4487810169
6604 27551.0768931057
7870 27669.7032900572
7911 27706.5306206172
8678 27773.6264909053
9533 28023.1882217238
10000 25815.0838326034
evaluations raw_y
1 -274010.1000000000
2 -271967.1000000000
4 -271867.1000000000
11 -267952.1000000000
12 -267339.1000000000
14 -266751.1000000000
15 -266672.1000000000
17 -265849.1000000000
28 -265748.1000000000
31 -263620.1000000000
41 -262432.1000000000
43 -261609.1000000000
49 -260484.1000000000
55 -257018.1000000000
57 -256896.1000000000
60 -256073.1000000000
61 -254407.1000000000
65 -253030.1000000000
68 -251956.1000000000
69 -251674.1000000000
70 -250752.1000000000
75 -250142.1000000000
79 -249654.1000000000
80 -247635.1000000000
85 -247172.1000000000
92 -244184.1000000000
96 -243647.1000000000
97 -243011.1000000000
99 -241636.1000000000
100 -240902.1000000000
103 -240900.1000000000
111 -239138.1000000000
121 -238161.1000000000
122 -237410.1000000000
127 -236988.1000000000
132 -236267.1000000000
135 -235279.1000000000
147 -234305.1000000000
148 -233005.1000000000
160 -232161.1000000000
163 -231921.1000000000
165 -231797.1000000000
167 -231322.1000000000
175 -229674.1000000000
180 -229222.1000000000
185 -228313.1000000000
186 -227604.1000000000
190 -225509.1000000000
193 -224060.1000000000
194 -222455.1000000000
197 -220408.1000000000
207 -219068.1000000000
210 -217232.1000000000
217 -216099.1000000000
232 -211783.1000000000
239 -211093.1000000000
242 -210896.1000000000
246 -210583.1000000000
253 -209122.1000000000
256 -207493.1000000000
265 -206717.1000000000
266 -206407.1000000000
270 -205733.1000000000
273 -205171.1000000000
283 -203881.1000000000
293 -203063.1000000000
313 -202234.1000000000
315 -201584.1000000000
319 -201054.1000000000
321 -200837.1000000000
328 -199933.1000000000
337 -199525.1000000000
344 -198705.1000000000
361 -198100.1000000000
364 -195344.1000000000
366 -194944.1000000000
388 -194805.1000000000
391 -194435.1000000000
393 -194154.1000000000
402 -193258.1000000000
406 -192311.1000000000
423 -190939.1000000000
436 -190719.1000000000
437 -189959.1000000000
449 -189184.1000000000
477 -187318.1000000000
484 -185474.1000000000
485 -184483.1000000000
507 -184178.1000000000
520 -182676.1000000000
521 -181452.1000000000
523 -179712.1000000000
524 -178486.1000000000
534 -177543.1000000000
543 -177421.1000000000
550 -176785.1000000000
565 -174689.1000000000
566 -173768.1000000000
570 -173296.1000000000
574 -172561.1000000000
582 -171646.1000000000
584 -171428.1000000000
606 -171417.1000000000
627 -170840.1000000000
632 -170353.1000000000
633 -169050.1000000000
634 -167906.1000000000
654 -167656.1000000000
662 -164764.1000000000
668 -164530.1000000000
684 -164308.1000000000
687 -163165.1000000000
705 -162421.1000000000
720 -161776.1000000000
741 -161770.1000000000
747 -161437.1000000000
778 -160951.1000000000
792 25205.6958539955
794 25425.0158638409
819 25986.7095064509
861 26121.7342992592
925 26152.4701677348
1058 26361.9339087277
2395 26367.9054584637
2618 26465.7222913184
4082 26568.5296008782
4596 26604.8858698591
4939 26702.6561745659
5773 26730.7649637825
5931 26831.5029304044
6652 26942.3969776643
6801 27032.1268955380
8353 27032.1291862583
10000 22834.2930101034
evaluations raw_y
1 -276403.1000000000
3 -275767.1000000000
5 -272875.1000000000
7 -272450.1000000000
9 -270651.1000000000
12 -269403.1000000000
22 -265479.1000000000
25 -264911.1000000000
28 -261337.1000000000
29 -258999.1000000000
33 -258951.1000000000
34 -258767.1000000000
35 -258007.1000000000
36 -255251.1000000000
40 -253805.1000000000
42 -253434.1000000000
50 -250851.1000000000
52 -248965.1000000000
55 -246421.1000000000
56 -245627.1000000000
65 -244075.1000000000
70 -243738.1000000000
72 -243456.1000000000
80 -242503.1000000000
83 -242093.1000000000
88 -235852.1000000000
97 -235610.1000000000
104 -235319.1000000000
108 -234952.1000000000
116 -234481.1000000000
117 -234176.1000000000
122 -232484.1000000000
123 -232117.1000000000
125 -231481.1000000000
133 -231233.1000000000
140 -226915.1000000000
157 -225650.1000000000
166 -225170.1000000000
167 -224707.1000000000
168 -223785.1000000000
172 -223721.1000000000
174 -223108.1000000000
178 -222063.1000000000
181 -220843.1000000000
188 -217071.1000000000
193 -214951.1000000000
194 -212059.1000000000
195 -210223.1000000000
197 -209049.1000000000
205 -207677.1000000000
209 -204700.1000000000
229 -203741.1000000000
239 -203255.1000000000
240 -202863.1000000000
242 -202177.1000000000
246 -201203.1000000000
250 -199441.1000000000
258 -198853.1000000000
270 -198539.1000000000
285 -197123.1000000000
296 -197092.1000000000
303 -195714.1000000000
304 -192374.1000000000
306 -190456.1000000000
327 -189714.1000000000
332 -189205.1000000000
334 -188324.1000000000
336 -187352.1000000000
354 -186758.1000000000
356 -184362.1000000000
363 -184268.1000000000
367 -183655.1000000000
369 -182211.1000000000
386 -182007.1000000000
392 -180589.1000000000
393 -180570.1000000000
397 -179847.1000000000
398 -179722.1000000000
399 -179248.1000000000
404 -178424.1000000000
418 -177451.1000000000
419 -176711.1000000000
422 -175523.1000000000
435 -174989.1000000000
447 -174801.1000000000
455 -174338.1000000000
457 -173705.1000000000
482 -173297.1000000000
484 -173235.1000000000
500 -173233.1000000000
508 -172705.1000000000
518 -172391.1000000000
522 -171517.1000000000
531 -169643.1000000000
536 -169533.1000000000
545 -168945.1000000000
551 -168575.1000000000
555 -167841.1000000000
580 -167787.1000000000
618 -166285.1000000000
651 -164627.1000000000
652 -164349.1000000000
659 -161590.1000000000
663 -161072.1000000000
676 -160888.1000000000
683 -160646.1000000000
686 -160398.1000000000
706 25843.6370394519
722 25934.4291166942
723 26083.3900053784
733 26531.0998449138
751 26831.9978727171
772 27043.1999232884
1540 27146.8868592692
1571 27195.9421542587
1845 27201.0666244359
1984 27298.4785770379
4464 27499.2509385067
6019 27593.1418865140
8290 27793.9375944714
8495 27874.0202957313
10000 -161619.1000000000
evaluations raw_y
1 -272451.1000000000
5 -270983.1000000000
7 -270828.1000000000
9 -270461.1000000000
15 -270235.1000000000
18 -269585.1000000000
21 -267699.1000000000
23 -267598.1000000000
24 -265659.1000000000
26 -262970.1000000000
27 -256493.1000000000
33 -255821.1000000000
34 -252944.1000000000
42 -252619.1000000000
47 -252286.1000000000
48 -249553.1000000000
52 -248864.1000000000
59 -247389.1000000000
67 -244937.1000000000
69 -244253.1000000000
74 -242186.1000000000
80 -241519.1000000000
81 -239371.1000000000
88 -238428.1000000000
93 -237948.1000000000
97 -236772.1000000000
102 -236672.1000000000
110 -236185.1000000000
117 -235443.1000000000
118 -233777.1000000000
129 -232166.1000000000
130 -231695.1000000000
144 -231305.1000000000
150 -227989.1000000000
154 -226622.1000000000
155 -226230.1000000000
157 -226151.1000000000
160 -225328.1000000000
161 -224254.1000000000
180 -218936.1000000000
190 -218062.1000000000
196 -216583.1000000000
199 -215764.1000000000
210 -215562.1000000000
228 -214336.1000000000
236 -214054.1000000000
237 -213180.1000000000
240 -212743.1000000000
250 -212051.1000000000
257 -211561.1000000000
259 -208040.1000000000
261 -206794.1000000000
269 -206134.1000000000
273 -205737.1000000000
274 -205469.1000000000
291 -203731.1000000000
303 -203138.1000000000
319 -202981.1000000000
323 -202378.1000000000
337 -201956.1000000000
338 -201513.1000000000
341 -200067.1000000000
343 -197691.1000000000
348 -197615.1000000000
356 -196840.1000000000
365 -195478.1000000000
372 -195447.1000000000
377 -194528.1000000000
386 -192131.1000000000
391 -191450.1000000000
397 -190856.1000000000
399 -190040.1000000000
400 -189636.1000000000
401 -189284.1000000000
409 -188058.1000000000
411 -187372.1000000000
417 -185332.1000000000
435 -183043.1000000000
438 -182252.1000000000
441 -181242.1000000000
452 -180346.1000000000
454 -179352.1000000000
472 -179134.1000000000
478 -178604.1000000000
489 -178482.1000000000
495 -176582.1000000000
499 -175248.1000000000
508 -175192.1000000000
511 -175160.1000000000
519 -174799.1000000000
553 -173866.1000000000
559 -173414.1000000000
561 -170650.1000000000
580 -169678.1000000000
597 -168738.1000000000
609 -168263.1000000000
611 -167509.1000000000
613 -165688.1000000000
615 -165194.1000000000
627 -164106.1000000000
638 -163918.1000000000
642 -163111.1000000000
670 -162287.1000000000
720 -160909.1000000000
741 -160446.1000000000
747 24695.5284830732
770 24808.7112371173
800 24839.1724195389
820 24959.0196606862
825 24978.9707076168
887 25026.3324515966
907 25204.9617039409
984 25349.2423889145
1074 25455.1296757354
1193 25606.1026655389
1240 25917.2985812574
1303 26007.1074986486
1562 26167.4370293091
1759 26355.1074293173
2813 26457.2666017282
3245 26495.1627311339
3333 26550.9573556254
3662 26685.0262575701
5285 26840.4307981698
6139 27139.6488417756
7592 27240.5560570505
9133 27459.7714534693
10000 27175.2725808734
evaluations raw_y
1 -277933.1000000000
2 -277652.1000000000
4 -275882.1000000000
6 -275472.1000000000
9 -275147.1000000000
14 -274013.1000000000
18 -272939.1000000000
19 -268857.1000000000
21 -268391.1000000000
22 -267171.1000000000
23 -266609.1000000000
26 -266217.1000000000
29 -263281.1000000000
31 -259638.1000000000
34 -257083.1000000000
38 -256708.1000000000
39 -255936.1000000000
40 -255748.1000000000
41 -254925.1000000000
43 -254465.1000000000
45 -253865.1000000000
47 -253143.1000000000
48 -252493.1000000000
51 -252442.1000000000
52 -251038.1000000000
56 -250563.1000000000
58 -250192.1000000000
61 -249641.1000000000
62 -246495.1000000000
66 -243696.1000000000
67 -242936.1000000000
68 -242660.1000000000
89 -242323.1000000000
90 -238984.1000000000
96 -235212.1000000000
98 -233912.1000000000
101 -233092.1000000000
104 -232640.1000000000
114 -231966.1000000000
120 -231139.1000000000
129 -226385.1000000000
135 -225985.1000000000
142 -224989.1000000000
150 -224308.1000000000
155 -222674.1000000000
159 -221699.1000000000
165 -221442.1000000000
178 -221341.1000000000
179 -220861.1000000000
180 -220398.1000000000
186 -219426.1000000000
188 -217430.1000000000
189 -216714.1000000000
194 -215488.1000000000
195 -215486.1000000000
206 -215430.1000000000
208 -215038.1000000000
218 -212111.1000000000
221 -211689.1000000000
222 -211003.1000000000
231 -210633.1000000000
233 -210554.1000000000
237 -209941.1000000000
240 -207948.1000000000
243 -207204.1000000000
245 -207061.1000000000
247 -206568.1000000000
253 -206411.1000000000
268 -205039.1000000000
276 -203785.1000000000
286 -203784.1000000000
287 -202992.1000000000
288 -202725.1000000000
294 -200613.1000000000
299 -198913.1000000000
300 -196768.1000000000
305 -195322.1000000000
316 -195082.1000000000
317 -194970.1000000000
328 -194342.1000000000
333 -193846.1000000000
342 -192512.1000000000
344 -192450.1000000000
360 -191837.1000000000
372 -191696.1000000000
378 -191454.1000000000
382 -191002.1000000000
386 -189827.1000000000
388 -189375.1000000000
394 -185460.1000000000
416 -185104.1000000000
417 -184546.1000000000
427 -182679.1000000000
433 -182374.1000000000
435 -181754.1000000000
446 -180884.1000000000
460 -178846.1000000000
462 -177378.1000000000
465 -176457.1000000000
483 -173816.1000000000
531 -172873.1000000000
552 -172773.1000000000
572 -172211.1000000000
576 -171388.1000000000
604 -169982.1000000000
632 -169268.1000000000
646 -168674.1000000000
660 -167737.1000000000
661 -167207.1000000000
666 -166391.1000000000
673 -165803.1000000000
705 -165393.1000000000
708 -163671.1000000000
722 -163082.1000000000
733 -161904.1000000000
751 -160982.1000000000
754 -160420.1000000000
785 22693.4492840530
786 23255.9568045769
805 23727.9231004127
937 24344.7826166785
1242 24741.6242618739
1773 24842.8558206627
1942 24941.4645313354
2085 25015.2536938637
2930 25393.8233741507
3483 25495.5340987045
3698 25496.7157266301
4291 25621.0730672705
5039 25679.0525209333
6487 25701.5079540794
7237 25769.3462983313
9946 25903.6009658808
10000 -160318.1000000000
evaluations raw_y
1 -270742.1000000000
2 -270381.1000000000
3 -269691.1000000000
6 -267805.1000000000
8 -267693.1000000000
13 -263956.1000000000
15 -263665.1000000000
16 -263542.1000000000
21 -263358.1000000000
22 -261850.1000000000
23 -261097.1000000000
33 -259439.1000000000
38 -259102.1000000000
41 -256640.1000000000
43 -255964.1000000000
44 -255297.1000000000
45 -254123.1000000000
46 -253814.1000000000
50 -251896.1000000000
52 -250394.1000000000
54 -247697.1000000000
55 -245803.1000000000
65 -244815.1000000000
72 -241649.1000000000
79 -239298.1000000000
83 -237418.1000000000
96 -235934.1000000000
99 -234921.1000000000
104 -233631.1000000000
105 -233575.1000000000
109 -233373.1000000000
113 -230057.1000000000
116 -228997.1000000000
119 -228897.1000000000
121 -226172.1000000000
125 -224526.1000000000
137 -223717.1000000000
138 -223439.1000000000
146 -223190.1000000000
149 -222545.1000000000
150 -221801.1000000000
161 -219856.1000000000
163 -219346.1000000000
172 -219166.1000000000
182 -218426.1000000000
186 -217658.1000000000
189 -215538.1000000000
190 -211538.1000000000
193 -211507.1000000000
197 -208751.1000000000
204 -208651.1000000000
210 -208174.1000000000
221 -206706.1000000000
232 -205555.1000000000
233 -204053.1000000000
237 -202719.1000000000
251 -200349.1000000000
256 -199175.1000000000
260 -198944.1000000000
262 -198176.1000000000
272 -197232.1000000000
273 -196788.1000000000
279 -196336.1000000000
287 -195561.1000000000
288 -194741.1000000000
298 -194076.1000000000
300 -193824.1000000000
304 -192700.1000000000
313 -192599.1000000000
322 -191627.1000000000
333 -191290.1000000000
379 -191276.1000000000
388 -187832.1000000000
414 -187828.1000000000
433 -187178.1000000000
435 -186362.1000000000
445 -184214.1000000000
460 -183353.1000000000
463 -182663.1000000000
468 -180789.1000000000
469 -180547.1000000000
471 -179835.1000000000
472 -178926.1000000000
498 -178122.1000000000
522 -177650.1000000000
548 -174066.1000000000
571 -173954.1000000000
577 -173948.1000000000
579 -172978.1000000000
607 -172945.1000000000
618 -171998.1000000000
619 -171436.1000000000
641 -170996.1000000000
645 -170516.1000000000
709 -169756.1000000000
716 -169545.1000000000
721 -168859.1000000000
732 -167693.1000000000
753 -165923.1000000000
756 -164528.1000000000
797 -163588.1000000000
800 -162733.1000000000
803 -162325.1000000000
822 -161591.1000000000
833 -160614.1000000000
836 -160015.1000000000
852 -159962.1000000000
864 21043.7246694633
865 21175.2187454514
867 22089.8671286994
876 23088.3753168542
882 23153.1608304820
905 23418.7738113927
939 23466.8477322935
948 24180.8458284504
961 24440.9951332272
964 24660.3880657450
994 24887.5308079053
1007 24949.7598039414
1052 25096.5232338597
1066 25298.7440870818
1324 25414.4700067766
1336 25611.9415124893
1664 25875.0494457138
1907 26021.4226516353
2253 26027.4259091915
2387 26096.5757283006
2492 26212.4874045689
2521 26354.9066589433
2588 26561.8346534307
2599 26859.5597389622
2674 26967.3351184555
2762 27191.1975008337
2810 27446.0377186112
3719 27548.3501474121
4154 27572.6900926812
4647 27675.7601776330
5322 27692.0160636215
7442 27789.7289045952
8157 27794.1732193295
8319 27881.9353033182
8467 27897.7325325370
9036 28016.5058477026
10000 27507.2111253195
evaluations raw_y
1 -281389.1000000000
3 -280926.1000000000
4 -279592.1000000000
8 -278258.1000000000
9 -277483.1000000000
10 -276989.1000000000
17 -276652.1000000000
21 -274808.1000000000
28 -272983.1000000000
39 -271515.1000000000
43 -269710.1000000000
44 -266169.1000000000
49 -261956.1000000000
62 -261367.1000000000
68 -259481.1000000000
69 -258181.1000000000
70 -256597.1000000000
72 -256316.1000000000
73 -255572.1000000000
83 -255226.1000000000
85 -255103.1000000000
92 -253929.1000000000
99 -253727.1000000000
104 -252239.1000000000
108 -248923.1000000000
111 -248237.1000000000
113 -244377.1000000000
116 -243332.1000000000
118 -241814.1000000000
124 -240368.1000000000
133 -237867.1000000000
138 -234327.1000000000
139 -233553.1000000000
140 -233262.1000000000
143 -232438.1000000000
157 -232269.1000000000
158 -231705.1000000000
167 -230221.1000000000
172 -229405.1000000000
175 -229015.1000000000
180 -225970.1000000000
182 -223927.1000000000
183 -223204.1000000000
186 -222867.1000000000
187 -222177.1000000000
190 -220700.1000000000
191 -218580.1000000000
193 -216782.1000000000
202 -216670.1000000000
206 -213871.1000000000
213 -213623.1000000000
217 -213501.1000000000
218 -212554.1000000000
220 -211242.1000000000
226 -210779.1000000000
229 -210750.1000000000
234 -210258.1000000000
251 -206218.1000000000
254 -205936.1000000000
257 -204964.1000000000
258 -203082.1000000000
273 -202623.1000000000
275 -200387.1000000000
278 -198625.1000000000
279 -197721.1000000000
291 -197094.1000000000
298 -195214.1000000000
300 -194598.1000000000
304 -192238.1000000000
319 -192019.1000000000
332 -192017.1000000000
345 -191647.1000000000
350 -190095.1000000000
357 -189355.1000000000
366 -188742.1000000000
367 -188262.1000000000
378 -187248.1000000000
383 -187022.1000000000
391 -186612.1000000000
394 -186204.1000000000
415 -185530.1000000000
420 -182238.1000000000
421 -180484.1000000000
425 -179264.1000000000
426 -178390.1000000000
452 -178107.1000000000
461 -175296.1000000000
484 -174747.1000000000
491 -174111.1000000000
498 -172724.1000000000
503 -172414.1000000000
521 -170540.1000000000
534 -170052.1000000000
564 -169552.1000000000
583 -168784.1000000000
623 -168392.1000000000
629 -167442.1000000000
631 -167202.1000000000
636 -167196.1000000000
649 -166496.1000000000
661 -166490.1000000000
680 -165646.1000000000
681 -165264.1000000000
706 -164084.1000000000
737 -162528.1000000000
749 -161274.1000000000
808 -160465.1000000000
811 26559.5095117480
822 26632.5600043173
844 26794.2857787338
956 26833.0837686225
1005 26999.1062266229
1068 27092.6877847117
1086 27094.2969249414
1166 27233.2083725351
1175 27259.9000658308
1314 27271.7130641688
1407 27320.9966728504
1437 27335.4279989479
1542 27351.2776835198
1548 27425.4711333417
1696 27801.7115552396
2306 27826.2642938980
2450 28070.8465639579
3321 28088.9657020388
3564 28093.5381321500
3629 28178.7234820342
4221 28390.9936702887
5064 28472.9542758234
6229 28810.1206759371
6952 28931.8902810201
8212 29132.7725693349
10000 23621.8018703739
