evaluations raw_y
1 -2058.0000000000
3 -2057.0000000000
4 -2056.0000000000
8 -2055.0000000000
14 -2053.0000000000
22 -2051.0000000000
29 -2050.0000000000
31 -2048.0000000000
32 -2047.0000000000
34 -2045.0000000000
37 -2044.0000000000
39 -2043.0000000000
43 -2042.0000000000
46 -2041.0000000000
50 -2040.0000000000
60 -2038.0000000000
61 -2037.0000000000
83 -2035.0000000000
84 -2034.0000000000
89 -2032.0000000000
97 -2030.0000000000
105 -2029.0000000000
106 -2028.0000000000
109 -2027.0000000000
132 -2026.0000000000
143 -2024.0000000000
148 -2023.0000000000
155 -2022.0000000000
158 -2020.0000000000
165 -2017.0000000000
169 -2015.0000000000
174 -2014.0000000000
177 -2013.0000000000
180 -2012.0000000000
186 -2011.0000000000
193 -2009.0000000000
195 -2008.0000000000
203 -2007.0000000000
215 -2005.0000000000
219 -2004.0000000000
221 -2003.0000000000
224 -2002.0000000000
228 -2001.0000000000
229 -2000.0000000000
231 -1999.0000000000
233 -1998.0000000000
237 -1994.0000000000
238 -1993.0000000000
239 -1992.0000000000
243 -1990.0000000000
247 -1989.0000000000
251 -1987.0000000000
252 -1986.0000000000
255 -1985.0000000000
263 -1984.0000000000
266 -1982.0000000000
270 -1980.0000000000
276 -1978.0000000000
278 -1977.0000000000
279 -1976.0000000000
301 -1975.0000000000
303 -1974.0000000000
305 -1972.0000000000
311 -1971.0000000000
312 -1970.0000000000
316 -1968.0000000000
323 -1967.0000000000
330 -1966.0000000000
332 -1965.0000000000
333 -1964.0000000000
335 -1963.0000000000
350 -1962.0000000000
354 -1961.0000000000
358 -1960.0000000000
359 -1959.0000000000
360 -1958.0000000000
365 -1956.0000000000
375 -1955.0000000000
378 -1954.0000000000
383 -1952.0000000000
387 -1950.0000000000
388 -1949.0000000000
392 -1947.0000000000
400 -1946.0000000000
408 -1945.0000000000
416 -1943.0000000000
418 -1941.0000000000
427 -1940.0000000000
428 -1939.0000000000
431 -1938.0000000000
432 -1937.0000000000
433 -1935.0000000000
434 -1933.0000000000
435 -1932.0000000000
436 -1930.0000000000
443 -1929.0000000000
444 -1928.0000000000
446 -1926.0000000000
449 -1923.0000000000
454 -1921.0000000000
455 -1920.0000000000
458 -1918.0000000000
459 -1917.0000000000
461 -1914.0000000000
465 -1913.0000000000
467 -1910.0000000000
476 -1909.0000000000
485 -1908.0000000000
490 -1907.0000000000
492 -1906.0000000000
494 -1905.0000000000
495 -1903.0000000000
499 -1902.0000000000
505 -1901.0000000000
508 -1900.0000000000
509 -1899.0000000000
514 -1898.0000000000
517 -1896.0000000000
520 -1895.0000000000
523 -1894.0000000000
525 -1893.0000000000
529 -1892.0000000000
530 -1890.0000000000
532 -1889.0000000000
535 -1888.0000000000
555 -1886.0000000000
556 -1885.0000000000
557 -1884.0000000000
559 -1883.0000000000
565 -1882.0000000000
566 -1881.0000000000
567 -1879.0000000000
578 -1878.0000000000
583 -1877.0000000000
589 -1876.0000000000
593 -1875.0000000000
594 -1874.0000000000
595 -1873.0000000000
600 -1872.0000000000
603 -1870.0000000000
607 -1869.0000000000
609 -1868.0000000000
612 -1866.0000000000
616 -1865.0000000000
621 -1864.0000000000
624 -1862.0000000000
625 -1861.0000000000
630 -1860.0000000000
634 -1859.0000000000
635 -1857.0000000000
642 -1856.0000000000
646 -1855.0000000000
651 -1852.0000000000
652 -1851.0000000000
657 -1850.0000000000
663 -1849.0000000000
665 -1848.0000000000
669 -1847.0000000000
673 -1846.0000000000
687 -1845.0000000000
701 -1843.0000000000
705 -1841.0000000000
706 -1839.0000000000
707 -1838.0000000000
715 -1837.0000000000
717 -1836.0000000000
718 -1835.0000000000
719 -1834.0000000000
723 -1832.0000000000
738 -1831.0000000000
741 -1830.0000000000
746 -1829.0000000000
759 -1828.0000000000
760 -1827.0000000000
762 -1826.0000000000
764 -1824.0000000000
765 -1823.0000000000
766 -1822.0000000000
772 -1820.0000000000
773 -1819.0000000000
786 -1818.0000000000
789 -1817.0000000000
792 -1816.0000000000
793 -1815.0000000000
800 -1814.0000000000
808 -1813.0000000000
821 -1812.0000000000
822 -1811.0000000000
830 -1810.0000000000
838 -1809.0000000000
842 -1807.0000000000
850 -1806.0000000000
853 -1805.0000000000
855 -1804.0000000000
856 -1802.0000000000
868 -1801.0000000000
873 -1800.0000000000
875 -1797.0000000000
877 -1796.0000000000
887 -1795.0000000000
893 -1794.0000000000
896 -1793.0000000000
897 -1792.0000000000
901 -1791.0000000000
907 -1790.0000000000
911 -1789.0000000000
915 -1788.0000000000
924 -1786.0000000000
927 -1785.0000000000
929 -1783.0000000000
931 -1781.0000000000
941 -1780.0000000000
945 -1779.0000000000
953 -1777.0000000000
954 -1776.0000000000
956 -1775.0000000000
957 -1774.0000000000
969 -1772.0000000000
974 -1771.0000000000
978 -1769.0000000000
979 -1768.0000000000
986 -1767.0000000000
998 -1766.0000000000
1001 -1763.0000000000
1002 -1761.0000000000
1003 -1760.0000000000
1005 -1758.0000000000
1008 -1757.0000000000
1010 -1755.0000000000
1012 -1754.0000000000
1013 -1753.0000000000
1017 -1752.0000000000
1022 -1751.0000000000
1031 -1750.0000000000
1036 -1749.0000000000
1037 -1747.0000000000
1040 -1746.0000000000
1045 -1745.0000000000
1050 -1744.0000000000
1052 -1743.0000000000
1057 -1741.0000000000
1058 -1740.0000000000
1063 -1739.0000000000
1067 -1738.0000000000
1071 -1737.0000000000
1073 -1736.0000000000
1074 -1735.0000000000
1076 -1734.0000000000
1077 -1732.0000000000
1081 -1730.0000000000
1082 -1729.0000000000
1093 -1728.0000000000
1101 -1727.0000000000
1104 -1726.0000000000
1112 -1725.0000000000
1113 -1724.0000000000
1114 -1723.0000000000
1116 -1722.0000000000
1119 -1720.0000000000
1130 -1719.0000000000
1133 -1718.0000000000
1134 -1717.0000000000
1135 -1716.0000000000
1136 -1715.0000000000
1143 -1714.0000000000
1146 -1713.0000000000
1147 -1712.0000000000
1155 -1710.0000000000
1162 -1709.0000000000
1167 -1708.0000000000
1177 -1706.0000000000
1180 -1705.0000000000
1183 -1704.0000000000
1185 -1703.0000000000
1191 -1702.0000000000
1192 -1701.0000000000
1195 -1700.0000000000
1199 -1699.0000000000
1204 -1698.0000000000
1205 -1696.0000000000
1208 -1694.0000000000
1213 -1693.0000000000
1214 -1692.0000000000
1215 -1691.0000000000
1221 -1690.0000000000
1224 -1689.0000000000
1228 -1688.0000000000
1232 -1685.0000000000
1233 -1684.0000000000
1235 -1683.0000000000
1236 -1682.0000000000
1246 -1681.0000000000
1247 -1678.0000000000
1249 -1677.0000000000
1254 -1676.0000000000
1261 -1675.0000000000
1262 -1674.0000000000
1263 -1673.0000000000
1264 -1672.0000000000
1268 -1671.0000000000
1280 -1670.0000000000
1285 -1669.0000000000
1288 -1668.0000000000
1295 -1667.0000000000
1300 -1666.0000000000
1308 -1665.0000000000
1312 -1662.0000000000
1337 -1661.0000000000
1338 -1660.0000000000
1350 -1659.0000000000
1353 -1658.0000000000
1356 -1657.0000000000
1370 -1656.0000000000
1371 -1655.0000000000
1375 -1654.0000000000
1380 -1653.0000000000
1382 -1651.0000000000
1397 -1650.0000000000
1404 -1649.0000000000
1407 -1647.0000000000
1415 -1645.0000000000
1427 -1643.0000000000
1436 -1642.0000000000
1438 -1641.0000000000
1450 -1640.0000000000
1459 -1639.0000000000
1463 -1638.0000000000
1465 -1637.0000000000
1468 -1636.0000000000
1475 -1635.0000000000
1477 -1633.0000000000
1478 -1632.0000000000
1479 -1631.0000000000
1495 -1630.0000000000
1497 -1629.0000000000
1503 -1628.0000000000
1504 -1627.0000000000
1508 -1624.0000000000
1510 -1623.0000000000
1512 -1622.0000000000
1513 -1621.0000000000
1515 -1620.0000000000
1516 -1619.0000000000
1517 -1618.0000000000
1518 -1617.0000000000
1521 -1616.0000000000
1524 -1615.0000000000
1527 -1614.0000000000
1529 -1613.0000000000
1530 -1612.0000000000
1535 -1611.0000000000
1539 -1610.0000000000
1545 -1609.0000000000
1553 -1608.0000000000
1556 -1607.0000000000
1560 -1606.0000000000
1562 -1605.0000000000
1563 -1603.0000000000
1575 -1602.0000000000
1576 -1600.0000000000
1578 -1599.0000000000
1590 -1597.0000000000
1597 -1596.0000000000
1600 -1595.0000000000
1618 -1594.0000000000
1630 -1593.0000000000
1641 -1592.0000000000
1647 -1591.0000000000
1663 -1590.0000000000
1671 -1589.0000000000
1673 -1588.0000000000
1677 -1587.0000000000
1685 -1586.0000000000
1688 -1585.0000000000
1692 -1583.0000000000
1697 -1582.0000000000
1700 -1581.0000000000
1704 -1580.0000000000
1709 -1579.0000000000
1723 -1578.0000000000
1726 -1577.0000000000
1730 -1576.0000000000
1740 -1575.0000000000
1751 -1574.0000000000
1752 -1573.0000000000
1764 -1572.0000000000
1766 -1571.0000000000
1783 -1570.0000000000
1801 -1569.0000000000
1805 -1568.0000000000
1806 -1566.0000000000
1821 -1565.0000000000
1826 -1564.0000000000
1830 -1563.0000000000
1832 -1562.0000000000
1838 -1561.0000000000
1840 -1560.0000000000
1844 -1558.0000000000
1847 -1557.0000000000
1857 -1555.0000000000
1864 -1554.0000000000
1878 -1552.0000000000
1887 -1551.0000000000
1901 -1550.0000000000
1903 -1549.0000000000
1906 -1546.0000000000
1907 -1544.0000000000
1911 -1543.0000000000
1914 -1542.0000000000
1918 -1541.0000000000
1934 -1540.0000000000
1936 -1539.0000000000
1938 -1538.0000000000
1942 -1537.0000000000
1958 -1536.0000000000
1959 -1535.0000000000
1965 -1534.0000000000
1969 -1533.0000000000
1975 -1531.0000000000
1979 -1530.0000000000
1981 -1529.0000000000
1983 -1528.0000000000
1989 -1526.0000000000
2003 -1525.0000000000
2006 -1524.0000000000
2007 -1523.0000000000
2009 -1521.0000000000
2025 -1520.0000000000
2026 -1519.0000000000
2029 -1518.0000000000
2034 -1517.0000000000
2036 -1515.0000000000
2037 -1514.0000000000
2039 -1513.0000000000
2040 -1512.0000000000
2045 -1511.0000000000
2048 -1510.0000000000
2049 -1509.0000000000
2052 -1508.0000000000
2056 -1507.0000000000
2060 -1506.0000000000
2062 -1505.0000000000
2064 -1504.0000000000
2069 -1503.0000000000
2070 -1502.0000000000
2074 -1501.0000000000
2078 -1500.0000000000
2084 -1499.0000000000
2086 -1498.0000000000
2087 -1497.0000000000
2090 -1496.0000000000
2105 -1495.0000000000
2112 -1493.0000000000
2115 -1492.0000000000
2134 -1491.0000000000
2137 -1490.0000000000
2139 -1489.0000000000
2140 -1488.0000000000
2141 -1487.0000000000
2142 -1486.0000000000
2143 -1485.0000000000
2145 -1484.0000000000
2146 -1483.0000000000
2147 -1480.0000000000
2161 -1479.0000000000
2162 -1478.0000000000
2165 -1477.0000000000
2167 -1476.0000000000
2168 -1475.0000000000
2172 -1474.0000000000
2183 -1473.0000000000
2185 -1472.0000000000
2187 -1471.0000000000
2188 -1470.0000000000
2191 -1469.0000000000
2213 -1468.0000000000
2216 -1467.0000000000
2219 -1466.0000000000
2220 -1465.0000000000
2221 -1464.0000000000
2230 -1463.0000000000
2235 -1462.0000000000
2237 -1461.0000000000
2266 -1460.0000000000
2267 -1459.0000000000
2268 -1458.0000000000
2271 -1457.0000000000
2278 -1456.0000000000
2287 -1455.0000000000
2291 -1453.0000000000
2292 -1452.0000000000
2294 -1451.0000000000
2300 -1450.0000000000
2306 -1449.0000000000
2308 -1448.0000000000
2311 -1447.0000000000
2321 -1446.0000000000
2322 -1444.0000000000
2326 -1443.0000000000
2327 -1440.0000000000
2328 -1439.0000000000
2329 -1438.0000000000
2333 -1437.0000000000
2338 -1436.0000000000
2339 -1435.0000000000
2348 -1433.0000000000
2356 -1432.0000000000
2357 -1431.0000000000
2362 -1430.0000000000
2377 -1429.0000000000
2391 -1428.0000000000
2393 -1426.0000000000
2396 -1425.0000000000
2400 -1424.0000000000
2415 -1423.0000000000
2419 -1422.0000000000
2434 -1421.0000000000
2435 -1420.0000000000
2442 -1419.0000000000
2448 -1417.0000000000
2450 -1415.0000000000
2453 -1414.0000000000
2460 -1413.0000000000
2465 -1410.0000000000
2467 -1409.0000000000
2469 -1408.0000000000
2472 -1407.0000000000
2474 -1406.0000000000
2475 -1405.0000000000
2477 -1404.0000000000
2481 -1403.0000000000
2484 -1401.0000000000
2487 -1400.0000000000
2493 -1398.0000000000
2505 -1397.0000000000
2506 -1396.0000000000
2508 -1394.0000000000
2516 -1393.0000000000
2522 -1392.0000000000
2532 -1391.0000000000
2536 -1390.0000000000
2545 -1389.0000000000
2553 -1388.0000000000
2556 -1387.0000000000
2574 -1386.0000000000
2589 -1385.0000000000
2591 -1383.0000000000
2594 -1381.0000000000
2616 -1380.0000000000
2617 -1378.0000000000
2638 -1377.0000000000
2641 -1376.0000000000
2642 -1375.0000000000
2650 -1374.0000000000
2665 -1373.0000000000
2668 -1372.0000000000
2674 -1371.0000000000
2676 -1370.0000000000
2689 -1369.0000000000
2691 -1368.0000000000
2694 -1366.0000000000
2696 -1365.0000000000
2716 -1364.0000000000
2717 -1362.0000000000
2722 -1360.0000000000
2726 -1359.0000000000
2737 -1358.0000000000
2739 -1357.0000000000
2741 -1356.0000000000
2745 -1355.0000000000
2758 -1354.0000000000
2760 -1353.0000000000
2765 -1352.0000000000
2768 -1351.0000000000
2769 -1350.0000000000
2776 -1348.0000000000
2779 -1346.0000000000
2780 -1344.0000000000
2787 -1343.0000000000
2790 -1342.0000000000
2793 -1341.0000000000
2815 -1340.0000000000
2816 -1339.0000000000
2817 -1338.0000000000
2818 -1337.0000000000
2823 -1336.0000000000
2825 -1335.0000000000
2841 -1334.0000000000
2846 -1333.0000000000
2851 -1332.0000000000
2853 -1331.0000000000
2856 -1330.0000000000
2867 -1329.0000000000
2877 -1328.0000000000
2878 -1327.0000000000
2890 -1326.0000000000
2896 -1325.0000000000
2897 -1324.0000000000
2906 -1321.0000000000
2911 -1320.0000000000
2930 -1319.0000000000
2956 -1318.0000000000
2957 -1317.0000000000
2961 -1315.0000000000
2970 -1314.0000000000
2971 -1313.0000000000
2973 -1312.0000000000
2980 -1311.0000000000
2982 -1310.0000000000
2987 -1309.0000000000
2999 -1308.0000000000
3001 -1307.0000000000
3003 -1305.0000000000
3010 -1304.0000000000
3016 -1301.0000000000
3028 -1299.0000000000
3038 -1298.0000000000
3040 -1296.0000000000
3043 -1295.0000000000
3046 -1294.0000000000
3060 -1293.0000000000
3065 -1292.0000000000
3072 -1291.0000000000
3083 -1290.0000000000
3087 -1289.0000000000
3101 -1288.0000000000
3105 -1287.0000000000
3139 -1286.0000000000
3143 -1285.0000000000
3146 -1284.0000000000
3159 -1283.0000000000
3160 -1282.0000000000
3176 -1281.0000000000
3186 -1280.0000000000
3188 -1278.0000000000
3191 -1276.0000000000
3205 -1275.0000000000
3212 -1274.0000000000
3217 -1273.0000000000
3231 -1271.0000000000
3236 -1269.0000000000
3243 -1268.0000000000
3244 -1266.0000000000
3247 -1265.0000000000
3250 -1264.0000000000
3267 -1263.0000000000
3270 -1262.0000000000
3278 -1261.0000000000
3284 -1260.0000000000
3296 -1259.0000000000
3302 -1258.0000000000
3305 -1255.0000000000
3309 -1253.0000000000
3317 -1252.0000000000
3333 -1250.0000000000
3361 -1248.0000000000
3362 -1247.0000000000
3367 -1246.0000000000
3370 -1245.0000000000
3375 -1243.0000000000
3377 -1242.0000000000
3378 -1241.0000000000
3396 -1240.0000000000
3418 -1239.0000000000
3441 -1238.0000000000
3446 -1237.0000000000
3447 -1236.0000000000
3451 -1234.0000000000
3454 -1232.0000000000
3455 -1231.0000000000
3463 -1230.0000000000
3492 -1229.0000000000
3501 -1228.0000000000
3514 -1227.0000000000
3516 -1226.0000000000
3520 -1225.0000000000
3524 -1223.0000000000
3528 -1221.0000000000
3529 -1220.0000000000
3531 -1218.0000000000
3534 -1217.0000000000
3553 -1215.0000000000
3555 -1213.0000000000
3556 -1212.0000000000
3559 -1211.0000000000
3584 -1210.0000000000
3585 -1209.0000000000
3588 -1208.0000000000
3594 -1207.0000000000
3601 -1205.0000000000
3604 -1204.0000000000
3613 -1203.0000000000
3618 -1202.0000000000
3619 -1201.0000000000
3620 -1200.0000000000
3622 -1199.0000000000
3623 -1198.0000000000
3635 -1197.0000000000
3641 -1196.0000000000
3648 -1195.0000000000
3664 -1194.0000000000
3686 -1192.0000000000
3691 -1191.0000000000
3704 -1190.0000000000
3716 -1189.0000000000
3719 -1188.0000000000
3720 -1187.0000000000
3730 -1186.0000000000
3737 -1185.0000000000
3738 -1184.0000000000
3740 -1183.0000000000
3766 -1182.0000000000
3767 -1181.0000000000
3769 -1180.0000000000
3781 -1178.0000000000
3803 -1177.0000000000
3808 -1176.0000000000
3813 -1174.0000000000
3824 -1172.0000000000
3834 -1171.0000000000
3838 -1170.0000000000
3842 -1169.0000000000
3846 -1168.0000000000
3860 -1167.0000000000
3862 -1166.0000000000
3874 -1165.0000000000
3879 -1164.0000000000
3881 -1163.0000000000
3894 -1161.0000000000
3904 -1160.0000000000
3907 -1159.0000000000
3909 -1158.0000000000
3918 -1157.0000000000
3920 -1156.0000000000
3923 -1155.0000000000
3927 -1154.0000000000
3929 -1153.0000000000
3932 -1152.0000000000
3938 -1149.0000000000
3939 -1148.0000000000
3941 -1147.0000000000
3968 -1146.0000000000
3970 -1145.0000000000
3990 -1144.0000000000
3992 -1143.0000000000
3994 -1141.0000000000
3999 -1140.0000000000
4008 -1139.0000000000
4022 -1138.0000000000
4023 -1137.0000000000
4028 -1136.0000000000
4050 -1134.0000000000
4055 -1133.0000000000
4061 -1132.0000000000
4065 -1131.0000000000
4074 -1130.0000000000
4077 -1129.0000000000
4078 -1128.0000000000
4088 -1127.0000000000
4091 -1126.0000000000
4100 -1125.0000000000
4113 -1123.0000000000
4125 -1122.0000000000
4129 -1121.0000000000
4132 -1120.0000000000
4133 -1119.0000000000
4134 -1118.0000000000
4135 -1117.0000000000
4137 -1116.0000000000
4151 -1115.0000000000
4164 -1114.0000000000
4189 -1112.0000000000
4196 -1110.0000000000
4261 -1109.0000000000
4264 -1108.0000000000
4283 -1107.0000000000
4287 -1106.0000000000
4288 -1104.0000000000
4297 -1103.0000000000
4302 -1102.0000000000
4320 -1101.0000000000
4327 -1100.0000000000
4332 -1099.0000000000
4334 -1097.0000000000
4346 -1096.0000000000
4360 -1095.0000000000
4365 -1094.0000000000
4369 -1093.0000000000
4392 -1092.0000000000
4411 -1091.0000000000
4412 -1090.0000000000
4416 -1089.0000000000
4421 -1088.0000000000
4423 -1087.0000000000
4435 -1086.0000000000
4443 -1085.0000000000
4448 -1083.0000000000
4452 -1082.0000000000
4467 -1081.0000000000
4469 -1080.0000000000
4471 -1078.0000000000
4480 -1077.0000000000
4491 -1076.0000000000
4510 -1075.0000000000
4530 -1074.0000000000
4536 -1073.0000000000
4557 -1072.0000000000
4567 -1071.0000000000
4585 -1070.0000000000
4586 -1068.0000000000
4596 -1067.0000000000
4598 -1066.0000000000
4619 -1065.0000000000
4621 -1064.0000000000
4623 -1063.0000000000
4632 -1062.0000000000
4635 -1061.0000000000
4636 -1060.0000000000
4641 -1059.0000000000
4657 -1057.0000000000
4664 -1056.0000000000
4667 -1055.0000000000
4680 -1054.0000000000
4687 -1052.0000000000
4689 -1051.0000000000
4690 -1050.0000000000
4696 -1049.0000000000
4703 -1048.0000000000
4706 -1047.0000000000
4716 -1045.0000000000
4721 -1044.0000000000
4738 -1043.0000000000
4767 -1042.0000000000
4768 -1041.0000000000
4770 -1040.0000000000
4774 -1039.0000000000
4778 -1037.0000000000
4782 -1034.0000000000
4793 -1032.0000000000
4796 -1031.0000000000
4799 -1030.0000000000
4808 -1029.0000000000
4818 -1028.0000000000
4829 -1026.0000000000
4832 -1025.0000000000
4842 -1024.0000000000
4843 -1022.0000000000
4847 -1021.0000000000
4852 -1019.0000000000
4854 -1018.0000000000
4861 -1017.0000000000
4869 -1016.0000000000
4873 -1015.0000000000
4886 -1014.0000000000
4889 -1013.0000000000
4902 -1012.0000000000
4903 -1011.0000000000
4924 -1010.0000000000
4925 -1009.0000000000
4934 -1008.0000000000
4937 -1007.0000000000
4948 -1005.0000000000
4949 -1004.0000000000
4972 -1003.0000000000
4991 -1001.0000000000
5015 -999.0000000000
5034 -998.0000000000
5037 -997.0000000000
5042 -995.0000000000
5044 -994.0000000000
5048 -993.0000000000
5068 -992.0000000000
5069 -991.0000000000
5073 -990.0000000000
5077 -989.0000000000
5079 -988.0000000000
5088 -987.0000000000
5132 -986.0000000000
5139 -985.0000000000
5171 -984.0000000000
5174 -983.0000000000
5176 -982.0000000000
5186 -981.0000000000
5188 -980.0000000000
5189 -979.0000000000
5190 -978.0000000000
5198 -977.0000000000
5212 -976.0000000000
5213 -975.0000000000
5215 -974.0000000000
5222 -973.0000000000
5230 -972.0000000000
5256 -971.0000000000
5258 -969.0000000000
5263 -968.0000000000
5264 -967.0000000000
5268 -966.0000000000
5280 -965.0000000000
5282 -964.0000000000
5330 -963.0000000000
5337 -962.0000000000
5345 -961.0000000000
5348 -960.0000000000
5363 -959.0000000000
5372 -958.0000000000
5379 -957.0000000000
5388 -956.0000000000
5390 -955.0000000000
5393 -954.0000000000
5421 -953.0000000000
5426 -952.0000000000
5429 -951.0000000000
5431 -950.0000000000
5468 -948.0000000000
5473 -947.0000000000
5475 -945.0000000000
5487 -944.0000000000
5499 -943.0000000000
5511 -942.0000000000
5516 -941.0000000000
5517 -940.0000000000
5524 -939.0000000000
5538 -938.0000000000
5543 -937.0000000000
5554 -936.0000000000
5568 -935.0000000000
5571 -934.0000000000
5585 -933.0000000000
5593 -932.0000000000
5598 -930.0000000000
5600 -929.0000000000
5613 -928.0000000000
5643 -927.0000000000
5653 -926.0000000000
5667 -925.0000000000
5674 -924.0000000000
5679 -923.0000000000
5683 -922.0000000000
5692 -921.0000000000
5723 -920.0000000000
5727 -918.0000000000
5734 -917.0000000000
5735 -916.0000000000
5738 -915.0000000000
5761 -914.0000000000
5762 -913.0000000000
5770 -912.0000000000
5782 -911.0000000000
5784 -910.0000000000
5800 -909.0000000000
5802 -908.0000000000
5830 -907.0000000000
5832 -906.0000000000
5842 -905.0000000000
5862 -904.0000000000
5866 -903.0000000000
5869 -902.0000000000
5871 -901.0000000000
5872 -900.0000000000
5886 -899.0000000000
5888 -898.0000000000
5891 -897.0000000000
5917 -896.0000000000
5920 -895.0000000000
5926 -893.0000000000
5937 -892.0000000000
5950 -891.0000000000
5967 -889.0000000000
5968 -888.0000000000
5972 -887.0000000000
5973 -886.0000000000
6005 -885.0000000000
6006 -884.0000000000
6014 -883.0000000000
6032 -882.0000000000
6059 -881.0000000000
6065 -880.0000000000
6066 -879.0000000000
6083 -878.0000000000
6089 -877.0000000000
6093 -876.0000000000
6094 -875.0000000000
6099 -874.0000000000
6110 -873.0000000000
6111 -872.0000000000
6131 -871.0000000000
6150 -870.0000000000
6156 -869.0000000000
6160 -868.0000000000
6169 -866.0000000000
6186 -865.0000000000
6190 -864.0000000000
6203 -863.0000000000
6210 -862.0000000000
6215 -861.0000000000
6219 -859.0000000000
6222 -858.0000000000
6233 -857.0000000000
6241 -856.0000000000
6252 -855.0000000000
6262 -853.0000000000
6267 -852.0000000000
6269 -851.0000000000
6270 -849.0000000000
6277 -848.0000000000
6278 -847.0000000000
6281 -846.0000000000
6290 -845.0000000000
6308 -843.0000000000
6318 -842.0000000000
6320 -841.0000000000
6325 -840.0000000000
6329 -839.0000000000
6335 -838.0000000000
6344 -837.0000000000
6349 -836.0000000000
6361 -835.0000000000
6362 -834.0000000000
6369 -833.0000000000
6373 -832.0000000000
6399 -831.0000000000
6418 -830.0000000000
6423 -829.0000000000
6426 -828.0000000000
6473 -827.0000000000
6484 -826.0000000000
6501 -825.0000000000
6508 -824.0000000000
6518 -823.0000000000
6523 -822.0000000000
6524 -821.0000000000
6526 -820.0000000000
6535 -819.0000000000
6543 -818.0000000000
6563 -816.0000000000
6578 -815.0000000000
6618 -814.0000000000
6623 -813.0000000000
6654 -812.0000000000
6657 -810.0000000000
6687 -809.0000000000
6690 -808.0000000000
6695 -807.0000000000
6698 -806.0000000000
6701 -805.0000000000
6705 -803.0000000000
6715 -802.0000000000
6722 -801.0000000000
6741 -800.0000000000
6778 -799.0000000000
6786 -797.0000000000
6789 -796.0000000000
6798 -795.0000000000
6814 -794.0000000000
6827 -793.0000000000
6833 -792.0000000000
6854 -791.0000000000
6872 -790.0000000000
6883 -789.0000000000
6932 -788.0000000000
6946 -787.0000000000
6965 -786.0000000000
6968 -785.0000000000
6986 -784.0000000000
6987 -783.0000000000
7003 -782.0000000000
7031 -781.0000000000
7053 -780.0000000000
7055 -779.0000000000
7063 -778.0000000000
7080 -776.0000000000
7081 -775.0000000000
7110 -774.0000000000
7120 -773.0000000000
7122 -772.0000000000
7135 -771.0000000000
7141 -769.0000000000
7152 -768.0000000000
7156 -767.0000000000
7157 -766.0000000000
7163 -765.0000000000
7184 -764.0000000000
7200 -763.0000000000
7202 -761.0000000000
7216 -760.0000000000
7221 -759.0000000000
7224 -758.0000000000
7231 -756.0000000000
7233 -755.0000000000
7246 -754.0000000000
7256 -752.0000000000
7262 -751.0000000000
7269 -748.0000000000
7271 -747.0000000000
7291 -746.0000000000
7303 -745.0000000000
7306 -744.0000000000
7320 -742.0000000000
7347 -740.0000000000
7363 -739.0000000000
7366 -738.0000000000
7396 -737.0000000000
7411 -736.0000000000
7412 -735.0000000000
7413 -734.0000000000
7432 -733.0000000000
7440 -732.0000000000
7449 -731.0000000000
7457 -730.0000000000
7465 -729.0000000000
7467 -728.0000000000
7482 -727.0000000000
7483 -726.0000000000
7484 -725.0000000000
7487 -724.0000000000
7492 -723.0000000000
7499 -722.0000000000
7525 -721.0000000000
7526 -720.0000000000
7539 -719.0000000000
7544 -718.0000000000
7558 -717.0000000000
7565 -716.0000000000
7578 -715.0000000000
7586 -714.0000000000
7592 -713.0000000000
7626 -712.0000000000
7655 -711.0000000000
7658 -708.0000000000
7671 -707.0000000000
7673 -706.0000000000
7678 -705.0000000000
7692 -704.0000000000
7699 -703.0000000000
7706 -701.0000000000
7737 -699.0000000000
7763 -698.0000000000
7766 -697.0000000000
7767 -695.0000000000
7798 -694.0000000000
7835 -693.0000000000
7850 -692.0000000000
7862 -691.0000000000
7864 -690.0000000000
7880 -689.0000000000
7888 -688.0000000000
7912 -687.0000000000
7917 -686.0000000000
7921 -685.0000000000
7935 -684.0000000000
7937 -683.0000000000
7943 -682.0000000000
7965 -681.0000000000
7977 -680.0000000000
7979 -679.0000000000
7983 -678.0000000000
8043 -677.0000000000
8059 -676.0000000000
8069 -675.0000000000
8070 -674.0000000000
8071 -673.0000000000
8073 -672.0000000000
8080 -670.0000000000
8086 -669.0000000000
8097 -668.0000000000
8111 -667.0000000000
8112 -666.0000000000
8123 -664.0000000000
8146 -663.0000000000
8153 -662.0000000000
8159 -661.0000000000
8172 -660.0000000000
8174 -659.0000000000
8193 -658.0000000000
8201 -657.0000000000
8212 -655.0000000000
8238 -654.0000000000
8263 -653.0000000000
8273 -651.0000000000
8284 -650.0000000000
8294 -649.0000000000
8312 -648.0000000000
8328 -647.0000000000
8339 -646.0000000000
8348 -645.0000000000
8350 -644.0000000000
8353 -643.0000000000
8375 -642.0000000000
8389 -641.0000000000
8408 -640.0000000000
8425 -639.0000000000
8431 -638.0000000000
8439 -637.0000000000
8451 -636.0000000000
8469 -634.0000000000
8486 -633.0000000000
8494 -632.0000000000
8506 -631.0000000000
8507 -630.0000000000
8547 -629.0000000000
8553 -628.0000000000
8566 -627.0000000000
8571 -626.0000000000
8581 -625.0000000000
8587 -624.0000000000
8598 -623.0000000000
8613 -622.0000000000
8633 -621.0000000000
8659 -620.0000000000
8682 -619.0000000000
8684 -618.0000000000
8685 -617.0000000000
8688 -616.0000000000
8697 -615.0000000000
8708 -614.0000000000
8712 -613.0000000000
8716 -612.0000000000
8725 -611.0000000000
8751 -610.0000000000
8793 -609.0000000000
8799 -608.0000000000
8802 -607.0000000000
8837 -606.0000000000
8843 -605.0000000000
8898 -604.0000000000
8998 -603.0000000000
9020 -602.0000000000
9034 -601.0000000000
9041 -600.0000000000
9045 -599.0000000000
9074 -598.0000000000
9078 -596.0000000000
9083 -595.0000000000
9090 -594.0000000000
9096 -593.0000000000
9106 -592.0000000000
9119 -590.0000000000
9124 -589.0000000000
9163 -588.0000000000
9164 -587.0000000000
9204 -586.0000000000
9216 -585.0000000000
9229 -584.0000000000
9235 -583.0000000000
9239 -582.0000000000
9242 -581.0000000000
9245 -580.0000000000
9286 -579.0000000000
9288 -578.0000000000
9345 -577.0000000000
9352 -576.0000000000
9380 -575.0000000000
9381 -574.0000000000
9394 -573.0000000000
9419 -572.0000000000
9420 -571.0000000000
9508 -570.0000000000
9536 -569.0000000000
9538 -568.0000000000
9553 -567.0000000000
9556 -566.0000000000
9568 -565.0000000000
9576 -564.0000000000
9586 -562.0000000000
9591 -561.0000000000
9618 -560.0000000000
9619 -559.0000000000
9621 -558.0000000000
9625 -557.0000000000
9661 -556.0000000000
9666 -555.0000000000
9668 -554.0000000000
9685 -553.0000000000
9711 -552.0000000000
9740 -551.0000000000
9744 -550.0000000000
9747 -549.0000000000
9748 -548.0000000000
9765 -547.0000000000
9800 -546.0000000000
9801 -545.0000000000
9815 -544.0000000000
9826 -543.0000000000
9843 -541.0000000000
9845 -539.0000000000
9850 -538.0000000000
9856 -537.0000000000
9860 -535.0000000000
9863 -534.0000000000
9886 -533.0000000000
9902 -532.0000000000
9946 -531.0000000000
9962 -530.0000000000
9973 -529.0000000000
9984 -528.0000000000
10000 -529.0000000000
