evaluations raw_y
1 -1964.0000000000
13 -1946.0000000000
25 -1940.0000000000
46 -1936.0000000000
57 -1914.0000000000
61 -1860.0000000000
102 -1858.0000000000
122 -1853.0000000000
127 -1850.0000000000
135 -1847.0000000000
141 -1835.0000000000
150 -1832.0000000000
167 -1830.0000000000
171 -1825.0000000000
189 -1823.0000000000
196 -1816.0000000000
218 -1811.0000000000
222 -1801.0000000000
234 -1800.0000000000
258 -1793.0000000000
264 -1787.0000000000
287 -1786.0000000000
291 -1775.0000000000
317 -1773.0000000000
326 -1771.0000000000
339 -1770.0000000000
340 -1762.0000000000
344 -1761.0000000000
348 -1760.0000000000
365 -1759.0000000000
383 -1748.0000000000
416 -1745.0000000000
423 -1743.0000000000
439 -1738.0000000000
460 -1736.0000000000
464 -1732.0000000000
481 -1730.0000000000
504 -1729.0000000000
508 -1728.0000000000
512 -1727.0000000000
521 -1726.0000000000
523 -1725.0000000000
548 -1723.0000000000
570 -1719.0000000000
584 -1717.0000000000
585 -1716.0000000000
611 -1713.0000000000
624 -1710.0000000000
647 -1708.0000000000
665 -1704.0000000000
690 -1699.0000000000
725 -1698.0000000000
737 -1697.0000000000
738 -1694.0000000000
753 -1692.0000000000
786 -1691.0000000000
803 -1690.0000000000
805 -1689.0000000000
812 -1687.0000000000
841 -1686.0000000000
847 -1683.0000000000
860 -1682.0000000000
883 -1679.0000000000
915 -1675.0000000000
922 -1674.0000000000
932 -1672.0000000000
971 -1671.0000000000
990 -1670.0000000000
1004 -1669.0000000000
1005 -1668.0000000000
1024 -1665.0000000000
1066 -1664.0000000000
1084 -1663.0000000000
1093 -1662.0000000000
1108 -1661.0000000000
1122 -1660.0000000000
1124 -1659.0000000000
1139 -1658.0000000000
1151 -1655.0000000000
1170 -1654.0000000000
1180 -1653.0000000000
1206 -1649.0000000000
1223 -1648.0000000000
1245 -1647.0000000000
1257 -1646.0000000000
1289 -1645.0000000000
1300 -1644.0000000000
1308 -1643.0000000000
1322 -1642.0000000000
1343 -1641.0000000000
1362 -1640.0000000000
1388 -1638.0000000000
1395 -1637.0000000000
1414 -1635.0000000000
1428 -1634.0000000000
1447 -1633.0000000000
1476 -1632.0000000000
1489 -1631.0000000000
1505 -1630.0000000000
1524 -1629.0000000000
1530 -1627.0000000000
1564 -1626.0000000000
1576 -1624.0000000000
1584 -1622.0000000000
1627 -1621.0000000000
1643 -1620.0000000000
1662 -1619.0000000000
1669 -1618.0000000000
1683 -1617.0000000000
1690 -1614.0000000000
1704 -1613.0000000000
1722 -1612.0000000000
1727 -1611.0000000000
1746 -1608.0000000000
1773 -1607.0000000000
1782 -1606.0000000000
1795 -1605.0000000000
1819 -1603.0000000000
1841 -1602.0000000000
1842 -1601.0000000000
1868 -1600.0000000000
1875 -1599.0000000000
1892 -1597.0000000000
1901 -1593.0000000000
1927 -1592.0000000000
1956 -1591.0000000000
1968 -1590.0000000000
1980 -1589.0000000000
2003 -1586.0000000000
2017 -1585.0000000000
2033 -1584.0000000000
2041 -1583.0000000000
2082 -1581.0000000000
2088 -1579.0000000000
2104 -1578.0000000000
2128 -1576.0000000000
2143 -1575.0000000000
2165 -1574.0000000000
2186 -1572.0000000000
2208 -1571.0000000000
2234 -1567.0000000000
2265 -1566.0000000000
2278 -1565.0000000000
2288 -1562.0000000000
2335 -1560.0000000000
2346 -1557.0000000000
2375 -1556.0000000000
2381 -1555.0000000000
2387 -1554.0000000000
2403 -1553.0000000000
2423 -1552.0000000000
2441 -1549.0000000000
2461 -1548.0000000000
2486 -1546.0000000000
2519 -1545.0000000000
2522 -1544.0000000000
2533 -1542.0000000000
2550 -1538.0000000000
2580 -1537.0000000000
2605 -1536.0000000000
2617 -1535.0000000000
2624 -1534.0000000000
2647 -1533.0000000000
2666 -1532.0000000000
2676 -1531.0000000000
2701 -1530.0000000000
2721 -1529.0000000000
2735 -1528.0000000000
2753 -1527.0000000000
2762 -1525.0000000000
2799 -1524.0000000000
2800 -1523.0000000000
2820 -1522.0000000000
2842 -1521.0000000000
2861 -1519.0000000000
2894 -1518.0000000000
2899 -1517.0000000000
2910 -1516.0000000000
2949 -1514.0000000000
2978 -1513.0000000000
2984 -1512.0000000000
2989 -1511.0000000000
3000 -1510.0000000000
3004 -1509.0000000000
3021 -1508.0000000000
3033 -1507.0000000000
3042 -1504.0000000000
3055 -1502.0000000000
3092 -1501.0000000000
3101 -1499.0000000000
3125 -1498.0000000000
3126 -1497.0000000000
3142 -1495.0000000000
3162 -1492.0000000000
3197 -1491.0000000000
3201 -1490.0000000000
3217 -1488.0000000000
3221 -1485.0000000000
3242 -1484.0000000000
3266 -1483.0000000000
3276 -1481.0000000000
3284 -1480.0000000000
3294 -1479.0000000000
3306 -1476.0000000000
3324 -1474.0000000000
3353 -1473.0000000000
3366 -1470.0000000000
3411 -1467.0000000000
3415 -1466.0000000000
3450 -1465.0000000000
3451 -1463.0000000000
3462 -1462.0000000000
3500 -1461.0000000000
3511 -1460.0000000000
3524 -1459.0000000000
3545 -1458.0000000000
3547 -1457.0000000000
3561 -1456.0000000000
3582 -1455.0000000000
3602 -1454.0000000000
3622 -1452.0000000000
3650 -1450.0000000000
3664 -1449.0000000000
3685 -1448.0000000000
3706 -1447.0000000000
3709 -1446.0000000000
3729 -1445.0000000000
3748 -1443.0000000000
3764 -1441.0000000000
3793 -1440.0000000000
3810 -1439.0000000000
3820 -1437.0000000000
3862 -1435.0000000000
3875 -1433.0000000000
3922 -1432.0000000000
3951 -1430.0000000000
3960 -1429.0000000000
3988 -1428.0000000000
3989 -1427.0000000000
4005 -1425.0000000000
4035 -1424.0000000000
4041 -1422.0000000000
4045 -1420.0000000000
4065 -1418.0000000000
4105 -1416.0000000000
4122 -1415.0000000000
4149 -1414.0000000000
4167 -1412.0000000000
4203 -1409.0000000000
4236 -1408.0000000000
4248 -1406.0000000000
4262 -1403.0000000000
4282 -1402.0000000000
4291 -1401.0000000000
4301 -1400.0000000000
4321 -1399.0000000000
4327 -1398.0000000000
4343 -1394.0000000000
4374 -1393.0000000000
4385 -1392.0000000000
4402 -1391.0000000000
4414 -1390.0000000000
4421 -1389.0000000000
4445 -1387.0000000000
4468 -1386.0000000000
4478 -1384.0000000000
4484 -1381.0000000000
4510 -1379.0000000000
4534 -1378.0000000000
4541 -1377.0000000000
4580 -1376.0000000000
4581 -1375.0000000000
4589 -1374.0000000000
4601 -1371.0000000000
4616 -1370.0000000000
4624 -1368.0000000000
4677 -1367.0000000000
4690 -1366.0000000000
4702 -1364.0000000000
4711 -1363.0000000000
4730 -1360.0000000000
4770 -1359.0000000000
4810 -1357.0000000000
4836 -1356.0000000000
4849 -1354.0000000000
4863 -1353.0000000000
4901 -1352.0000000000
4907 -1350.0000000000
4923 -1348.0000000000
4942 -1347.0000000000
4968 -1345.0000000000
4983 -1344.0000000000
5016 -1343.0000000000
5032 -1342.0000000000
5038 -1340.0000000000
5072 -1339.0000000000
5104 -1335.0000000000
5161 -1333.0000000000
5170 -1332.0000000000
5182 -1330.0000000000
5220 -1328.0000000000
5242 -1326.0000000000
5271 -1325.0000000000
5291 -1324.0000000000
5305 -1323.0000000000
5325 -1322.0000000000
5338 -1321.0000000000
5350 -1319.0000000000
5370 -1317.0000000000
5399 -1316.0000000000
5403 -1315.0000000000
5428 -1313.0000000000
5451 -1312.0000000000
5464 -1310.0000000000
5467 -1308.0000000000
5484 -1307.0000000000
5509 -1306.0000000000
5521 -1304.0000000000
5566 -1302.0000000000
5585 -1299.0000000000
5616 -1298.0000000000
5624 -1296.0000000000
5647 -1294.0000000000
5690 -1293.0000000000
5704 -1292.0000000000
5718 -1291.0000000000
5727 -1290.0000000000
5742 -1289.0000000000
5744 -1288.0000000000
5774 -1287.0000000000
5781 -1285.0000000000
5818 -1284.0000000000
5824 -1283.0000000000
5843 -1280.0000000000
5867 -1278.0000000000
5902 -1277.0000000000
5927 -1274.0000000000
5943 -1273.0000000000
5950 -1272.0000000000
5971 -1271.0000000000
5981 -1270.0000000000
5988 -1268.0000000000
6017 -1267.0000000000
6024 -1266.0000000000
6060 -1265.0000000000
6072 -1263.0000000000
6104 -1262.0000000000
6105 -1261.0000000000
6121 -1260.0000000000
6124 -1259.0000000000
6131 -1258.0000000000
6141 -1257.0000000000
6163 -1256.0000000000
6182 -1255.0000000000
6183 -1253.0000000000
6193 -1252.0000000000
6203 -1251.0000000000
6228 -1248.0000000000
6257 -1246.0000000000
6283 -1245.0000000000
6285 -1244.0000000000
6305 -1243.0000000000
6308 -1241.0000000000
6331 -1240.0000000000
6344 -1238.0000000000
6381 -1237.0000000000
6384 -1236.0000000000
6401 -1235.0000000000
6409 -1234.0000000000
6427 -1233.0000000000
6433 -1232.0000000000
6442 -1231.0000000000
6460 -1230.0000000000
6463 -1229.0000000000
6482 -1228.0000000000
6521 -1226.0000000000
6549 -1222.0000000000
6572 -1221.0000000000
6601 -1220.0000000000
6641 -1218.0000000000
6648 -1215.0000000000
6676 -1214.0000000000
6684 -1213.0000000000
6687 -1211.0000000000
6728 -1210.0000000000
6742 -1209.0000000000
6744 -1206.0000000000
6789 -1205.0000000000
6791 -1204.0000000000
6820 -1202.0000000000
6826 -1200.0000000000
6845 -1199.0000000000
6850 -1198.0000000000
6870 -1196.0000000000
6897 -1193.0000000000
6941 -1192.0000000000
6945 -1191.0000000000
6967 -1190.0000000000
6984 -1189.0000000000
7002 -1186.0000000000
7043 -1185.0000000000
7078 -1184.0000000000
7095 -1183.0000000000
7102 -1182.0000000000
7112 -1181.0000000000
7127 -1180.0000000000
7129 -1179.0000000000
7160 -1174.0000000000
7187 -1173.0000000000
7202 -1172.0000000000
7241 -1171.0000000000
7254 -1170.0000000000
7283 -1169.0000000000
7287 -1168.0000000000
7303 -1167.0000000000
7311 -1166.0000000000
7339 -1164.0000000000
7345 -1161.0000000000
7385 -1160.0000000000
7423 -1159.0000000000
7425 -1158.0000000000
7459 -1157.0000000000
7484 -1156.0000000000
7505 -1155.0000000000
7528 -1153.0000000000
7567 -1151.0000000000
7594 -1149.0000000000
7634 -1148.0000000000
7665 -1147.0000000000
7677 -1146.0000000000
7689 -1145.0000000000
7722 -1144.0000000000
7737 -1143.0000000000
7743 -1142.0000000000
7745 -1141.0000000000
7786 -1139.0000000000
7805 -1138.0000000000
7835 -1137.0000000000
7842 -1136.0000000000
7850 -1133.0000000000
7899 -1131.0000000000
7922 -1129.0000000000
7963 -1128.0000000000
7973 -1127.0000000000
7991 -1126.0000000000
8013 -1125.0000000000
8014 -1124.0000000000
8024 -1121.0000000000
8077 -1117.0000000000
8098 -1116.0000000000
8137 -1113.0000000000
8148 -1111.0000000000
8170 -1110.0000000000
8184 -1109.0000000000
8187 -1108.0000000000
8224 -1107.0000000000
8265 -1106.0000000000
8276 -1105.0000000000
8303 -1103.0000000000
8347 -1102.0000000000
8363 -1101.0000000000
8364 -1099.0000000000
8382 -1098.0000000000
8403 -1097.0000000000
8449 -1095.0000000000
8451 -1094.0000000000
8463 -1092.0000000000
8513 -1091.0000000000
8515 -1090.0000000000
8521 -1089.0000000000
8561 -1088.0000000000
8582 -1087.0000000000
8600 -1086.0000000000
8622 -1084.0000000000
8667 -1083.0000000000
8672 -1082.0000000000
8685 -1081.0000000000
8701 -1080.0000000000
8721 -1079.0000000000
8747 -1076.0000000000
8776 -1075.0000000000
8785 -1074.0000000000
8841 -1073.0000000000
8863 -1071.0000000000
8875 -1070.0000000000
8891 -1068.0000000000
8921 -1067.0000000000
8955 -1065.0000000000
8969 -1064.0000000000
8988 -1063.0000000000
9000 -1062.0000000000
9002 -1061.0000000000
9025 -1060.0000000000
9036 -1058.0000000000
9070 -1056.0000000000
9087 -1054.0000000000
9118 -1052.0000000000
9121 -1051.0000000000
9149 -1049.0000000000
9161 -1048.0000000000
9192 -1047.0000000000
9204 -1046.0000000000
9243 -1045.0000000000
9261 -1044.0000000000
9272 -1043.0000000000
9274 -1042.0000000000
9283 -1041.0000000000
9305 -1040.0000000000
9315 -1039.0000000000
9325 -1038.0000000000
9352 -1037.0000000000
9354 -1035.0000000000
9383 -1034.0000000000
9421 -1033.0000000000
9422 -1031.0000000000
9447 -1028.0000000000
9530 -1027.0000000000
9531 -1026.0000000000
9535 -1025.0000000000
9544 -1023.0000000000
9608 -1022.0000000000
9622 -1021.0000000000
9641 -1019.0000000000
9660 -1018.0000000000
9677 -1017.0000000000
9681 -1016.0000000000
9690 -1015.0000000000
9726 -1014.0000000000
9745 -1011.0000000000
9783 -1009.0000000000
9813 -1008.0000000000
9848 -1007.0000000000
9864 -1004.0000000000
9913 -1003.0000000000
9964 -1002.0000000000
9972 -1001.0000000000
9982 -1000.0000000000
10000 -1003.0000000000
