evaluations raw_y
1 -1945.0000000000
7 -1942.0000000000
9 -1941.0000000000
12 -1940.0000000000
13 -1939.0000000000
15 -1938.0000000000
16 -1937.0000000000
19 -1936.0000000000
21 -1935.0000000000
23 -1934.0000000000
29 -1933.0000000000
30 -1932.0000000000
43 -1931.0000000000
45 -1930.0000000000
51 -1929.0000000000
53 -1928.0000000000
61 -1926.0000000000
68 -1925.0000000000
73 -1924.0000000000
87 -1922.0000000000
99 -1920.0000000000
101 -1919.0000000000
102 -1918.0000000000
104 -1916.0000000000
117 -1915.0000000000
120 -1914.0000000000
122 -1913.0000000000
123 -1912.0000000000
126 -1911.0000000000
127 -1910.0000000000
147 -1908.0000000000
149 -1907.0000000000
153 -1905.0000000000
154 -1903.0000000000
156 -1902.0000000000
157 -1901.0000000000
160 -1900.0000000000
161 -1899.0000000000
166 -1897.0000000000
168 -1895.0000000000
175 -1894.0000000000
181 -1893.0000000000
187 -1892.0000000000
192 -1891.0000000000
200 -1890.0000000000
201 -1889.0000000000
205 -1887.0000000000
215 -1885.0000000000
217 -1883.0000000000
221 -1882.0000000000
223 -1881.0000000000
228 -1880.0000000000
231 -1879.0000000000
236 -1878.0000000000
248 -1877.0000000000
254 -1874.0000000000
255 -1873.0000000000
257 -1872.0000000000
266 -1871.0000000000
267 -1870.0000000000
276 -1869.0000000000
284 -1868.0000000000
287 -1867.0000000000
291 -1866.0000000000
292 -1864.0000000000
297 -1863.0000000000
303 -1862.0000000000
305 -1861.0000000000
310 -1860.0000000000
312 -1859.0000000000
314 -1856.0000000000
318 -1855.0000000000
320 -1854.0000000000
323 -1853.0000000000
326 -1851.0000000000
327 -1850.0000000000
329 -1849.0000000000
332 -1848.0000000000
337 -1846.0000000000
338 -1845.0000000000
339 -1844.0000000000
341 -1842.0000000000
345 -1841.0000000000
360 -1840.0000000000
362 -1839.0000000000
373 -1838.0000000000
378 -1837.0000000000
380 -1836.0000000000
389 -1834.0000000000
392 -1833.0000000000
393 -1832.0000000000
401 -1831.0000000000
402 -1830.0000000000
411 -1829.0000000000
414 -1828.0000000000
415 -1827.0000000000
417 -1826.0000000000
422 -1823.0000000000
424 -1822.0000000000
426 -1821.0000000000
435 -1820.0000000000
439 -1818.0000000000
440 -1817.0000000000
443 -1816.0000000000
444 -1815.0000000000
454 -1814.0000000000
456 -1812.0000000000
460 -1811.0000000000
466 -1810.0000000000
469 -1809.0000000000
481 -1808.0000000000
491 -1807.0000000000
502 -1805.0000000000
503 -1804.0000000000
504 -1803.0000000000
506 -1802.0000000000
507 -1801.0000000000
512 -1799.0000000000
514 -1798.0000000000
515 -1797.0000000000
516 -1796.0000000000
518 -1795.0000000000
520 -1794.0000000000
521 -1793.0000000000
531 -1792.0000000000
540 -1791.0000000000
548 -1790.0000000000
553 -1789.0000000000
554 -1788.0000000000
555 -1787.0000000000
563 -1786.0000000000
564 -1785.0000000000
569 -1784.0000000000
574 -1782.0000000000
579 -1780.0000000000
581 -1779.0000000000
586 -1778.0000000000
590 -1777.0000000000
600 -1775.0000000000
607 -1774.0000000000
610 -1773.0000000000
617 -1771.0000000000
619 -1770.0000000000
625 -1769.0000000000
629 -1768.0000000000
630 -1767.0000000000
633 -1766.0000000000
635 -1765.0000000000
636 -1763.0000000000
645 -1762.0000000000
649 -1761.0000000000
651 -1759.0000000000
653 -1758.0000000000
654 -1757.0000000000
656 -1755.0000000000
671 -1754.0000000000
672 -1750.0000000000
673 -1749.0000000000
675 -1747.0000000000
681 -1746.0000000000
693 -1745.0000000000
694 -1744.0000000000
713 -1743.0000000000
714 -1742.0000000000
715 -1741.0000000000
718 -1740.0000000000
719 -1739.0000000000
724 -1737.0000000000
727 -1736.0000000000
742 -1732.0000000000
748 -1730.0000000000
749 -1729.0000000000
750 -1728.0000000000
766 -1727.0000000000
767 -1726.0000000000
769 -1725.0000000000
771 -1724.0000000000
774 -1723.0000000000
777 -1722.0000000000
784 -1721.0000000000
789 -1720.0000000000
790 -1719.0000000000
791 -1718.0000000000
797 -1717.0000000000
798 -1716.0000000000
800 -1715.0000000000
817 -1714.0000000000
820 -1711.0000000000
824 -1710.0000000000
827 -1709.0000000000
830 -1707.0000000000
832 -1704.0000000000
833 -1703.0000000000
836 -1702.0000000000
844 -1701.0000000000
847 -1700.0000000000
850 -1699.0000000000
856 -1698.0000000000
861 -1697.0000000000
865 -1696.0000000000
879 -1695.0000000000
886 -1693.0000000000
888 -1692.0000000000
889 -1691.0000000000
890 -1689.0000000000
898 -1688.0000000000
899 -1687.0000000000
900 -1686.0000000000
909 -1684.0000000000
910 -1683.0000000000
919 -1682.0000000000
924 -1681.0000000000
926 -1680.0000000000
938 -1679.0000000000
941 -1678.0000000000
942 -1677.0000000000
946 -1676.0000000000
947 -1675.0000000000
948 -1674.0000000000
950 -1672.0000000000
960 -1671.0000000000
961 -1670.0000000000
962 -1669.0000000000
973 -1668.0000000000
977 -1667.0000000000
978 -1666.0000000000
979 -1664.0000000000
983 -1663.0000000000
985 -1662.0000000000
988 -1661.0000000000
990 -1660.0000000000
992 -1659.0000000000
994 -1658.0000000000
995 -1657.0000000000
996 -1656.0000000000
1003 -1655.0000000000
1007 -1653.0000000000
1011 -1652.0000000000
1013 -1651.0000000000
1025 -1649.0000000000
1034 -1648.0000000000
1035 -1646.0000000000
1049 -1645.0000000000
1052 -1644.0000000000
1056 -1643.0000000000
1068 -1642.0000000000
1069 -1641.0000000000
1070 -1639.0000000000
1076 -1638.0000000000
1079 -1637.0000000000
1088 -1636.0000000000
1115 -1635.0000000000
1116 -1634.0000000000
1117 -1633.0000000000
1118 -1632.0000000000
1122 -1629.0000000000
1126 -1627.0000000000
1129 -1626.0000000000
1131 -1623.0000000000
1138 -1621.0000000000
1140 -1620.0000000000
1144 -1619.0000000000
1148 -1618.0000000000
1154 -1617.0000000000
1156 -1616.0000000000
1157 -1615.0000000000
1160 -1614.0000000000
1161 -1613.0000000000
1164 -1612.0000000000
1165 -1611.0000000000
1166 -1610.0000000000
1170 -1609.0000000000
1175 -1608.0000000000
1177 -1606.0000000000
1183 -1605.0000000000
1187 -1604.0000000000
1189 -1603.0000000000
1207 -1602.0000000000
1208 -1600.0000000000
1209 -1599.0000000000
1211 -1598.0000000000
1213 -1596.0000000000
1216 -1595.0000000000
1218 -1594.0000000000
1222 -1592.0000000000
1223 -1591.0000000000
1234 -1590.0000000000
1239 -1589.0000000000
1243 -1587.0000000000
1244 -1586.0000000000
1254 -1584.0000000000
1263 -1583.0000000000
1269 -1582.0000000000
1271 -1581.0000000000
1277 -1579.0000000000
1280 -1577.0000000000
1289 -1576.0000000000
1304 -1575.0000000000
1305 -1574.0000000000
1314 -1572.0000000000
1320 -1571.0000000000
1323 -1570.0000000000
1332 -1569.0000000000
1340 -1568.0000000000
1341 -1567.0000000000
1345 -1566.0000000000
1348 -1565.0000000000
1354 -1562.0000000000
1358 -1561.0000000000
1370 -1560.0000000000
1373 -1559.0000000000
1389 -1558.0000000000
1392 -1557.0000000000
1393 -1556.0000000000
1398 -1554.0000000000
1399 -1552.0000000000
1400 -1550.0000000000
1405 -1549.0000000000
1411 -1547.0000000000
1413 -1546.0000000000
1419 -1545.0000000000
1421 -1544.0000000000
1424 -1543.0000000000
1431 -1542.0000000000
1444 -1541.0000000000
1449 -1540.0000000000
1450 -1538.0000000000
1452 -1536.0000000000
1462 -1533.0000000000
1468 -1532.0000000000
1470 -1531.0000000000
1471 -1529.0000000000
1486 -1528.0000000000
1489 -1527.0000000000
1503 -1525.0000000000
1506 -1524.0000000000
1516 -1522.0000000000
1521 -1521.0000000000
1524 -1520.0000000000
1532 -1519.0000000000
1538 -1518.0000000000
1542 -1517.0000000000
1547 -1516.0000000000
1548 -1515.0000000000
1562 -1513.0000000000
1564 -1511.0000000000
1567 -1507.0000000000
1576 -1506.0000000000
1586 -1504.0000000000
1599 -1503.0000000000
1603 -1501.0000000000
1606 -1499.0000000000
1609 -1497.0000000000
1616 -1496.0000000000
1617 -1495.0000000000
1618 -1494.0000000000
1628 -1493.0000000000
1629 -1492.0000000000
1633 -1491.0000000000
1635 -1490.0000000000
1645 -1489.0000000000
1652 -1488.0000000000
1655 -1487.0000000000
1658 -1486.0000000000
1659 -1485.0000000000
1662 -1484.0000000000
1665 -1483.0000000000
1669 -1482.0000000000
1671 -1481.0000000000
1673 -1479.0000000000
1675 -1478.0000000000
1683 -1477.0000000000
1685 -1476.0000000000
1688 -1475.0000000000
1690 -1474.0000000000
1692 -1473.0000000000
1698 -1472.0000000000
1712 -1471.0000000000
1716 -1470.0000000000
1717 -1469.0000000000
1719 -1468.0000000000
1723 -1467.0000000000
1727 -1466.0000000000
1730 -1465.0000000000
1733 -1464.0000000000
1734 -1463.0000000000
1737 -1462.0000000000
1741 -1460.0000000000
1744 -1459.0000000000
1746 -1458.0000000000
1749 -1457.0000000000
1750 -1456.0000000000
1761 -1454.0000000000
1763 -1453.0000000000
1768 -1452.0000000000
1769 -1451.0000000000
1772 -1450.0000000000
1783 -1448.0000000000
1784 -1447.0000000000
1793 -1446.0000000000
1809 -1445.0000000000
1810 -1443.0000000000
1812 -1442.0000000000
1813 -1441.0000000000
1817 -1440.0000000000
1818 -1439.0000000000
1821 -1438.0000000000
1824 -1436.0000000000
1827 -1435.0000000000
1828 -1434.0000000000
1830 -1433.0000000000
1842 -1432.0000000000
1843 -1431.0000000000
1854 -1430.0000000000
1859 -1429.0000000000
1872 -1428.0000000000
1882 -1426.0000000000
1885 -1425.0000000000
1897 -1423.0000000000
1904 -1422.0000000000
1914 -1421.0000000000
1916 -1420.0000000000
1922 -1419.0000000000
1924 -1418.0000000000
1927 -1417.0000000000
1931 -1416.0000000000
1936 -1415.0000000000
1944 -1414.0000000000
1945 -1413.0000000000
1947 -1412.0000000000
1964 -1411.0000000000
1975 -1410.0000000000
1977 -1409.0000000000
1980 -1408.0000000000
1985 -1406.0000000000
1987 -1405.0000000000
1990 -1404.0000000000
1992 -1403.0000000000
1993 -1402.0000000000
1998 -1401.0000000000
2000 -1400.0000000000
2010 -1399.0000000000
2024 -1397.0000000000
2032 -1396.0000000000
2037 -1395.0000000000
2038 -1394.0000000000
2050 -1393.0000000000
2057 -1392.0000000000
2063 -1391.0000000000
2064 -1390.0000000000
2068 -1387.0000000000
2072 -1386.0000000000
2075 -1385.0000000000
2081 -1384.0000000000
2083 -1383.0000000000
2084 -1382.0000000000
2093 -1381.0000000000
2102 -1380.0000000000
2103 -1379.0000000000
2110 -1378.0000000000
2113 -1377.0000000000
2117 -1376.0000000000
2125 -1375.0000000000
2126 -1374.0000000000
2135 -1373.0000000000
2137 -1372.0000000000
2141 -1371.0000000000
2148 -1370.0000000000
2150 -1368.0000000000
2164 -1367.0000000000
2171 -1366.0000000000
2172 -1365.0000000000
2176 -1364.0000000000
2183 -1363.0000000000
2202 -1362.0000000000
2212 -1361.0000000000
2213 -1360.0000000000
2223 -1359.0000000000
2227 -1358.0000000000
2238 -1357.0000000000
2254 -1356.0000000000
2256 -1355.0000000000
2257 -1354.0000000000
2258 -1353.0000000000
2260 -1352.0000000000
2263 -1350.0000000000
2266 -1349.0000000000
2281 -1348.0000000000
2284 -1345.0000000000
2292 -1344.0000000000
2301 -1343.0000000000
2305 -1341.0000000000
2310 -1340.0000000000
2315 -1339.0000000000
2320 -1337.0000000000
2322 -1336.0000000000
2325 -1334.0000000000
2328 -1333.0000000000
2331 -1332.0000000000
2342 -1330.0000000000
2345 -1329.0000000000
2348 -1328.0000000000
2352 -1327.0000000000
2353 -1325.0000000000
2356 -1324.0000000000
2360 -1323.0000000000
2364 -1322.0000000000
2369 -1321.0000000000
2371 -1320.0000000000
2373 -1319.0000000000
2386 -1318.0000000000
2399 -1317.0000000000
2401 -1316.0000000000
2411 -1315.0000000000
2416 -1314.0000000000
2419 -1313.0000000000
2428 -1312.0000000000
2431 -1311.0000000000
2433 -1310.0000000000
2437 -1309.0000000000
2445 -1308.0000000000
2447 -1307.0000000000
2462 -1306.0000000000
2465 -1305.0000000000
2467 -1304.0000000000
2472 -1302.0000000000
2486 -1301.0000000000
2497 -1300.0000000000
2506 -1299.0000000000
2512 -1297.0000000000
2522 -1296.0000000000
2527 -1295.0000000000
2541 -1294.0000000000
2544 -1293.0000000000
2546 -1292.0000000000
2549 -1291.0000000000
2553 -1290.0000000000
2559 -1289.0000000000
2565 -1288.0000000000
2574 -1287.0000000000
2581 -1286.0000000000
2582 -1283.0000000000
2588 -1282.0000000000
2600 -1281.0000000000
2605 -1280.0000000000
2628 -1279.0000000000
2630 -1278.0000000000
2632 -1277.0000000000
2639 -1276.0000000000
2640 -1275.0000000000
2665 -1274.0000000000
2667 -1272.0000000000
2670 -1271.0000000000
2683 -1270.0000000000
2685 -1269.0000000000
2687 -1267.0000000000
2693 -1266.0000000000
2697 -1265.0000000000
2703 -1264.0000000000
2712 -1263.0000000000
2719 -1262.0000000000
2721 -1261.0000000000
2726 -1260.0000000000
2737 -1259.0000000000
2746 -1258.0000000000
2758 -1257.0000000000
2761 -1255.0000000000
2791 -1254.0000000000
2805 -1253.0000000000
2810 -1252.0000000000
2811 -1251.0000000000
2815 -1250.0000000000
2818 -1249.0000000000
2821 -1248.0000000000
2825 -1246.0000000000
2842 -1245.0000000000
2844 -1244.0000000000
2853 -1242.0000000000
2854 -1241.0000000000
2864 -1240.0000000000
2865 -1239.0000000000
2869 -1238.0000000000
2876 -1237.0000000000
2885 -1236.0000000000
2887 -1235.0000000000
2892 -1234.0000000000
2918 -1233.0000000000
2922 -1232.0000000000
2932 -1231.0000000000
2942 -1229.0000000000
2948 -1228.0000000000
2957 -1227.0000000000
2961 -1226.0000000000
2967 -1225.0000000000
2970 -1223.0000000000
2975 -1222.0000000000
2993 -1220.0000000000
2997 -1219.0000000000
3002 -1218.0000000000
3013 -1217.0000000000
3016 -1216.0000000000
3017 -1215.0000000000
3021 -1214.0000000000
3043 -1213.0000000000
3044 -1212.0000000000
3050 -1209.0000000000
3053 -1208.0000000000
3058 -1206.0000000000
3068 -1205.0000000000
3070 -1204.0000000000
3079 -1203.0000000000
3087 -1202.0000000000
3096 -1201.0000000000
3097 -1200.0000000000
3098 -1198.0000000000
3107 -1197.0000000000
3112 -1196.0000000000
3131 -1195.0000000000
3146 -1194.0000000000
3151 -1192.0000000000
3156 -1191.0000000000
3157 -1190.0000000000
3162 -1189.0000000000
3164 -1187.0000000000
3166 -1186.0000000000
3176 -1185.0000000000
3182 -1184.0000000000
3192 -1183.0000000000
3193 -1181.0000000000
3201 -1180.0000000000
3205 -1179.0000000000
3213 -1177.0000000000
3215 -1176.0000000000
3221 -1175.0000000000
3222 -1174.0000000000
3232 -1173.0000000000
3237 -1172.0000000000
3242 -1171.0000000000
3247 -1169.0000000000
3255 -1165.0000000000
3260 -1164.0000000000
3267 -1163.0000000000
3271 -1161.0000000000
3276 -1159.0000000000
3278 -1158.0000000000
3281 -1157.0000000000
3284 -1156.0000000000
3295 -1155.0000000000
3304 -1154.0000000000
3323 -1153.0000000000
3334 -1152.0000000000
3335 -1151.0000000000
3344 -1150.0000000000
3360 -1149.0000000000
3362 -1148.0000000000
3368 -1146.0000000000
3382 -1145.0000000000
3387 -1144.0000000000
3395 -1142.0000000000
3406 -1141.0000000000
3416 -1140.0000000000
3421 -1138.0000000000
3444 -1137.0000000000
3474 -1136.0000000000
3475 -1135.0000000000
3476 -1133.0000000000
3483 -1131.0000000000
3484 -1130.0000000000
3486 -1128.0000000000
3488 -1127.0000000000
3491 -1126.0000000000
3504 -1125.0000000000
3506 -1124.0000000000
3508 -1123.0000000000
3518 -1122.0000000000
3522 -1121.0000000000
3530 -1120.0000000000
3540 -1119.0000000000
3547 -1117.0000000000
3554 -1116.0000000000
3555 -1114.0000000000
3579 -1113.0000000000
3587 -1112.0000000000
3588 -1111.0000000000
3611 -1110.0000000000
3612 -1109.0000000000
3622 -1108.0000000000
3626 -1107.0000000000
3627 -1106.0000000000
3630 -1105.0000000000
3647 -1103.0000000000
3652 -1102.0000000000
3654 -1100.0000000000
3672 -1099.0000000000
3684 -1098.0000000000
3689 -1097.0000000000
3693 -1096.0000000000
3703 -1095.0000000000
3707 -1094.0000000000
3723 -1093.0000000000
3728 -1091.0000000000
3740 -1090.0000000000
3744 -1089.0000000000
3759 -1088.0000000000
3769 -1087.0000000000
3771 -1086.0000000000
3778 -1085.0000000000
3786 -1084.0000000000
3798 -1083.0000000000
3802 -1082.0000000000
3814 -1081.0000000000
3817 -1080.0000000000
3821 -1079.0000000000
3833 -1078.0000000000
3834 -1077.0000000000
3839 -1076.0000000000
3841 -1074.0000000000
3843 -1072.0000000000
3849 -1070.0000000000
3850 -1069.0000000000
3851 -1068.0000000000
3873 -1067.0000000000
3887 -1066.0000000000
3900 -1063.0000000000
3907 -1062.0000000000
3911 -1061.0000000000
3914 -1060.0000000000
3918 -1059.0000000000
3919 -1057.0000000000
3933 -1056.0000000000
3939 -1055.0000000000
3942 -1054.0000000000
3967 -1053.0000000000
3970 -1052.0000000000
3993 -1051.0000000000
4020 -1050.0000000000
4023 -1049.0000000000
4051 -1047.0000000000
4057 -1046.0000000000
4058 -1045.0000000000
4068 -1044.0000000000
4071 -1043.0000000000
4083 -1042.0000000000
4087 -1041.0000000000
4101 -1040.0000000000
4102 -1039.0000000000
4119 -1038.0000000000
4124 -1037.0000000000
4137 -1035.0000000000
4147 -1034.0000000000
4157 -1033.0000000000
4164 -1032.0000000000
4168 -1031.0000000000
4170 -1030.0000000000
4173 -1029.0000000000
4179 -1028.0000000000
4181 -1027.0000000000
4183 -1026.0000000000
4190 -1025.0000000000
4193 -1024.0000000000
4195 -1023.0000000000
4196 -1022.0000000000
4206 -1021.0000000000
4228 -1020.0000000000
4231 -1019.0000000000
4233 -1018.0000000000
4239 -1017.0000000000
4242 -1016.0000000000
4246 -1015.0000000000
4247 -1014.0000000000
4252 -1013.0000000000
4273 -1012.0000000000
4277 -1011.0000000000
4281 -1010.0000000000
4291 -1009.0000000000
4304 -1007.0000000000
4313 -1006.0000000000
4315 -1005.0000000000
4322 -1004.0000000000
4329 -1001.0000000000
4355 -1000.0000000000
4359 -999.0000000000
4367 -998.0000000000
4384 -997.0000000000
4427 -996.0000000000
4433 -994.0000000000
4456 -993.0000000000
4464 -992.0000000000
4481 -991.0000000000
4488 -990.0000000000
4493 -989.0000000000
4497 -988.0000000000
4499 -986.0000000000
4509 -985.0000000000
4511 -984.0000000000
4524 -983.0000000000
4541 -982.0000000000
4554 -981.0000000000
4555 -980.0000000000
4559 -979.0000000000
4560 -978.0000000000
4562 -977.0000000000
4566 -976.0000000000
4594 -975.0000000000
4600 -974.0000000000
4606 -973.0000000000
4615 -972.0000000000
4627 -971.0000000000
4628 -970.0000000000
4640 -969.0000000000
4647 -968.0000000000
4648 -967.0000000000
4650 -966.0000000000
4676 -965.0000000000
4698 -964.0000000000
4704 -963.0000000000
4707 -962.0000000000
4723 -961.0000000000
4724 -960.0000000000
4729 -959.0000000000
4749 -958.0000000000
4770 -956.0000000000
4784 -955.0000000000
4808 -953.0000000000
4823 -951.0000000000
4828 -950.0000000000
4830 -949.0000000000
4844 -948.0000000000
4845 -947.0000000000
4854 -946.0000000000
4873 -945.0000000000
4888 -943.0000000000
4898 -941.0000000000
4900 -940.0000000000
4920 -939.0000000000
4930 -938.0000000000
4934 -937.0000000000
4956 -936.0000000000
4963 -935.0000000000
4967 -934.0000000000
4982 -931.0000000000
4996 -930.0000000000
5000 -929.0000000000
5005 -928.0000000000
5008 -927.0000000000
5037 -926.0000000000
5038 -925.0000000000
5044 -924.0000000000
5060 -923.0000000000
5062 -922.0000000000
5069 -920.0000000000
5081 -919.0000000000
5090 -918.0000000000
5109 -917.0000000000
5130 -916.0000000000
5138 -915.0000000000
5145 -914.0000000000
5149 -913.0000000000
5150 -912.0000000000
5167 -911.0000000000
5180 -910.0000000000
5182 -909.0000000000
5185 -908.0000000000
5207 -907.0000000000
5211 -906.0000000000
5231 -905.0000000000
5243 -904.0000000000
5247 -903.0000000000
5295 -902.0000000000
5326 -901.0000000000
5347 -900.0000000000
5357 -899.0000000000
5360 -897.0000000000
5361 -896.0000000000
5366 -895.0000000000
5369 -894.0000000000
5410 -893.0000000000
5428 -892.0000000000
5434 -891.0000000000
5443 -890.0000000000
5445 -889.0000000000
5468 -888.0000000000
5469 -887.0000000000
5485 -886.0000000000
5536 -885.0000000000
5540 -884.0000000000
5571 -883.0000000000
5572 -882.0000000000
5574 -881.0000000000
5575 -880.0000000000
5582 -879.0000000000
5587 -878.0000000000
5620 -877.0000000000
5632 -876.0000000000
5633 -875.0000000000
5659 -874.0000000000
5666 -873.0000000000
5675 -872.0000000000
5679 -871.0000000000
5682 -869.0000000000
5691 -868.0000000000
5692 -867.0000000000
5705 -866.0000000000
5710 -865.0000000000
5717 -864.0000000000
5719 -863.0000000000
5723 -862.0000000000
5732 -860.0000000000
5735 -859.0000000000
5738 -858.0000000000
5749 -857.0000000000
5761 -856.0000000000
5771 -855.0000000000
5776 -854.0000000000
5780 -853.0000000000
5789 -852.0000000000
5793 -851.0000000000
5800 -850.0000000000
5803 -848.0000000000
5811 -847.0000000000
5816 -846.0000000000
5817 -845.0000000000
5876 -844.0000000000
5891 -843.0000000000
5897 -842.0000000000
5899 -841.0000000000
5900 -840.0000000000
5922 -839.0000000000
5961 -838.0000000000
5971 -837.0000000000
5985 -836.0000000000
5987 -835.0000000000
6017 -834.0000000000
6023 -833.0000000000
6041 -832.0000000000
6045 -830.0000000000
6052 -828.0000000000
6066 -827.0000000000
6068 -826.0000000000
6076 -825.0000000000
6077 -824.0000000000
6106 -823.0000000000
6107 -820.0000000000
6130 -819.0000000000
6144 -818.0000000000
6159 -817.0000000000
6161 -816.0000000000
6188 -815.0000000000
6225 -814.0000000000
6242 -813.0000000000
6244 -812.0000000000
6249 -811.0000000000
6275 -810.0000000000
6286 -809.0000000000
6287 -808.0000000000
6299 -807.0000000000
6300 -806.0000000000
6327 -805.0000000000
6342 -804.0000000000
6345 -803.0000000000
6363 -802.0000000000
6364 -801.0000000000
6402 -800.0000000000
6407 -799.0000000000
6429 -798.0000000000
6434 -797.0000000000
6458 -796.0000000000
6473 -795.0000000000
6509 -794.0000000000
6519 -793.0000000000
6521 -792.0000000000
6550 -791.0000000000
6590 -790.0000000000
6592 -789.0000000000
6622 -788.0000000000
6636 -787.0000000000
6640 -786.0000000000
6641 -785.0000000000
6650 -784.0000000000
6656 -783.0000000000
6674 -782.0000000000
6682 -781.0000000000
6692 -780.0000000000
6698 -779.0000000000
6754 -778.0000000000
6782 -777.0000000000
6784 -776.0000000000
6796 -775.0000000000
6830 -774.0000000000
6835 -772.0000000000
6861 -769.0000000000
6898 -768.0000000000
6920 -767.0000000000
6926 -766.0000000000
6958 -765.0000000000
6970 -764.0000000000
6993 -763.0000000000
7015 -762.0000000000
7042 -761.0000000000
7048 -760.0000000000
7052 -758.0000000000
7089 -756.0000000000
7105 -755.0000000000
7109 -754.0000000000
7161 -752.0000000000
7178 -751.0000000000
7179 -750.0000000000
7182 -749.0000000000
7194 -748.0000000000
7195 -747.0000000000
7203 -746.0000000000
7240 -745.0000000000
7253 -744.0000000000
7261 -743.0000000000
7277 -742.0000000000
7283 -741.0000000000
7284 -740.0000000000
7291 -739.0000000000
7308 -736.0000000000
7317 -735.0000000000
7336 -734.0000000000
7339 -733.0000000000
7346 -731.0000000000
7352 -729.0000000000
7385 -728.0000000000
7403 -727.0000000000
7404 -726.0000000000
7437 -725.0000000000
7454 -724.0000000000
7460 -723.0000000000
7473 -722.0000000000
7486 -721.0000000000
7487 -720.0000000000
7499 -719.0000000000
7519 -718.0000000000
7531 -717.0000000000
7538 -716.0000000000
7543 -715.0000000000
7613 -714.0000000000
7630 -713.0000000000
7639 -712.0000000000
7656 -711.0000000000
7676 -710.0000000000
7701 -709.0000000000
7707 -708.0000000000
7712 -707.0000000000
7759 -706.0000000000
7763 -705.0000000000
7774 -704.0000000000
7803 -703.0000000000
7814 -702.0000000000
7822 -701.0000000000
7828 -700.0000000000
7829 -699.0000000000
7835 -698.0000000000
7844 -697.0000000000
7850 -696.0000000000
7855 -694.0000000000
7856 -693.0000000000
7867 -692.0000000000
7882 -691.0000000000
7898 -690.0000000000
7899 -689.0000000000
7905 -688.0000000000
7906 -687.0000000000
7918 -684.0000000000
7925 -683.0000000000
7935 -682.0000000000
7936 -681.0000000000
7945 -680.0000000000
7972 -679.0000000000
7974 -678.0000000000
7975 -677.0000000000
7988 -675.0000000000
7993 -674.0000000000
7995 -673.0000000000
8002 -672.0000000000
8014 -671.0000000000
8033 -669.0000000000
8041 -668.0000000000
8057 -667.0000000000
8058 -666.0000000000
8078 -665.0000000000
8083 -663.0000000000
8085 -662.0000000000
8091 -661.0000000000
8099 -660.0000000000
8104 -659.0000000000
8108 -658.0000000000
8113 -657.0000000000
8114 -656.0000000000
8121 -655.0000000000
8128 -654.0000000000
8148 -653.0000000000
8201 -652.0000000000
8230 -651.0000000000
8245 -650.0000000000
8276 -649.0000000000
8282 -648.0000000000
8284 -647.0000000000
8345 -646.0000000000
8361 -645.0000000000
8366 -644.0000000000
8369 -643.0000000000
8384 -642.0000000000
8388 -641.0000000000
8400 -640.0000000000
8438 -639.0000000000
8446 -638.0000000000
8467 -637.0000000000
8482 -636.0000000000
8488 -635.0000000000
8514 -634.0000000000
8531 -633.0000000000
8532 -632.0000000000
8574 -631.0000000000
8577 -630.0000000000
8605 -629.0000000000
8608 -628.0000000000
8635 -627.0000000000
8640 -626.0000000000
8664 -625.0000000000
8670 -624.0000000000
8692 -623.0000000000
8709 -622.0000000000
8737 -621.0000000000
8741 -620.0000000000
8742 -619.0000000000
8744 -618.0000000000
8757 -617.0000000000
8769 -616.0000000000
8788 -615.0000000000
8801 -613.0000000000
8822 -612.0000000000
8837 -611.0000000000
8840 -610.0000000000
8848 -609.0000000000
8850 -608.0000000000
8947 -607.0000000000
8958 -605.0000000000
8966 -604.0000000000
8970 -603.0000000000
8984 -602.0000000000
8992 -601.0000000000
8993 -600.0000000000
9017 -599.0000000000
9027 -598.0000000000
9035 -596.0000000000
9044 -595.0000000000
9047 -594.0000000000
9048 -593.0000000000
9051 -592.0000000000
9057 -591.0000000000
9068 -590.0000000000
9085 -589.0000000000
9128 -587.0000000000
9136 -586.0000000000
9146 -585.0000000000
9159 -584.0000000000
9171 -583.0000000000
9228 -582.0000000000
9244 -581.0000000000
9261 -580.0000000000
9270 -579.0000000000
9278 -578.0000000000
9295 -577.0000000000
9296 -576.0000000000
9304 -575.0000000000
9310 -574.0000000000
9322 -573.0000000000
9326 -572.0000000000
9335 -571.0000000000
9336 -570.0000000000
9383 -569.0000000000
9393 -568.0000000000
9401 -567.0000000000
9430 -565.0000000000
9431 -564.0000000000
9442 -563.0000000000
9453 -562.0000000000
9455 -561.0000000000
9456 -560.0000000000
9476 -559.0000000000
9478 -558.0000000000
9485 -557.0000000000
9490 -556.0000000000
9547 -555.0000000000
9557 -554.0000000000
9560 -553.0000000000
9575 -552.0000000000
9585 -551.0000000000
9593 -550.0000000000
9594 -549.0000000000
9613 -548.0000000000
9617 -547.0000000000
9628 -546.0000000000
9629 -545.0000000000
9656 -544.0000000000
9673 -543.0000000000
9703 -541.0000000000
9739 -540.0000000000
9740 -539.0000000000
9751 -538.0000000000
9811 -537.0000000000
9836 -536.0000000000
9838 -535.0000000000
9843 -534.0000000000
9907 -532.0000000000
9939 -531.0000000000
9941 -530.0000000000
9980 -529.0000000000
10000 -530.0000000000
