evaluations raw_y
1 -1910.0000000000
3 -1893.0000000000
4 -1876.0000000000
15 -1856.0000000000
18 -1854.0000000000
20 -1852.0000000000
30 -1827.0000000000
61 -1817.0000000000
62 -1811.0000000000
83 -1809.0000000000
86 -1801.0000000000
98 -1769.0000000000
101 -1756.0000000000
105 -1751.0000000000
124 -1750.0000000000
138 -1745.0000000000
149 -1726.0000000000
161 -1723.0000000000
178 -1719.0000000000
184 -1704.0000000000
204 -1695.0000000000
242 -1692.0000000000
262 -1690.0000000000
265 -1688.0000000000
275 -1687.0000000000
297 -1686.0000000000
298 -1684.0000000000
304 -1675.0000000000
335 -1662.0000000000
346 -1660.0000000000
369 -1657.0000000000
383 -1655.0000000000
405 -1654.0000000000
407 -1652.0000000000
408 -1651.0000000000
423 -1646.0000000000
432 -1645.0000000000
433 -1644.0000000000
460 -1643.0000000000
463 -1638.0000000000
473 -1632.0000000000
493 -1630.0000000000
500 -1628.0000000000
522 -1625.0000000000
530 -1623.0000000000
547 -1622.0000000000
567 -1620.0000000000
569 -1619.0000000000
573 -1618.0000000000
584 -1617.0000000000
587 -1615.0000000000
599 -1610.0000000000
638 -1609.0000000000
641 -1605.0000000000
642 -1604.0000000000
666 -1603.0000000000
684 -1601.0000000000
689 -1600.0000000000
722 -1597.0000000000
744 -1596.0000000000
750 -1595.0000000000
764 -1594.0000000000
770 -1592.0000000000
771 -1591.0000000000
813 -1590.0000000000
824 -1589.0000000000
827 -1587.0000000000
862 -1584.0000000000
884 -1583.0000000000
901 -1582.0000000000
920 -1581.0000000000
928 -1579.0000000000
962 -1578.0000000000
963 -1577.0000000000
983 -1575.0000000000
1026 -1574.0000000000
1027 -1573.0000000000
1054 -1571.0000000000
1071 -1570.0000000000
1082 -1568.0000000000
1104 -1567.0000000000
1122 -1566.0000000000
1128 -1565.0000000000
1144 -1562.0000000000
1168 -1561.0000000000
1186 -1557.0000000000
1224 -1556.0000000000
1238 -1555.0000000000
1243 -1554.0000000000
1267 -1552.0000000000
1272 -1551.0000000000
1289 -1550.0000000000
1322 -1549.0000000000
1336 -1548.0000000000
1337 -1547.0000000000
1361 -1545.0000000000
1388 -1544.0000000000
1402 -1542.0000000000
1442 -1541.0000000000
1452 -1540.0000000000
1461 -1538.0000000000
1486 -1537.0000000000
1502 -1536.0000000000
1512 -1533.0000000000
1540 -1532.0000000000
1554 -1529.0000000000
1561 -1528.0000000000
1581 -1527.0000000000
1613 -1526.0000000000
1643 -1525.0000000000
1646 -1524.0000000000
1673 -1523.0000000000
1693 -1520.0000000000
1724 -1519.0000000000
1745 -1518.0000000000
1759 -1517.0000000000
1761 -1515.0000000000
1784 -1513.0000000000
1824 -1512.0000000000
1834 -1511.0000000000
1844 -1509.0000000000
1865 -1508.0000000000
1869 -1504.0000000000
1922 -1503.0000000000
1948 -1502.0000000000
1973 -1501.0000000000
1981 -1500.0000000000
1986 -1499.0000000000
2026 -1498.0000000000
2038 -1497.0000000000
2061 -1495.0000000000
2069 -1494.0000000000
2081 -1493.0000000000
2103 -1491.0000000000
2118 -1490.0000000000
2121 -1488.0000000000
2170 -1484.0000000000
2210 -1483.0000000000
2222 -1482.0000000000
2227 -1480.0000000000
2243 -1478.0000000000
2271 -1477.0000000000
2295 -1476.0000000000
2305 -1475.0000000000
2313 -1474.0000000000
2321 -1473.0000000000
2348 -1471.0000000000
2367 -1470.0000000000
2391 -1469.0000000000
2412 -1468.0000000000
2415 -1466.0000000000
2434 -1463.0000000000
2441 -1462.0000000000
2451 -1461.0000000000
2478 -1460.0000000000
2480 -1459.0000000000
2495 -1458.0000000000
2513 -1457.0000000000
2514 -1456.0000000000
2522 -1455.0000000000
2527 -1453.0000000000
2529 -1452.0000000000
2571 -1449.0000000000
2603 -1448.0000000000
2618 -1447.0000000000
2624 -1445.0000000000
2662 -1444.0000000000
2683 -1443.0000000000
2698 -1442.0000000000
2715 -1440.0000000000
2761 -1439.0000000000
2763 -1437.0000000000
2785 -1435.0000000000
2804 -1433.0000000000
2837 -1432.0000000000
2845 -1431.0000000000
2867 -1430.0000000000
2884 -1429.0000000000
2917 -1428.0000000000
2930 -1426.0000000000
2981 -1425.0000000000
2983 -1424.0000000000
3024 -1423.0000000000
3025 -1422.0000000000
3041 -1420.0000000000
3079 -1418.0000000000
3083 -1416.0000000000
3096 -1415.0000000000
3107 -1414.0000000000
3129 -1412.0000000000
3142 -1410.0000000000
3146 -1409.0000000000
3179 -1408.0000000000
3181 -1407.0000000000
3223 -1405.0000000000
3241 -1404.0000000000
3261 -1402.0000000000
3282 -1401.0000000000
3305 -1399.0000000000
3351 -1398.0000000000
3363 -1397.0000000000
3366 -1394.0000000000
3372 -1393.0000000000
3391 -1392.0000000000
3427 -1390.0000000000
3438 -1389.0000000000
3459 -1386.0000000000
3490 -1385.0000000000
3495 -1383.0000000000
3514 -1382.0000000000
3526 -1379.0000000000
3553 -1374.0000000000
3566 -1373.0000000000
3586 -1371.0000000000
3626 -1369.0000000000
3661 -1368.0000000000
3664 -1367.0000000000
3666 -1366.0000000000
3698 -1365.0000000000
3714 -1363.0000000000
3724 -1360.0000000000
3746 -1359.0000000000
3761 -1358.0000000000
3781 -1356.0000000000
3821 -1355.0000000000
3825 -1354.0000000000
3851 -1349.0000000000
3862 -1348.0000000000
3902 -1347.0000000000
3926 -1346.0000000000
3927 -1345.0000000000
3946 -1344.0000000000
3959 -1342.0000000000
3961 -1341.0000000000
3986 -1340.0000000000
4016 -1339.0000000000
4022 -1336.0000000000
4048 -1334.0000000000
4061 -1333.0000000000
4078 -1332.0000000000
4082 -1330.0000000000
4130 -1329.0000000000
4154 -1327.0000000000
4171 -1325.0000000000
4190 -1324.0000000000
4203 -1323.0000000000
4222 -1322.0000000000
4237 -1321.0000000000
4243 -1320.0000000000
4272 -1316.0000000000
4315 -1315.0000000000
4333 -1314.0000000000
4342 -1313.0000000000
4375 -1310.0000000000
4401 -1309.0000000000
4407 -1308.0000000000
4419 -1307.0000000000
4439 -1306.0000000000
4464 -1305.0000000000
4471 -1302.0000000000
4513 -1300.0000000000
4527 -1298.0000000000
4541 -1297.0000000000
4563 -1295.0000000000
4596 -1293.0000000000
4640 -1292.0000000000
4654 -1290.0000000000
4661 -1289.0000000000
4684 -1287.0000000000
4702 -1286.0000000000
4709 -1285.0000000000
4727 -1284.0000000000
4745 -1281.0000000000
4771 -1280.0000000000
4798 -1279.0000000000
4814 -1276.0000000000
4822 -1275.0000000000
4852 -1274.0000000000
4861 -1272.0000000000
4879 -1271.0000000000
4888 -1270.0000000000
4899 -1269.0000000000
4901 -1267.0000000000
4929 -1266.0000000000
4932 -1265.0000000000
4942 -1263.0000000000
4983 -1261.0000000000
4994 -1259.0000000000
5025 -1254.0000000000
5063 -1253.0000000000
5092 -1252.0000000000
5095 -1250.0000000000
5102 -1249.0000000000
5144 -1248.0000000000
5151 -1247.0000000000
5161 -1245.0000000000
5201 -1244.0000000000
5218 -1243.0000000000
5221 -1242.0000000000
5243 -1241.0000000000
5253 -1240.0000000000
5261 -1239.0000000000
5263 -1237.0000000000
5291 -1236.0000000000
5318 -1235.0000000000
5354 -1234.0000000000
5368 -1233.0000000000
5381 -1231.0000000000
5409 -1229.0000000000
5436 -1228.0000000000
5455 -1227.0000000000
5478 -1226.0000000000
5485 -1223.0000000000
5507 -1222.0000000000
5528 -1219.0000000000
5566 -1217.0000000000
5591 -1216.0000000000
5610 -1215.0000000000
5633 -1213.0000000000
5656 -1211.0000000000
5673 -1210.0000000000
5699 -1209.0000000000
5708 -1208.0000000000
5719 -1207.0000000000
5729 -1205.0000000000
5747 -1203.0000000000
5771 -1202.0000000000
5793 -1201.0000000000
5809 -1199.0000000000
5830 -1198.0000000000
5843 -1196.0000000000
5852 -1195.0000000000
5865 -1194.0000000000
5872 -1192.0000000000
5884 -1189.0000000000
5922 -1188.0000000000
5933 -1184.0000000000
5966 -1182.0000000000
5999 -1180.0000000000
6007 -1179.0000000000
6023 -1177.0000000000
6061 -1176.0000000000
6062 -1175.0000000000
6070 -1174.0000000000
6087 -1173.0000000000
6094 -1171.0000000000
6110 -1170.0000000000
6130 -1169.0000000000
6133 -1167.0000000000
6142 -1166.0000000000
6169 -1163.0000000000
6214 -1162.0000000000
6222 -1160.0000000000
6249 -1158.0000000000
6271 -1157.0000000000
6281 -1154.0000000000
6307 -1153.0000000000
6339 -1152.0000000000
6377 -1150.0000000000
6403 -1148.0000000000
6442 -1146.0000000000
6462 -1144.0000000000
6490 -1143.0000000000
6501 -1140.0000000000
6542 -1139.0000000000
6561 -1138.0000000000
6572 -1136.0000000000
6612 -1135.0000000000
6627 -1134.0000000000
6641 -1133.0000000000
6661 -1132.0000000000
6668 -1131.0000000000
6681 -1128.0000000000
6741 -1125.0000000000
6762 -1124.0000000000
6784 -1123.0000000000
6833 -1121.0000000000
6875 -1119.0000000000
6881 -1118.0000000000
6893 -1117.0000000000
6924 -1115.0000000000
6947 -1114.0000000000
6972 -1113.0000000000
6984 -1110.0000000000
7001 -1108.0000000000
7061 -1107.0000000000
7077 -1106.0000000000
7088 -1105.0000000000
7103 -1104.0000000000
7142 -1103.0000000000
7147 -1102.0000000000
7165 -1101.0000000000
7195 -1099.0000000000
7211 -1098.0000000000
7225 -1097.0000000000
7243 -1096.0000000000
7255 -1094.0000000000
7277 -1092.0000000000
7305 -1091.0000000000
7324 -1089.0000000000
7345 -1088.0000000000
7348 -1087.0000000000
7381 -1085.0000000000
7400 -1084.0000000000
7405 -1083.0000000000
7406 -1081.0000000000
7423 -1080.0000000000
7426 -1079.0000000000
7451 -1078.0000000000
7459 -1077.0000000000
7482 -1076.0000000000
7492 -1075.0000000000
7498 -1074.0000000000
7509 -1073.0000000000
7524 -1070.0000000000
7544 -1069.0000000000
7561 -1068.0000000000
7566 -1067.0000000000
7589 -1066.0000000000
7599 -1065.0000000000
7609 -1063.0000000000
7622 -1062.0000000000
7644 -1061.0000000000
7649 -1056.0000000000
7697 -1055.0000000000
7707 -1054.0000000000
7722 -1051.0000000000
7763 -1048.0000000000
7781 -1047.0000000000
7791 -1046.0000000000
7801 -1043.0000000000
7843 -1042.0000000000
7862 -1040.0000000000
7864 -1039.0000000000
7890 -1038.0000000000
7901 -1037.0000000000
7929 -1036.0000000000
7931 -1035.0000000000
7956 -1034.0000000000
7988 -1033.0000000000
7992 -1032.0000000000
8044 -1031.0000000000
8059 -1029.0000000000
8091 -1026.0000000000
8121 -1025.0000000000
8144 -1024.0000000000
8149 -1023.0000000000
8165 -1021.0000000000
8215 -1020.0000000000
8243 -1018.0000000000
8275 -1017.0000000000
8299 -1016.0000000000
8302 -1013.0000000000
8332 -1012.0000000000
8333 -1009.0000000000
8376 -1008.0000000000
8377 -1007.0000000000
8386 -1004.0000000000
8463 -1003.0000000000
8471 -1001.0000000000
8492 -999.0000000000
8511 -998.0000000000
8527 -997.0000000000
8546 -995.0000000000
8583 -994.0000000000
8585 -993.0000000000
8604 -992.0000000000
8619 -991.0000000000
8626 -990.0000000000
8628 -989.0000000000
8659 -988.0000000000
8665 -987.0000000000
8668 -986.0000000000
8686 -985.0000000000
8708 -984.0000000000
8720 -983.0000000000
8724 -982.0000000000
8748 -981.0000000000
8749 -980.0000000000
8769 -979.0000000000
8788 -978.0000000000
8813 -977.0000000000
8817 -975.0000000000
8845 -974.0000000000
8870 -973.0000000000
8892 -972.0000000000
8905 -971.0000000000
8910 -969.0000000000
8946 -967.0000000000
8973 -966.0000000000
8989 -965.0000000000
9005 -964.0000000000
9021 -963.0000000000
9026 -961.0000000000
9055 -959.0000000000
9102 -958.0000000000
9103 -957.0000000000
9132 -956.0000000000
9173 -955.0000000000
9182 -953.0000000000
9210 -952.0000000000
9248 -951.0000000000
9249 -950.0000000000
9261 -949.0000000000
9284 -948.0000000000
9288 -947.0000000000
9305 -946.0000000000
9319 -944.0000000000
9326 -943.0000000000
9344 -942.0000000000
9356 -941.0000000000
9384 -940.0000000000
9403 -939.0000000000
9445 -937.0000000000
9463 -936.0000000000
9482 -934.0000000000
9502 -932.0000000000
9529 -931.0000000000
9574 -930.0000000000
9585 -928.0000000000
9609 -925.0000000000
9667 -924.0000000000
9702 -922.0000000000
9741 -919.0000000000
9785 -918.0000000000
9798 -915.0000000000
9843 -914.0000000000
9871 -913.0000000000
9896 -912.0000000000
9909 -911.0000000000
9927 -909.0000000000
9942 -908.0000000000
9950 -907.0000000000
9962 -906.0000000000
9973 -905.0000000000
10000 -906.0000000000
