evaluations raw_y
1 -1931.0000000000
2 -1901.0000000000
6 -1866.0000000000
7 -1860.0000000000
21 -1841.0000000000
41 -1839.0000000000
45 -1831.0000000000
57 -1826.0000000000
67 -1814.0000000000
76 -1806.0000000000
85 -1801.0000000000
94 -1797.0000000000
113 -1788.0000000000
114 -1783.0000000000
121 -1763.0000000000
154 -1762.0000000000
163 -1743.0000000000
182 -1730.0000000000
221 -1729.0000000000
224 -1725.0000000000
244 -1722.0000000000
263 -1719.0000000000
274 -1716.0000000000
276 -1714.0000000000
284 -1711.0000000000
289 -1709.0000000000
303 -1708.0000000000
306 -1707.0000000000
326 -1704.0000000000
331 -1702.0000000000
342 -1696.0000000000
363 -1693.0000000000
384 -1677.0000000000
441 -1675.0000000000
444 -1674.0000000000
461 -1673.0000000000
464 -1667.0000000000
501 -1665.0000000000
522 -1664.0000000000
538 -1662.0000000000
542 -1659.0000000000
556 -1658.0000000000
577 -1656.0000000000
603 -1655.0000000000
605 -1653.0000000000
623 -1652.0000000000
642 -1651.0000000000
644 -1650.0000000000
665 -1648.0000000000
683 -1647.0000000000
705 -1646.0000000000
728 -1645.0000000000
737 -1643.0000000000
753 -1642.0000000000
765 -1641.0000000000
782 -1640.0000000000
788 -1639.0000000000
807 -1638.0000000000
835 -1636.0000000000
842 -1635.0000000000
849 -1633.0000000000
882 -1632.0000000000
885 -1631.0000000000
903 -1630.0000000000
911 -1628.0000000000
935 -1627.0000000000
943 -1626.0000000000
964 -1625.0000000000
969 -1622.0000000000
1003 -1621.0000000000
1017 -1620.0000000000
1021 -1619.0000000000
1041 -1617.0000000000
1073 -1616.0000000000
1096 -1615.0000000000
1102 -1612.0000000000
1124 -1611.0000000000
1145 -1609.0000000000
1164 -1607.0000000000
1195 -1605.0000000000
1205 -1604.0000000000
1220 -1603.0000000000
1239 -1601.0000000000
1268 -1600.0000000000
1287 -1598.0000000000
1305 -1596.0000000000
1331 -1595.0000000000
1361 -1594.0000000000
1364 -1593.0000000000
1385 -1590.0000000000
1400 -1589.0000000000
1428 -1588.0000000000
1452 -1586.0000000000
1477 -1585.0000000000
1483 -1584.0000000000
1499 -1583.0000000000
1501 -1582.0000000000
1512 -1581.0000000000
1528 -1579.0000000000
1562 -1577.0000000000
1581 -1576.0000000000
1613 -1575.0000000000
1636 -1574.0000000000
1656 -1573.0000000000
1663 -1570.0000000000
1699 -1569.0000000000
1705 -1567.0000000000
1723 -1565.0000000000
1732 -1564.0000000000
1748 -1563.0000000000
1761 -1562.0000000000
1777 -1560.0000000000
1821 -1557.0000000000
1863 -1555.0000000000
1890 -1554.0000000000
1907 -1553.0000000000
1922 -1552.0000000000
1926 -1550.0000000000
1960 -1549.0000000000
1971 -1548.0000000000
1986 -1547.0000000000
2003 -1545.0000000000
2049 -1543.0000000000
2063 -1542.0000000000
2086 -1540.0000000000
2110 -1539.0000000000
2121 -1535.0000000000
2130 -1532.0000000000
2166 -1529.0000000000
2191 -1527.0000000000
2220 -1526.0000000000
2222 -1525.0000000000
2245 -1524.0000000000
2262 -1522.0000000000
2278 -1521.0000000000
2286 -1520.0000000000
2302 -1517.0000000000
2327 -1515.0000000000
2344 -1512.0000000000
2382 -1508.0000000000
2405 -1507.0000000000
2427 -1505.0000000000
2461 -1504.0000000000
2494 -1503.0000000000
2509 -1501.0000000000
2516 -1499.0000000000
2529 -1498.0000000000
2538 -1497.0000000000
2543 -1496.0000000000
2548 -1495.0000000000
2571 -1494.0000000000
2589 -1493.0000000000
2600 -1491.0000000000
2609 -1487.0000000000
2645 -1486.0000000000
2668 -1485.0000000000
2681 -1483.0000000000
2707 -1482.0000000000
2728 -1481.0000000000
2745 -1480.0000000000
2767 -1479.0000000000
2772 -1478.0000000000
2781 -1477.0000000000
2792 -1476.0000000000
2807 -1474.0000000000
2830 -1472.0000000000
2849 -1471.0000000000
2871 -1470.0000000000
2884 -1468.0000000000
2902 -1465.0000000000
2949 -1464.0000000000
2968 -1463.0000000000
2974 -1462.0000000000
2990 -1461.0000000000
3015 -1460.0000000000
3034 -1458.0000000000
3047 -1456.0000000000
3061 -1453.0000000000
3113 -1452.0000000000
3121 -1450.0000000000
3161 -1449.0000000000
3163 -1448.0000000000
3165 -1446.0000000000
3201 -1445.0000000000
3227 -1444.0000000000
3244 -1443.0000000000
3270 -1442.0000000000
3289 -1439.0000000000
3306 -1436.0000000000
3322 -1435.0000000000
3329 -1434.0000000000
3384 -1433.0000000000
3407 -1432.0000000000
3420 -1431.0000000000
3442 -1430.0000000000
3469 -1426.0000000000
3503 -1425.0000000000
3505 -1424.0000000000
3510 -1423.0000000000
3540 -1421.0000000000
3556 -1420.0000000000
3565 -1416.0000000000
3601 -1415.0000000000
3605 -1414.0000000000
3621 -1413.0000000000
3628 -1412.0000000000
3649 -1409.0000000000
3664 -1406.0000000000
3686 -1405.0000000000
3706 -1403.0000000000
3726 -1401.0000000000
3755 -1400.0000000000
3782 -1398.0000000000
3793 -1397.0000000000
3805 -1396.0000000000
3821 -1395.0000000000
3843 -1394.0000000000
3844 -1393.0000000000
3865 -1392.0000000000
3883 -1390.0000000000
3900 -1389.0000000000
3920 -1388.0000000000
3925 -1385.0000000000
3948 -1384.0000000000
3971 -1383.0000000000
3975 -1382.0000000000
4000 -1380.0000000000
4007 -1378.0000000000
4036 -1376.0000000000
4043 -1375.0000000000
4066 -1372.0000000000
4081 -1371.0000000000
4104 -1370.0000000000
4122 -1369.0000000000
4139 -1368.0000000000
4165 -1366.0000000000
4172 -1365.0000000000
4185 -1364.0000000000
4186 -1363.0000000000
4222 -1361.0000000000
4241 -1360.0000000000
4263 -1358.0000000000
4304 -1355.0000000000
4322 -1354.0000000000
4350 -1353.0000000000
4369 -1352.0000000000
4381 -1351.0000000000
4392 -1349.0000000000
4421 -1348.0000000000
4427 -1346.0000000000
4442 -1345.0000000000
4469 -1344.0000000000
4485 -1343.0000000000
4490 -1342.0000000000
4529 -1340.0000000000
4541 -1339.0000000000
4567 -1338.0000000000
4581 -1336.0000000000
4606 -1335.0000000000
4623 -1334.0000000000
4662 -1333.0000000000
4682 -1332.0000000000
4685 -1330.0000000000
4698 -1328.0000000000
4728 -1327.0000000000
4729 -1326.0000000000
4746 -1325.0000000000
4756 -1324.0000000000
4783 -1322.0000000000
4799 -1321.0000000000
4802 -1319.0000000000
4826 -1318.0000000000
4860 -1314.0000000000
4879 -1313.0000000000
4887 -1312.0000000000
4901 -1310.0000000000
4921 -1309.0000000000
4922 -1306.0000000000
4943 -1305.0000000000
4962 -1304.0000000000
4987 -1303.0000000000
5009 -1302.0000000000
5032 -1301.0000000000
5044 -1299.0000000000
5055 -1298.0000000000
5063 -1297.0000000000
5076 -1296.0000000000
5088 -1294.0000000000
5105 -1292.0000000000
5133 -1291.0000000000
5145 -1290.0000000000
5156 -1288.0000000000
5183 -1287.0000000000
5221 -1286.0000000000
5242 -1285.0000000000
5267 -1284.0000000000
5274 -1283.0000000000
5307 -1280.0000000000
5332 -1278.0000000000
5368 -1277.0000000000
5382 -1275.0000000000
5391 -1274.0000000000
5402 -1273.0000000000
5405 -1272.0000000000
5442 -1270.0000000000
5457 -1269.0000000000
5481 -1268.0000000000
5484 -1267.0000000000
5501 -1266.0000000000
5524 -1265.0000000000
5540 -1264.0000000000
5551 -1262.0000000000
5563 -1261.0000000000
5582 -1260.0000000000
5589 -1259.0000000000
5626 -1258.0000000000
5636 -1257.0000000000
5642 -1255.0000000000
5661 -1254.0000000000
5691 -1251.0000000000
5724 -1248.0000000000
5743 -1247.0000000000
5769 -1246.0000000000
5790 -1245.0000000000
5798 -1244.0000000000
5800 -1243.0000000000
5813 -1242.0000000000
5833 -1241.0000000000
5851 -1239.0000000000
5886 -1238.0000000000
5914 -1236.0000000000
5929 -1235.0000000000
5957 -1232.0000000000
5970 -1230.0000000000
6002 -1229.0000000000
6004 -1228.0000000000
6061 -1226.0000000000
6081 -1225.0000000000
6091 -1224.0000000000
6104 -1223.0000000000
6120 -1222.0000000000
6156 -1221.0000000000
6158 -1220.0000000000
6161 -1219.0000000000
6186 -1218.0000000000
6202 -1217.0000000000
6232 -1216.0000000000
6242 -1215.0000000000
6246 -1214.0000000000
6253 -1213.0000000000
6273 -1211.0000000000
6282 -1209.0000000000
6328 -1208.0000000000
6334 -1205.0000000000
6342 -1204.0000000000
6364 -1202.0000000000
6397 -1201.0000000000
6406 -1200.0000000000
6438 -1196.0000000000
6482 -1195.0000000000
6484 -1194.0000000000
6517 -1192.0000000000
6528 -1191.0000000000
6542 -1188.0000000000
6564 -1186.0000000000
6597 -1184.0000000000
6623 -1181.0000000000
6658 -1180.0000000000
6669 -1179.0000000000
6671 -1175.0000000000
6720 -1174.0000000000
6741 -1173.0000000000
6748 -1172.0000000000
6776 -1171.0000000000
6790 -1170.0000000000
6811 -1169.0000000000
6829 -1168.0000000000
6838 -1167.0000000000
6863 -1166.0000000000
6889 -1165.0000000000
6892 -1163.0000000000
6906 -1162.0000000000
6926 -1161.0000000000
6946 -1159.0000000000
6964 -1158.0000000000
6989 -1157.0000000000
7003 -1155.0000000000
7035 -1154.0000000000
7061 -1153.0000000000
7063 -1152.0000000000
7094 -1151.0000000000
7098 -1150.0000000000
7130 -1148.0000000000
7167 -1147.0000000000
7195 -1144.0000000000
7209 -1143.0000000000
7242 -1142.0000000000
7267 -1141.0000000000
7290 -1139.0000000000
7310 -1138.0000000000
7332 -1136.0000000000
7346 -1134.0000000000
7409 -1133.0000000000
7431 -1132.0000000000
7451 -1131.0000000000
7464 -1130.0000000000
7477 -1129.0000000000
7484 -1128.0000000000
7487 -1127.0000000000
7490 -1126.0000000000
7526 -1125.0000000000
7550 -1123.0000000000
7587 -1122.0000000000
7613 -1121.0000000000
7628 -1120.0000000000
7646 -1119.0000000000
7651 -1118.0000000000
7684 -1117.0000000000
7703 -1116.0000000000
7724 -1114.0000000000
7736 -1113.0000000000
7765 -1112.0000000000
7791 -1111.0000000000
7795 -1109.0000000000
7824 -1108.0000000000
7849 -1107.0000000000
7866 -1105.0000000000
7913 -1104.0000000000
7944 -1102.0000000000
7978 -1101.0000000000
7983 -1100.0000000000
7999 -1099.0000000000
8024 -1098.0000000000
8044 -1097.0000000000
8072 -1095.0000000000
8089 -1094.0000000000
8106 -1093.0000000000
8128 -1090.0000000000
8150 -1089.0000000000
8182 -1088.0000000000
8214 -1086.0000000000
8261 -1085.0000000000
8286 -1084.0000000000
8312 -1083.0000000000
8351 -1080.0000000000
8365 -1077.0000000000
8391 -1075.0000000000
8428 -1074.0000000000
8455 -1072.0000000000
8502 -1071.0000000000
8521 -1070.0000000000
8525 -1069.0000000000
8548 -1068.0000000000
8565 -1067.0000000000
8571 -1066.0000000000
8581 -1065.0000000000
8628 -1063.0000000000
8663 -1062.0000000000
8672 -1061.0000000000
8682 -1060.0000000000
8714 -1059.0000000000
8770 -1058.0000000000
8781 -1055.0000000000
8840 -1054.0000000000
8847 -1053.0000000000
8867 -1052.0000000000
8877 -1050.0000000000
8898 -1049.0000000000
8918 -1048.0000000000
8921 -1046.0000000000
8948 -1044.0000000000
8965 -1043.0000000000
9003 -1042.0000000000
9036 -1041.0000000000
9045 -1039.0000000000
9072 -1038.0000000000
9090 -1037.0000000000
9104 -1036.0000000000
9107 -1034.0000000000
9141 -1033.0000000000
9157 -1030.0000000000
9193 -1029.0000000000
9202 -1028.0000000000
9224 -1026.0000000000
9251 -1025.0000000000
9262 -1024.0000000000
9284 -1023.0000000000
9291 -1021.0000000000
9334 -1019.0000000000
9341 -1018.0000000000
9381 -1017.0000000000
9391 -1016.0000000000
9393 -1015.0000000000
9414 -1013.0000000000
9443 -1011.0000000000
9461 -1010.0000000000
9512 -1009.0000000000
9526 -1008.0000000000
9542 -1007.0000000000
9553 -1006.0000000000
9584 -1005.0000000000
9618 -1003.0000000000
9646 -1002.0000000000
9652 -1001.0000000000
9666 -1000.0000000000
9684 -999.0000000000
9701 -998.0000000000
9709 -997.0000000000
9722 -996.0000000000
9741 -995.0000000000
9762 -994.0000000000
9790 -992.0000000000
9811 -991.0000000000
9855 -990.0000000000
9865 -989.0000000000
9881 -987.0000000000
9901 -986.0000000000
9905 -985.0000000000
9914 -984.0000000000
9947 -983.0000000000
9953 -982.0000000000
9968 -979.0000000000
9982 -978.0000000000
10001 -976.0000000000
10036 -973.0000000000
10063 -971.0000000000
10096 -970.0000000000
10100 -969.0000000000
10102 -967.0000000000
10141 -964.0000000000
10177 -963.0000000000
10188 -962.0000000000
10201 -960.0000000000
10243 -959.0000000000
10255 -958.0000000000
10290 -957.0000000000
10304 -956.0000000000
10326 -955.0000000000
10327 -954.0000000000
10333 -953.0000000000
10361 -952.0000000000
10386 -950.0000000000
10412 -948.0000000000
10433 -947.0000000000
10473 -946.0000000000
10490 -945.0000000000
10524 -944.0000000000
10536 -943.0000000000
10541 -941.0000000000
10565 -940.0000000000
10583 -939.0000000000
10615 -938.0000000000
10618 -937.0000000000
10636 -936.0000000000
10663 -935.0000000000
10672 -934.0000000000
10687 -933.0000000000
10725 -932.0000000000
10740 -931.0000000000
10760 -930.0000000000
10790 -927.0000000000
10812 -926.0000000000
10818 -924.0000000000
10826 -923.0000000000
10857 -922.0000000000
10883 -921.0000000000
10891 -919.0000000000
10921 -918.0000000000
10927 -917.0000000000
10945 -916.0000000000
10972 -914.0000000000
10999 -913.0000000000
11042 -912.0000000000
11063 -911.0000000000
11071 -910.0000000000
11096 -909.0000000000
11102 -908.0000000000
11135 -907.0000000000
11141 -906.0000000000
11169 -904.0000000000
11203 -903.0000000000
11232 -902.0000000000
11251 -901.0000000000
11260 -900.0000000000
11272 -899.0000000000
11288 -898.0000000000
11300 -897.0000000000
11306 -895.0000000000
11343 -894.0000000000
11366 -893.0000000000
11367 -892.0000000000
11410 -890.0000000000
11443 -889.0000000000
11447 -888.0000000000
11449 -887.0000000000
11462 -886.0000000000
11490 -885.0000000000
11503 -884.0000000000
11522 -883.0000000000
11548 -882.0000000000
11582 -881.0000000000
11602 -879.0000000000
11635 -878.0000000000
11645 -877.0000000000
11664 -876.0000000000
11668 -875.0000000000
11701 -874.0000000000
11715 -873.0000000000
11750 -872.0000000000
11771 -871.0000000000
11806 -869.0000000000
11827 -867.0000000000
11862 -866.0000000000
11882 -865.0000000000
11910 -862.0000000000
11917 -861.0000000000
11966 -860.0000000000
11995 -859.0000000000
11996 -856.0000000000
12004 -855.0000000000
12049 -854.0000000000
12061 -853.0000000000
12093 -851.0000000000
12122 -850.0000000000
12126 -848.0000000000
12162 -847.0000000000
12192 -844.0000000000
12229 -843.0000000000
12247 -842.0000000000
12271 -841.0000000000
12302 -839.0000000000
12345 -838.0000000000
12353 -837.0000000000
12382 -835.0000000000
12420 -834.0000000000
12434 -833.0000000000
12439 -832.0000000000
12454 -830.0000000000
12456 -828.0000000000
12469 -827.0000000000
12482 -823.0000000000
12525 -822.0000000000
12533 -821.0000000000
12565 -820.0000000000
12572 -819.0000000000
12602 -818.0000000000
12659 -816.0000000000
12667 -815.0000000000
12685 -814.0000000000
12727 -813.0000000000
12747 -810.0000000000
12765 -809.0000000000
12807 -808.0000000000
12811 -807.0000000000
12827 -805.0000000000
12879 -804.0000000000
12884 -803.0000000000
12942 -801.0000000000
12961 -800.0000000000
12962 -799.0000000000
12994 -796.0000000000
13054 -793.0000000000
13061 -792.0000000000
13088 -791.0000000000
13124 -789.0000000000
13153 -788.0000000000
13187 -787.0000000000
13193 -786.0000000000
13202 -785.0000000000
13221 -784.0000000000
13228 -782.0000000000
13266 -781.0000000000
13281 -779.0000000000
13316 -777.0000000000
13322 -775.0000000000
13347 -774.0000000000
13352 -773.0000000000
13364 -772.0000000000
13366 -771.0000000000
13381 -770.0000000000
13408 -769.0000000000
13416 -768.0000000000
13442 -767.0000000000
13473 -766.0000000000
13485 -765.0000000000
13489 -764.0000000000
13528 -762.0000000000
13558 -761.0000000000
13576 -759.0000000000
13605 -758.0000000000
13623 -757.0000000000
13643 -755.0000000000
13682 -753.0000000000
13693 -752.0000000000
13708 -751.0000000000
13732 -749.0000000000
13759 -748.0000000000
13764 -747.0000000000
13784 -746.0000000000
13791 -744.0000000000
13815 -743.0000000000
13851 -742.0000000000
13878 -741.0000000000
13881 -740.0000000000
13891 -739.0000000000
13930 -738.0000000000
13946 -737.0000000000
13966 -736.0000000000
13981 -735.0000000000
14001 -734.0000000000
14022 -733.0000000000
14057 -732.0000000000
14068 -731.0000000000
14087 -729.0000000000
14129 -727.0000000000
14142 -726.0000000000
14189 -725.0000000000
14222 -724.0000000000
14248 -723.0000000000
14270 -722.0000000000
14284 -721.0000000000
14285 -720.0000000000
14318 -719.0000000000
14327 -717.0000000000
14348 -716.0000000000
14364 -715.0000000000
14401 -713.0000000000
14412 -712.0000000000
14424 -711.0000000000
14463 -710.0000000000
14467 -709.0000000000
14489 -708.0000000000
14538 -707.0000000000
14555 -706.0000000000
14567 -705.0000000000
14587 -704.0000000000
14626 -702.0000000000
14658 -701.0000000000
14709 -698.0000000000
14756 -697.0000000000
14798 -696.0000000000
14801 -695.0000000000
14819 -694.0000000000
14821 -693.0000000000
14835 -692.0000000000
14857 -691.0000000000
14887 -690.0000000000
14890 -688.0000000000
14922 -686.0000000000
14967 -685.0000000000
14979 -683.0000000000
14983 -682.0000000000
15003 -681.0000000000
15022 -680.0000000000
15056 -679.0000000000
15074 -676.0000000000
15124 -675.0000000000
15129 -674.0000000000
15172 -673.0000000000
15190 -672.0000000000
15220 -671.0000000000
15226 -670.0000000000
15295 -669.0000000000
15325 -668.0000000000
15345 -667.0000000000
15347 -665.0000000000
15361 -664.0000000000
15401 -663.0000000000
15421 -662.0000000000
15461 -661.0000000000
15468 -660.0000000000
15506 -659.0000000000
15521 -658.0000000000
15545 -657.0000000000
15563 -656.0000000000
15584 -654.0000000000
15624 -653.0000000000
15650 -652.0000000000
15678 -650.0000000000
15735 -649.0000000000
15766 -647.0000000000
15817 -646.0000000000
15842 -645.0000000000
15851 -644.0000000000
15882 -643.0000000000
15909 -641.0000000000
15921 -639.0000000000
15962 -638.0000000000
15981 -637.0000000000
16020 -634.0000000000
16066 -633.0000000000
16109 -632.0000000000
16131 -631.0000000000
16154 -629.0000000000
16193 -627.0000000000
16215 -626.0000000000
16237 -625.0000000000
16278 -624.0000000000
16301 -622.0000000000
16355 -621.0000000000
16365 -619.0000000000
16410 -618.0000000000
16413 -616.0000000000
16465 -615.0000000000
16485 -614.0000000000
16491 -612.0000000000
16541 -611.0000000000
16593 -610.0000000000
16616 -609.0000000000
16623 -608.0000000000
16629 -607.0000000000
16653 -605.0000000000
16685 -604.0000000000
16707 -603.0000000000
16737 -601.0000000000
16779 -599.0000000000
16786 -598.0000000000
16825 -596.0000000000
16828 -595.0000000000
16879 -594.0000000000
16886 -593.0000000000
16898 -590.0000000000
16953 -587.0000000000
16987 -586.0000000000
17018 -585.0000000000
17042 -584.0000000000
17086 -582.0000000000
17122 -580.0000000000
17168 -579.0000000000
17187 -578.0000000000
17195 -577.0000000000
17219 -575.0000000000
17279 -574.0000000000
17303 -573.0000000000
17330 -572.0000000000
17353 -571.0000000000
17362 -570.0000000000
17381 -568.0000000000
17423 -567.0000000000
17449 -566.0000000000
17463 -565.0000000000
17497 -564.0000000000
17541 -562.0000000000
17581 -561.0000000000
17604 -559.0000000000
17645 -558.0000000000
17690 -557.0000000000
17717 -556.0000000000
17724 -555.0000000000
17753 -554.0000000000
17756 -553.0000000000
17780 -552.0000000000
17793 -551.0000000000
17840 -550.0000000000
17850 -549.0000000000
17887 -548.0000000000
17906 -547.0000000000
17929 -546.0000000000
17976 -544.0000000000
18017 -543.0000000000
18020 -542.0000000000
18041 -541.0000000000
18068 -537.0000000000
18124 -536.0000000000
18175 -535.0000000000
18178 -534.0000000000
18210 -533.0000000000
18223 -531.0000000000
18248 -530.0000000000
18253 -528.0000000000
18296 -527.0000000000
18311 -526.0000000000
18333 -525.0000000000
18342 -524.0000000000
18413 -523.0000000000
18445 -522.0000000000
18447 -521.0000000000
18487 -520.0000000000
18496 -518.0000000000
18521 -517.0000000000
18544 -516.0000000000
18584 -515.0000000000
18593 -514.0000000000
18601 -512.0000000000
18666 -511.0000000000
18692 -510.0000000000
18715 -509.0000000000
18735 -508.0000000000
18756 -507.0000000000
18764 -506.0000000000
18788 -505.0000000000
18823 -504.0000000000
18853 -503.0000000000
18874 -502.0000000000
18896 -501.0000000000
18920 -500.0000000000
18946 -498.0000000000
18972 -497.0000000000
18996 -496.0000000000
19002 -495.0000000000
19034 -494.0000000000
19037 -493.0000000000
19059 -492.0000000000
19090 -491.0000000000
19111 -489.0000000000
19160 -488.0000000000
19186 -487.0000000000
19224 -486.0000000000
19261 -485.0000000000
19271 -484.0000000000
19303 -482.0000000000
19342 -480.0000000000
19366 -478.0000000000
19424 -477.0000000000
19444 -476.0000000000
19466 -474.0000000000
19502 -473.0000000000
19541 -470.0000000000
19581 -469.0000000000
19612 -468.0000000000
19623 -466.0000000000
19658 -465.0000000000
19664 -464.0000000000
19697 -463.0000000000
19740 -462.0000000000
19764 -460.0000000000
19833 -459.0000000000
19835 -458.0000000000
19848 -457.0000000000
19865 -456.0000000000
19895 -455.0000000000
19906 -454.0000000000
19928 -453.0000000000
19970 -452.0000000000
19982 -451.0000000000
20017 -450.0000000000
20041 -447.0000000000
20070 -446.0000000000
20090 -445.0000000000
20103 -444.0000000000
20106 -443.0000000000
20147 -442.0000000000
20234 -440.0000000000
20270 -439.0000000000
20304 -438.0000000000
20363 -437.0000000000
20412 -436.0000000000
20436 -434.0000000000
20530 -433.0000000000
20544 -432.0000000000
20577 -431.0000000000
20589 -430.0000000000
20638 -429.0000000000
20675 -428.0000000000
20715 -427.0000000000
20755 -426.0000000000
20768 -425.0000000000
20790 -424.0000000000
20830 -423.0000000000
20846 -422.0000000000
20867 -421.0000000000
20908 -420.0000000000
20926 -418.0000000000
20957 -417.0000000000
20986 -415.0000000000
21014 -414.0000000000
21052 -413.0000000000
21084 -412.0000000000
21101 -411.0000000000
21111 -410.0000000000
21155 -409.0000000000
21188 -407.0000000000
21211 -406.0000000000
21233 -403.0000000000
21268 -402.0000000000
21300 -401.0000000000
21303 -400.0000000000
21330 -399.0000000000
21358 -398.0000000000
21390 -397.0000000000
21397 -396.0000000000
21421 -395.0000000000
21433 -394.0000000000
21494 -393.0000000000
21502 -391.0000000000
21538 -390.0000000000
21562 -387.0000000000
21638 -386.0000000000
21647 -385.0000000000
21684 -384.0000000000
21693 -383.0000000000
21704 -382.0000000000
21753 -381.0000000000
21818 -380.0000000000
21841 -379.0000000000
21862 -378.0000000000
21890 -376.0000000000
21945 -374.0000000000
22005 -373.0000000000
22051 -372.0000000000
22072 -370.0000000000
22115 -369.0000000000
22121 -368.0000000000
22171 -367.0000000000
22189 -364.0000000000
22225 -363.0000000000
22270 -361.0000000000
22310 -360.0000000000
22332 -359.0000000000
22377 -358.0000000000
22386 -357.0000000000
22452 -356.0000000000
22464 -354.0000000000
22544 -352.0000000000
22565 -351.0000000000
22629 -350.0000000000
22652 -348.0000000000
22683 -347.0000000000
22706 -345.0000000000
22784 -344.0000000000
22819 -343.0000000000
22825 -342.0000000000
22871 -339.0000000000
22930 -338.0000000000
22952 -337.0000000000
22986 -336.0000000000
23000 -335.0000000000
23012 -334.0000000000
23034 -333.0000000000
23082 -332.0000000000
23092 -331.0000000000
23149 -330.0000000000
23166 -329.0000000000
23188 -327.0000000000
23222 -326.0000000000
23300 -325.0000000000
23364 -324.0000000000
23424 -323.0000000000
23472 -322.0000000000
23541 -321.0000000000
23565 -320.0000000000
23590 -319.0000000000
23647 -317.0000000000
23668 -316.0000000000
23721 -315.0000000000
23732 -314.0000000000
23776 -313.0000000000
23799 -312.0000000000
23809 -311.0000000000
23825 -310.0000000000
23831 -309.0000000000
23904 -308.0000000000
23947 -307.0000000000
24006 -306.0000000000
24031 -305.0000000000
24049 -304.0000000000
24098 -303.0000000000
24153 -302.0000000000
24183 -300.0000000000
24194 -298.0000000000
24300 -297.0000000000
24339 -296.0000000000
24349 -295.0000000000
24420 -294.0000000000
24421 -293.0000000000
24464 -292.0000000000
24507 -291.0000000000
24567 -290.0000000000
24653 -289.0000000000
24699 -288.0000000000
24760 -287.0000000000
24775 -286.0000000000
24803 -285.0000000000
24847 -284.0000000000
24899 -283.0000000000
24901 -281.0000000000
24973 -279.0000000000
25070 -278.0000000000
25096 -277.0000000000
25132 -276.0000000000
25172 -274.0000000000
25193 -273.0000000000
25241 -270.0000000000
25288 -269.0000000000
25299 -267.0000000000
25308 -266.0000000000
25357 -265.0000000000
25423 -264.0000000000
25459 -263.0000000000
25486 -262.0000000000
25506 -260.0000000000
25521 -259.0000000000
25541 -258.0000000000
25590 -257.0000000000
25591 -256.0000000000
25639 -255.0000000000
25663 -254.0000000000
25710 -253.0000000000
25727 -252.0000000000
25753 -251.0000000000
25789 -249.0000000000
25828 -248.0000000000
25869 -247.0000000000
25885 -246.0000000000
25887 -245.0000000000
25923 -244.0000000000
25938 -243.0000000000
25993 -242.0000000000
26013 -240.0000000000
26043 -239.0000000000
26084 -238.0000000000
26123 -237.0000000000
26164 -236.0000000000
26205 -235.0000000000
26247 -234.0000000000
26281 -233.0000000000
26295 -231.0000000000
26363 -230.0000000000
26393 -229.0000000000
26402 -228.0000000000
26419 -226.0000000000
26478 -225.0000000000
26489 -224.0000000000
26519 -223.0000000000
26531 -222.0000000000
26542 -221.0000000000
26574 -220.0000000000
26628 -219.0000000000
26697 -218.0000000000
26699 -217.0000000000
26739 -216.0000000000
26765 -215.0000000000
26813 -214.0000000000
26823 -212.0000000000
26890 -211.0000000000
26940 -210.0000000000
26992 -209.0000000000
27004 -207.0000000000
27018 -206.0000000000
27059 -205.0000000000
27067 -204.0000000000
27132 -203.0000000000
27144 -202.0000000000
27190 -201.0000000000
27222 -200.0000000000
27227 -199.0000000000
27296 -198.0000000000
27308 -197.0000000000
27346 -196.0000000000
27381 -195.0000000000
27407 -194.0000000000
27428 -193.0000000000
27461 -192.0000000000
27531 -191.0000000000
27585 -190.0000000000
27634 -189.0000000000
27661 -188.0000000000
27666 -187.0000000000
27723 -186.0000000000
27766 -185.0000000000
27829 -184.0000000000
27876 -183.0000000000
27893 -182.0000000000
27984 -181.0000000000
28100 -180.0000000000
28159 -179.0000000000
28183 -178.0000000000
28253 -177.0000000000
28281 -176.0000000000
28329 -175.0000000000
28343 -174.0000000000
28404 -172.0000000000
28470 -171.0000000000
28509 -170.0000000000
28557 -169.0000000000
28569 -168.0000000000
28570 -167.0000000000
28627 -166.0000000000
28654 -165.0000000000
28705 -164.0000000000
28758 -163.0000000000
28781 -162.0000000000
28833 -161.0000000000
28841 -160.0000000000
28850 -159.0000000000
28908 -158.0000000000
28910 -157.0000000000
28944 -156.0000000000
29007 -155.0000000000
29080 -154.0000000000
29138 -153.0000000000
29179 -152.0000000000
29238 -151.0000000000
29271 -150.0000000000
29375 -149.0000000000
29539 -148.0000000000
29569 -147.0000000000
29648 -146.0000000000
29656 -145.0000000000
29748 -144.0000000000
29789 -143.0000000000
29830 -142.0000000000
29849 -141.0000000000
29874 -140.0000000000
29893 -139.0000000000
29928 -138.0000000000
29963 -137.0000000000
30028 -136.0000000000
30038 -135.0000000000
30104 -134.0000000000
30142 -133.0000000000
30148 -132.0000000000
30219 -131.0000000000
30221 -129.0000000000
30256 -128.0000000000
30293 -127.0000000000
30325 -126.0000000000
30357 -125.0000000000
30366 -124.0000000000
30381 -123.0000000000
30426 -122.0000000000
30562 -121.0000000000
30638 -120.0000000000
30680 -119.0000000000
30701 -118.0000000000
30728 -117.0000000000
30780 -116.0000000000
30815 -115.0000000000
30836 -114.0000000000
30857 -113.0000000000
30916 -112.0000000000
30923 -111.0000000000
31032 -110.0000000000
31084 -109.0000000000
31166 -108.0000000000
31189 -107.0000000000
31202 -106.0000000000
31258 -104.0000000000
31346 -103.0000000000
31382 -102.0000000000
31427 -101.0000000000
31467 -100.0000000000
31531 -99.0000000000
31609 -98.0000000000
31648 -97.0000000000
31700 -96.0000000000
31717 -95.0000000000
31779 -94.0000000000
31803 -93.0000000000
31873 -92.0000000000
31941 -91.0000000000
31983 -90.0000000000
32089 -89.0000000000
32142 -88.0000000000
32229 -87.0000000000
32314 -85.0000000000
32361 -84.0000000000
32389 -83.0000000000
32392 -81.0000000000
32507 -80.0000000000
32536 -79.0000000000
32578 -78.0000000000
32632 -77.0000000000
32661 -76.0000000000
32696 -75.0000000000
32724 -74.0000000000
32785 -73.0000000000
32877 -72.0000000000
32883 -71.0000000000
32886 -70.0000000000
32931 -69.0000000000
32961 -68.0000000000
32977 -66.0000000000
33031 -65.0000000000
33121 -64.0000000000
33169 -63.0000000000
33253 -62.0000000000
33292 -61.0000000000
33357 -60.0000000000
33495 -59.0000000000
33579 -58.0000000000
33607 -57.0000000000
33686 -55.0000000000
33881 -54.0000000000
33945 -53.0000000000
34022 -52.0000000000
34178 -51.0000000000
34229 -50.0000000000
34308 -49.0000000000
34321 -48.0000000000
34377 -47.0000000000
34433 -46.0000000000
34525 -45.0000000000
34554 -44.0000000000
34639 -43.0000000000
34674 -42.0000000000
34718 -41.0000000000
34736 -40.0000000000
34782 -38.0000000000
34890 -36.0000000000
34952 -35.0000000000
35012 -34.0000000000
35038 -33.0000000000
35088 -32.0000000000
35238 -31.0000000000
35287 -30.0000000000
35376 -29.0000000000
35462 -28.0000000000
35550 -27.0000000000
35618 -26.0000000000
35657 -25.0000000000
35691 -24.0000000000
35751 -23.0000000000
35873 -22.0000000000
35979 -21.0000000000
36109 -20.0000000000
36138 -19.0000000000
36191 -18.0000000000
36349 -17.0000000000
36438 -16.0000000000
36466 -15.0000000000
36497 -14.0000000000
36658 -13.0000000000
36970 -12.0000000000
37073 -11.0000000000
37123 -10.0000000000
37167 -9.0000000000
37280 -8.0000000000
37725 -7.0000000000
37839 -6.0000000000
38063 -4.0000000000
38130 -3.0000000000
38212 -2.0000000000
38384 -1.0000000000
38502 622.9400000000
38563 626.2100000000
38574 634.0000000000
38586 640.1200000000
38764 641.7700000000
38899 644.2700000000
39043 648.2800000000
39685 648.6400000000
39784 656.8300000000
39921 737.9800000000
39982 739.4700000000
40001 741.8800000000
40002 752.7800000000
40155 761.3600000000
40948 764.5500000000
41758 771.9400000000
41819 773.4300000000
42039 778.4800000000
42581 785.9400000000
44111 786.4900000000
45006 787.8200000000
45062 797.0100000000
45086 800.1000000000
45213 807.0400000000
45218 808.2700000000
45422 811.3700000000
45438 812.2000000000
47172 819.9000000000
51637 821.4400000000
53179 826.1000000000
56900 831.7600000000
57168 833.1500000000
57753 833.7200000000
58247 835.1200000000
58485 836.1800000000
58785 839.2100000000
59062 851.5600000000
61238 854.8200000000
100000 -2.0000000000
