evaluations raw_y
1 -2165910.0000000005
2 -2117802.0000000005
9 -2108731.0000000005
19 -2107742.0000000005
26 -2103711.0000000005
31 -2074581.0000000005
64 310025.4635723739
144 310041.1166752806
148 311687.7846973506
166 315030.7216173722
185 316523.6385244833
208 316614.1193521216
242 316676.7699512111
245 317650.7560662225
281 319349.5864086933
308 319465.3464660228
312 319484.6116699276
333 320526.6746001772
352 320535.0732678148
359 321558.4808449480
403 321860.2599781093
410 322030.9147975569
422 322042.6766152586
427 322981.9371610262
435 323214.2535790161
450 323670.7625139063
472 323687.2936626159
484 323866.6137852565
485 324110.2280854414
497 324644.0919052575
535 325572.7548595883
578 326703.6355780207
626 326815.5917014568
641 327196.7374634070
668 327389.1768640928
692 327558.1660985218
710 327626.0582496578
712 327685.3581312691
726 327798.9072457215
741 328076.0993062364
804 328944.1644194233
826 328947.5533697393
863 329343.0707840812
884 329536.8508049174
917 329544.2323421427
942 329706.2789645960
982 329909.7699545649
1012 330275.6880722752
1050 330310.6077726412
1053 330793.5545676365
1087 331071.5920423951
1123 331163.1608037287
1129 331374.1341899224
1154 331393.6664811816
1156 331743.7393981304
1162 332061.0107680672
1225 332547.7864885337
1248 332572.8472453800
1274 333012.6447376140
1288 333183.8203789543
1299 333670.3209108126
1343 334122.5945387399
1349 334161.1438985699
1376 334463.1593284636
1396 334580.8211977921
1414 335251.6621008125
1415 335705.3006672639
1439 335829.0094658234
1441 336086.3030737752
1469 336116.9712353607
1490 336336.8043056654
1495 336555.0028928053
1515 337133.9786193489
1544 337375.7837993164
1566 337729.0187447486
1575 337737.0266265851
1581 338041.0489617935
1595 338166.1317962044
1609 338491.7256115383
1632 338686.7233272710
1650 339215.6873801529
1666 339248.3333075793
1695 339296.5910018397
1705 339420.7549725416
1707 339482.9346784767
1712 339696.1577569604
1735 339783.6752346930
1765 340146.4005516011
1790 340627.3369889151
1823 340713.5230135669
1825 340819.1032176863
1848 341359.7326694019
1864 341367.3725775870
1866 341881.9924497182
1908 341907.1905667377
1926 342295.3522700830
1947 342828.0918831627
1965 343004.7361519202
1971 343427.0764084371
1997 343486.2828833217
2022 343506.1637649298
2023 343508.2417144090
2028 344150.0417227508
2044 344339.8871183219
2064 344535.3751837814
2101 344670.1794177900
2108 345142.2898699232
2140 345165.1228268890
2146 345470.6448666531
2156 345571.5520188317
2166 346938.6606219434
2192 347023.8146866409
2252 347217.3176400053
2269 347722.8369299924
2364 348708.3865889098
2422 348888.6164484287
2457 349295.4407562736
2468 349296.4618566792
2516 349585.8724075690
2526 350159.3930631186
2556 350845.5345365393
2582 350853.2038905059
2598 350858.5044723530
2611 351478.5449379230
2628 352073.9992659921
2653 352261.5416581607
2712 352299.0918382403
2717 352517.8226197980
2742 352625.4035159820
2748 352975.9728542655
2768 353016.9618580031
2799 353468.1553753808
2830 354143.4974936905
2858 354588.3920885186
2882 355098.2424678610
2894 355300.2988046061
2908 356401.1833158591
2966 356600.6680701253
2992 357023.1622164899
3023 357414.9092184994
3041 357531.1896627076
3048 357577.1218177266
3052 357807.3739928575
3061 357928.7169328139
3068 358446.6413023006
3094 358622.5514463264
3108 358785.0734905442
3138 359106.4273194663
3153 359221.5466421355
3176 359237.7967371080
3207 359342.4114598605
3241 359896.7270610249
3276 360323.2778441168
3299 360672.9769766275
3371 360808.5822644322
3451 361327.1856840955
3562 361661.1412762007
3582 361680.1716113430
3617 362057.5651432581
3682 362217.2993724070
3696 362746.7537311479
3751 363146.7228074937
3787 363832.0884276561
3830 363976.4558980344
3853 364043.0068031705
3932 364315.7372558985
3935 364436.7103073086
3966 364606.2645629648
3988 365859.9509583836
4034 366388.8173071035
4075 366564.3451617575
4086 366717.7590709367
4088 366917.8626636514
4132 366931.7448270293
4147 367594.7507877600
4201 368010.2355354629
4246 368253.9890488681
4265 368272.4244470969
4304 368660.5649334177
4376 369037.6757237648
4409 369163.8299044522
4412 369211.7029617033
4430 369624.8776716302
4511 370126.4856480284
4546 370440.2758447413
4582 370665.4284413835
4604 370701.2195643830
4615 371043.2173537072
4641 371044.7334553947
4643 371360.2486085109
4668 371614.8934687467
4684 371647.3084944677
4698 371873.5448392462
4710 371886.1497964735
4725 371968.9201208435
4734 372124.5787556382
4749 372619.3449758047
4798 372856.8252855849
4812 373254.7633799381
4871 373412.7852272005
4888 373825.8593679674
4958 374252.9444176297
4959 374279.1630707985
4962 374732.4672951010
5024 374993.2330770493
5048 375417.2553009235
5090 375700.8679097739
5110 376086.3620073248
5140 376123.7029094762
5147 376471.6785164119
5191 376509.2003720882
5204 376652.5412315027
5222 376842.0581074883
5261 377161.9608292420
5274 377359.3706019004
5284 377661.3463970231
5300 377678.7798062085
5323 377954.9610835926
5359 378032.6485428892
5366 378392.5546852705
5382 378687.1731052396
5409 378891.4060271624
5412 379186.6782856236
5456 379259.1982826681
5478 379497.2905994380
5492 379515.6479866553
5497 380135.0946279283
5625 380229.9666303732
5645 380317.8073415973
5661 380476.7342388189
5663 380509.0901437852
5664 380693.3996320943
5684 380869.0943524336
5707 381262.1167330732
5759 381684.6880935109
5769 381841.3073090438
5776 382270.1312673570
5805 382492.6907543638
5847 382567.2894195496
5883 382759.7040922889
5894 383087.2878730490
5921 383190.5174559444
5929 383685.8690798295
5948 383922.7288084177
5979 383935.1212713273
5986 384048.3208527314
6018 384221.0220230225
6021 384418.6210066361
6140 384455.2747301943
6305 384647.8964613902
6365 384705.3738982022
6370 384998.4767706556
6377 385005.9621936308
6410 385255.4416352167
6420 385311.5563133931
6446 385976.7489084652
6478 386014.2031265920
6512 386230.8425190153
6528 386364.0648918098
6596 386537.3268885362
6625 387022.6365003115
6679 387045.4275896733
6684 387176.6009436433
6706 387433.5710429130
6761 387859.7379104199
6784 388328.9969992196
6838 388365.4462259221
6887 388716.9808609840
6950 389252.2173374246
7025 389840.1449445136
7063 390029.0927508696
7083 390090.6200912810
7087 390182.3793090218
7128 390407.5607982766
7198 390576.7740017126
7219 390592.2530029437
7250 390761.4662686022
7253 390837.2115314630
7284 391003.7017586777
7353 391332.2590689292
7415 391897.8918507097
7454 392340.7896075750
7461 392468.7611638165
7490 392497.7237329721
7502 392513.5378019069
7508 392804.7089198858
7524 392911.8165426301
7581 393668.5253137639
7606 394193.8849743701
7631 394303.1331027502
7663 394632.1467795205
7678 394716.5743325131
7711 394718.6608030577
7752 394760.0238916323
7767 394910.8856400081
7782 394925.5661430489
7794 395339.0363029224
7818 395434.3675426116
7823 395570.4941411439
7833 396033.8271844445
7845 396134.0155144480
7848 396214.5247277208
7869 396923.4706910018
7916 397035.0607677549
7921 397919.4662180733
8015 398211.9079331101
8027 398559.7877350153
8114 398793.7455764460
8122 398947.0517764811
8151 399021.5282256209
8213 399137.9586535656
8230 399191.7925967452
8235 399403.5999903061
8242 399674.9663940215
8267 399894.1126149386
8296 399998.2185306504
8346 400408.0301025572
8350 400497.2866277367
8379 400519.5540441578
8390 400793.7076423066
8404 400881.1693509120
8408 401273.2679095289
8463 401519.9814109624
8487 401638.2027945095
8494 401935.3146263530
8511 401969.3118183673
8534 401977.5565066807
8579 402467.2904973955
8626 402631.3457541663
8652 402641.7566548045
8707 403716.0080678153
8787 403765.1753406766
8838 404191.0787405462
8866 404924.8728622906
8927 405206.4731751664
8953 405254.8084519319
8985 405268.4256971878
8994 405727.5970068489
9025 405744.5216505240
9054 405773.8727132470
9097 405803.4455793416
9122 405855.1313199151
9151 405929.7341789841
9189 406063.6612976097
9196 406068.1057391784
9212 406144.1429983416
9225 406487.1454799705
9322 407429.9606834429
9368 407431.8357061038
9379 407872.6939336334
9389 408083.3692647767
9501 408108.6681290538
9575 408853.5030892296
9639 408878.7814615028
9677 408950.0917833184
9679 409203.2062651889
9716 409834.0797574806
9732 409858.2881877953
9808 410205.2194788702
9894 410421.5749621970
9962 410619.7763192879
10079 410673.9102272916
10109 411374.7241827697
10164 411581.5250542206
10178 411866.5125901890
10208 412132.8667639049
10298 412465.3706553513
10330 412522.0489823731
10392 412683.0993656993
10454 413276.7104406813
10547 413689.0981340298
10619 413736.7564340162
10646 413860.0500029307
10703 413868.7155537781
10785 414331.5703631257
10813 414474.6073743881
10834 414659.3899603388
10870 414919.9599584566
10903 415265.5124686501
10976 415364.3101968901
10980 416514.2323693265
11050 416572.8466562368
11071 416836.8647341264
11095 416924.9636359194
11140 417212.1945761801
11180 417237.3590904315
11199 417328.3405149287
11232 417423.7620987369
11262 417524.0550072690
11310 418028.7526054863
11394 418058.4242844383
11401 418110.7067743436
11434 418266.6566627112
11469 418365.5634351370
11476 418404.7655247497
11482 418504.3880638004
11496 418690.0376669330
11531 418739.3248416946
11537 418888.5674456782
11574 418905.3547470912
11591 419221.9126526744
11624 419373.6922002162
11640 419574.7216205189
11651 419833.5290392154
11691 419934.5764493920
11712 419955.3245256155
11730 419969.8880206574
11733 420090.4352890210
11759 420153.2481884140
11764 420290.7956467454
11805 420544.7816934346
11828 420759.7974404289
11833 420955.2561780390
11860 421282.7473530816
11861 421523.0906190834
11924 421773.1047439198
11997 421912.0877386529
12020 422030.6459935866
12024 422050.3769291247
12032 422190.6012077209
12037 422261.2198111809
12077 422462.4335903777
12136 422467.0013979666
12137 422879.9188731397
12229 422884.4868414490
12237 423138.9680936429
12291 423579.5536224873
12375 423682.8799984475
12385 424197.5145946352
12516 424271.7429635724
12551 424394.4168113379
12570 424422.3251238139
12583 424594.5867018206
12592 425003.6116319585
12627 425158.8028375520
12646 425313.6239865934
12700 425485.7009231934
12724 425703.3765926071
12746 425926.7030819505
12789 426144.3755589987
12792 426447.1236288394
12871 426504.6350846641
12897 426628.1386251068
12963 426967.0940870832
13019 427005.1881558070
13123 427173.5168699812
13301 427398.8945495866
13318 427808.5241339314
13353 428033.9018296570
13370 428056.4471577851
13387 428081.2259716594
13446 428381.7695897323
13462 428404.3168509838
13502 428707.0404514817
13549 428862.9822317687
13676 428928.7648322494
13755 429088.3140660857
13829 429408.2745724501
13895 429771.3321961387
14018 429774.6587026426
14055 429953.3535682866
14126 430063.2879074268
14175 430137.9178644592
14370 430618.0405925713
14482 431014.4866789595
14810 431023.4929257732
14841 431580.3703049555
14965 431597.1167830388
14990 431721.8611287568
15034 432142.9751705094
15068 432615.8843490877
15121 432881.7632556973
15233 432952.4664699469
15398 432974.8450140856
15561 433680.8240498090
15639 433876.4467355618
15671 433906.0938637459
15709 434336.8831033703
15785 434460.0963338253
15822 434662.7755743587
15993 434868.9313860139
16048 434895.5225203881
16051 435054.8437340455
16082 435100.1122967112
16110 435524.1879797695
16123 435799.5881565463
16185 435864.8232700424
16257 435873.9774037324
16263 436175.1345538109
16272 436564.3991463024
16308 436768.0434172644
16549 437083.8591834831
16613 437262.2165786119
16683 437577.8911100690
16802 437653.0850057326
16839 437704.2105393275
16867 437979.0118979984
16868 437992.4477101289
16911 438056.0128400230
16981 438234.6891877110
16984 438288.5018734335
17126 438527.1515184189
17259 438634.9350635679
17268 438841.9828737936
17322 439080.8706440039
17323 439168.1653163354
17382 439407.0535345484
17498 439467.3162107905
17513 439552.8398261836
17548 439633.0662426081
17614 439718.5908006009
17619 439819.1616529624
17622 440076.4594071656
17645 440161.9830225586
17944 440630.6417036357
18026 441074.8560036828
18118 441183.5056064345
18235 441507.5574203804
18325 441739.1910311018
18383 441740.6110862216
18555 441812.8196516288
18713 441881.6710241209
18802 442040.1655965354
19054 442355.6895564304
19160 442715.7012511375
19233 442752.0720955813
19432 442918.3633594904
19521 443178.8151105102
19567 443229.3498595670
19643 443432.8588331783
19747 443714.5515309705
19869 443884.3905538713
20018 443952.9742654934
20077 444180.1356300357
20201 444241.9066449763
20241 444379.6600982876
20261 444589.7563400471
20290 444669.9070877467
20321 444745.6960440109
20397 444973.7289075574
20449 445128.9751551255
20492 445289.8109159333
20503 445358.0189723908
20514 445372.4405749012
20589 445425.9354411064
20633 445772.8264689248
20789 445847.8192824890
20790 446034.7812589438
20852 446143.1095532817
20936 446194.7347767143
20961 446271.2557104413
21024 446284.8312486914
21040 446288.8309822192
21047 446341.8958990009
21221 446389.9980261702
21275 446744.1970825376
21294 447443.5095518524
21559 447485.7548799500
21612 447796.1793185326
21629 447838.9503717839
21666 447954.4085852992
21682 448299.1002350346
21718 448466.4472658962
21747 448916.1644038868
21833 448958.7230363740
21849 448968.7188509533
21906 449011.2725414055
22016 449015.1634223906
22039 449108.0056243410
22079 449134.8015753258
22091 449387.8231370872
22108 449391.7256493621
22165 449523.4396798988
22203 449567.7827771069
22237 449705.9823262326
22304 449752.0477392202
22357 449855.7231563485
22588 450046.9204748045
22646 450173.8317126834
22655 450260.6363682027
22679 450393.8018292644
22703 450625.7011998741
22731 450669.8383462129
22742 450780.3446318940
22760 450986.7821706166
22833 451430.3808846688
22917 451432.5554353622
23047 451479.3974163514
23303 451665.5915837318
23614 451914.6016486863
23698 451935.9209865596
24336 451941.3270592118
24350 452108.1738355336
24517 452506.0216242670
24728 452533.0729880760
24841 452852.5674751995
24900 453057.7045556350
25018 453343.4698886127
25072 453531.5355674485
25102 453548.6010006213
25104 453838.3400895654
25169 453992.8887124810
25383 454052.8273901011
25430 454207.0472798977
25543 454477.4826254613
25649 454893.5762931395
25845 454948.0316028580
25910 455102.6336824649
25948 455116.9583987910
25962 455160.2180523163
26001 455455.2490344977
26068 455555.5745876829
26072 455829.7268982872
26228 456050.3531058138
26724 456090.6136204753
26759 456479.6328515411
27017 456495.8721680322
27165 456500.2293013058
27276 456725.0686544529
27326 456782.7036812915
27376 456971.2700236547
27478 457075.3783975673
27517 457163.9227832389
27565 457198.0053093771
27663 457243.5114423241
27692 457497.8402271051
27722 457678.7991901006
27831 457994.6523864291
28293 458244.6156250910
28342 458370.6182493144
28375 458558.3184054743
28452 458731.6712270912
28741 458745.8665453050
28972 458865.3563271553
29072 458960.5606986923
29172 459346.3440423870
29228 459438.8273976785
29255 459760.6897099324
29398 459845.5320340837
29410 459853.1731033052
29468 460041.0259896532
29602 460065.4666568874
29665 460387.8152608476
29786 460538.8400422446
29893 460829.8746917510
29971 461098.5148192546
29990 461119.3281744367
30005 461167.4265511842
30058 461397.2784897703
30099 461399.4125678225
30131 461656.3271771166
30145 461673.7808696306
30264 461714.4959119351
30921 462079.8824569545
31040 462195.1918861604
31046 462459.8244869348
31125 462622.8859285254
31142 462701.7529139064
31352 462757.8014379191
31875 462864.9658895003
31903 463196.3387806729
32078 463531.6640259105
32089 463532.8589035036
32210 463589.3271886073
32346 463771.9565989335
32720 463802.6928214851
32791 463876.6939725864
33465 463963.8427401434
33548 464178.1167416483
33837 464233.4798537486
33871 464459.4636528058
34037 464544.7744425057
34126 464745.5883453881
34629 464798.3490514708
34791 464805.3665073367
34820 464930.9618481002
34880 464974.0875503185
35514 465153.2944299059
35575 465384.2514051332
36495 465533.9233165052
36505 465534.7003643876
36577 465666.4945789243
36637 466105.3805011300
36792 466128.7419408614
37163 466569.3188344657
37631 466901.1566076237
37863 467194.3982025429
38469 467195.4801397538
38855 467359.1463202673
39002 467458.4459979051
39031 467513.6444265322
39091 467557.2276633432
39094 467772.1263604778
39140 467842.8930654428
39434 468217.8380879311
39671 468218.0691870506
39758 468330.2871103119
39809 468383.5595012694
40007 468384.2391618224
40066 468762.2239766860
40124 468941.1537068822
40714 469090.0342968339
41843 469154.1794068407
41939 469228.7830064921
41950 469419.0687389589
42166 469444.0287891054
42264 469550.2609873341
42446 469575.2376861150
42530 469666.6529395505
42719 469784.7597920151
42899 469875.5433857808
43081 469895.0658003964
43800 469939.6127549633
44157 470318.8781263728
44206 470422.5158892195
44234 470532.3139126949
44261 470654.5646568291
45523 470758.0168045969
46017 471050.1561934739
46380 471066.0906146126
46407 471220.4259366951
46430 471283.7270612487
46928 471356.7733915953
47022 471372.2622036690
47406 471521.4193875314
48518 471682.6568061290
49304 471683.6454417988
50477 472008.0625361796
50722 472202.6655775699
51322 472265.7278951070
51504 472392.2056264428
52123 472459.0572504628
52306 472617.9808894045
52660 472647.5183691092
52743 472772.2402069980
53480 472830.5187578609
53676 472978.6253849184
54428 473072.8279076222
54446 473089.4493791357
54541 473166.9536880922
54647 473277.1791757879
54689 473285.8875637429
55022 473567.3177881530
55660 473567.9922958746
55819 473568.0086438126
56243 473629.1316554633
56295 473818.6171174110
56756 473856.5010273531
56877 473912.8606202566
56932 473983.3617274679
57135 474041.0594554447
57467 474059.2801359199
57727 474098.5046851885
58471 474105.2199341119
58663 474143.6826111798
58780 474172.0975648625
58973 474189.6285456786
59258 474217.3915384893
59768 474224.3623778190
59998 474309.3625469720
60763 474357.9262783728
61554 474365.9512953095
62259 474380.0483930457
62317 474732.3298114410
64917 474832.0124311158
66716 474911.5007251339
67795 475028.0847364360
68459 475206.7336617493
69359 475209.8612448713
70013 475389.1065550018
70026 475397.5758863681
72281 475493.2921738177
72936 475528.8936226488
73989 475533.0940611415
74036 475623.3769094119
74067 475695.2144251215
75008 475890.8205042986
76120 475965.4995859822
77261 475971.4022472637
77352 476106.9559470329
78021 476175.8691380151
78612 476193.5602841881
79600 476236.9099350594
79637 476296.0657634865
80204 476413.6504457757
80296 476554.6132061481
80422 476577.9576940958
80661 476748.9175356902
80864 476779.5642527081
80948 476782.4491410249
80987 476809.4343148225
81047 476983.2195070719
81519 477009.7969693789
82682 477043.6423339332
83864 477228.7943783115
84132 477281.5306167266
85676 477431.9287159357
88708 477476.4525769904
88776 477509.2449134605
89070 477630.9449477307
89292 477643.9092542354
89957 477688.7564559914
89963 477772.2266425270
90480 477782.7361664798
90503 477839.1350359957
93050 477892.7194847401
93112 477949.3368408909
95147 477997.8903806221
97239 478017.1704662734
97304 478037.4891765801
97888 478072.8233069089
99665 478176.3275196166
99794 478183.3863736409
99820 478263.0007694010
100000 478263.0007694010
