evaluations raw_y
1 -1923.0000000000
4 -1922.0000000000
9 -1921.0000000000
10 -1920.0000000000
13 -1919.0000000000
16 -1918.0000000000
26 -1917.0000000000
28 -1916.0000000000
29 -1914.0000000000
31 -1913.0000000000
39 -1912.0000000000
46 -1911.0000000000
47 -1910.0000000000
52 -1909.0000000000
54 -1908.0000000000
56 -1907.0000000000
57 -1905.0000000000
58 -1902.0000000000
63 -1901.0000000000
65 -1900.0000000000
67 -1899.0000000000
77 -1898.0000000000
80 -1897.0000000000
81 -1896.0000000000
89 -1895.0000000000
93 -1893.0000000000
100 -1892.0000000000
102 -1890.0000000000
105 -1888.0000000000
106 -1886.0000000000
107 -1884.0000000000
108 -1883.0000000000
111 -1879.0000000000
112 -1878.0000000000
114 -1877.0000000000
117 -1876.0000000000
119 -1875.0000000000
122 -1874.0000000000
131 -1873.0000000000
132 -1870.0000000000
133 -1869.0000000000
135 -1868.0000000000
139 -1866.0000000000
144 -1865.0000000000
147 -1864.0000000000
154 -1861.0000000000
155 -1860.0000000000
163 -1858.0000000000
169 -1857.0000000000
173 -1856.0000000000
175 -1855.0000000000
176 -1854.0000000000
182 -1853.0000000000
184 -1852.0000000000
190 -1851.0000000000
198 -1850.0000000000
202 -1849.0000000000
203 -1848.0000000000
205 -1846.0000000000
212 -1845.0000000000
218 -1844.0000000000
221 -1843.0000000000
224 -1841.0000000000
226 -1839.0000000000
233 -1838.0000000000
235 -1837.0000000000
236 -1836.0000000000
237 -1835.0000000000
240 -1834.0000000000
241 -1833.0000000000
247 -1832.0000000000
249 -1830.0000000000
251 -1829.0000000000
252 -1827.0000000000
254 -1826.0000000000
263 -1825.0000000000
271 -1824.0000000000
273 -1823.0000000000
276 -1822.0000000000
279 -1821.0000000000
289 -1820.0000000000
290 -1819.0000000000
296 -1818.0000000000
297 -1816.0000000000
300 -1815.0000000000
304 -1813.0000000000
312 -1812.0000000000
320 -1811.0000000000
321 -1810.0000000000
324 -1809.0000000000
331 -1807.0000000000
341 -1806.0000000000
359 -1805.0000000000
362 -1804.0000000000
363 -1803.0000000000
366 -1802.0000000000
368 -1801.0000000000
369 -1800.0000000000
372 -1799.0000000000
376 -1798.0000000000
377 -1797.0000000000
379 -1796.0000000000
383 -1795.0000000000
387 -1794.0000000000
391 -1793.0000000000
393 -1791.0000000000
394 -1790.0000000000
395 -1787.0000000000
396 -1785.0000000000
400 -1784.0000000000
401 -1783.0000000000
412 -1782.0000000000
425 -1781.0000000000
428 -1780.0000000000
430 -1778.0000000000
435 -1777.0000000000
439 -1776.0000000000
448 -1775.0000000000
450 -1773.0000000000
452 -1772.0000000000
457 -1771.0000000000
461 -1770.0000000000
468 -1769.0000000000
472 -1768.0000000000
479 -1767.0000000000
482 -1765.0000000000
488 -1764.0000000000
492 -1763.0000000000
496 -1761.0000000000
501 -1760.0000000000
504 -1759.0000000000
522 -1758.0000000000
530 -1756.0000000000
533 -1755.0000000000
539 -1754.0000000000
545 -1752.0000000000
546 -1751.0000000000
548 -1750.0000000000
551 -1749.0000000000
560 -1748.0000000000
561 -1747.0000000000
563 -1746.0000000000
567 -1745.0000000000
568 -1744.0000000000
576 -1743.0000000000
584 -1742.0000000000
587 -1741.0000000000
588 -1740.0000000000
592 -1739.0000000000
596 -1738.0000000000
598 -1737.0000000000
617 -1736.0000000000
618 -1735.0000000000
620 -1734.0000000000
623 -1733.0000000000
630 -1732.0000000000
631 -1731.0000000000
632 -1730.0000000000
634 -1729.0000000000
638 -1728.0000000000
639 -1726.0000000000
649 -1724.0000000000
652 -1723.0000000000
660 -1722.0000000000
665 -1719.0000000000
667 -1718.0000000000
671 -1717.0000000000
673 -1716.0000000000
680 -1715.0000000000
684 -1714.0000000000
686 -1713.0000000000
687 -1712.0000000000
688 -1711.0000000000
693 -1710.0000000000
698 -1709.0000000000
703 -1708.0000000000
714 -1707.0000000000
720 -1706.0000000000
726 -1705.0000000000
728 -1704.0000000000
732 -1703.0000000000
735 -1702.0000000000
739 -1701.0000000000
741 -1700.0000000000
742 -1699.0000000000
752 -1698.0000000000
758 -1697.0000000000
763 -1696.0000000000
765 -1695.0000000000
768 -1693.0000000000
771 -1692.0000000000
775 -1690.0000000000
784 -1689.0000000000
790 -1688.0000000000
791 -1687.0000000000
792 -1686.0000000000
793 -1685.0000000000
798 -1683.0000000000
802 -1682.0000000000
803 -1680.0000000000
806 -1679.0000000000
811 -1676.0000000000
814 -1675.0000000000
825 -1673.0000000000
826 -1671.0000000000
827 -1670.0000000000
845 -1669.0000000000
847 -1668.0000000000
848 -1667.0000000000
856 -1665.0000000000
865 -1663.0000000000
866 -1662.0000000000
869 -1661.0000000000
871 -1659.0000000000
880 -1657.0000000000
881 -1655.0000000000
886 -1654.0000000000
887 -1653.0000000000
888 -1652.0000000000
890 -1651.0000000000
895 -1650.0000000000
897 -1649.0000000000
911 -1648.0000000000
914 -1647.0000000000
915 -1646.0000000000
917 -1645.0000000000
921 -1644.0000000000
925 -1643.0000000000
934 -1642.0000000000
937 -1641.0000000000
948 -1640.0000000000
949 -1639.0000000000
955 -1638.0000000000
967 -1637.0000000000
972 -1636.0000000000
974 -1635.0000000000
979 -1634.0000000000
980 -1633.0000000000
986 -1632.0000000000
994 -1631.0000000000
996 -1630.0000000000
999 -1629.0000000000
1009 -1628.0000000000
1013 -1627.0000000000
1014 -1626.0000000000
1020 -1625.0000000000
1023 -1624.0000000000
1024 -1623.0000000000
1031 -1622.0000000000
1037 -1621.0000000000
1039 -1620.0000000000
1047 -1619.0000000000
1053 -1618.0000000000
1069 -1617.0000000000
1082 -1616.0000000000
1089 -1615.0000000000
1109 -1614.0000000000
1112 -1613.0000000000
1117 -1612.0000000000
1121 -1611.0000000000
1125 -1610.0000000000
1138 -1609.0000000000
1140 -1608.0000000000
1144 -1607.0000000000
1145 -1605.0000000000
1146 -1604.0000000000
1156 -1603.0000000000
1159 -1601.0000000000
1162 -1600.0000000000
1163 -1599.0000000000
1165 -1598.0000000000
1171 -1597.0000000000
1174 -1596.0000000000
1175 -1595.0000000000
1179 -1594.0000000000
1186 -1593.0000000000
1190 -1592.0000000000
1195 -1591.0000000000
1198 -1590.0000000000
1210 -1589.0000000000
1211 -1588.0000000000
1212 -1587.0000000000
1215 -1586.0000000000
1221 -1585.0000000000
1224 -1584.0000000000
1228 -1583.0000000000
1238 -1581.0000000000
1239 -1580.0000000000
1241 -1579.0000000000
1245 -1578.0000000000
1247 -1577.0000000000
1251 -1576.0000000000
1264 -1575.0000000000
1278 -1574.0000000000
1281 -1573.0000000000
1283 -1572.0000000000
1285 -1571.0000000000
1286 -1570.0000000000
1289 -1569.0000000000
1295 -1568.0000000000
1296 -1567.0000000000
1308 -1566.0000000000
1313 -1565.0000000000
1318 -1564.0000000000
1320 -1563.0000000000
1332 -1562.0000000000
1342 -1561.0000000000
1343 -1560.0000000000
1345 -1558.0000000000
1346 -1557.0000000000
1348 -1556.0000000000
1358 -1555.0000000000
1360 -1554.0000000000
1364 -1553.0000000000
1371 -1552.0000000000
1390 -1549.0000000000
1395 -1547.0000000000
1402 -1546.0000000000
1403 -1545.0000000000
1427 -1544.0000000000
1430 -1543.0000000000
1433 -1542.0000000000
1440 -1541.0000000000
1441 -1540.0000000000
1445 -1539.0000000000
1456 -1538.0000000000
1458 -1537.0000000000
1474 -1535.0000000000
1475 -1534.0000000000
1478 -1533.0000000000
1497 -1532.0000000000
1501 -1531.0000000000
1507 -1529.0000000000
1509 -1528.0000000000
1516 -1527.0000000000
1528 -1525.0000000000
1530 -1523.0000000000
1531 -1520.0000000000
1533 -1519.0000000000
1535 -1518.0000000000
1541 -1517.0000000000
1558 -1515.0000000000
1566 -1514.0000000000
1570 -1513.0000000000
1572 -1512.0000000000
1575 -1511.0000000000
1579 -1510.0000000000
1583 -1508.0000000000
1589 -1506.0000000000
1603 -1505.0000000000
1611 -1503.0000000000
1615 -1502.0000000000
1617 -1500.0000000000
1619 -1499.0000000000
1622 -1498.0000000000
1626 -1497.0000000000
1634 -1495.0000000000
1635 -1494.0000000000
1636 -1493.0000000000
1644 -1492.0000000000
1652 -1491.0000000000
1655 -1490.0000000000
1660 -1489.0000000000
1675 -1487.0000000000
1684 -1486.0000000000
1689 -1485.0000000000
1696 -1484.0000000000
1697 -1483.0000000000
1707 -1482.0000000000
1708 -1481.0000000000
1715 -1480.0000000000
1716 -1479.0000000000
1720 -1478.0000000000
1724 -1477.0000000000
1726 -1476.0000000000
1751 -1475.0000000000
1754 -1474.0000000000
1756 -1473.0000000000
1757 -1471.0000000000
1769 -1470.0000000000
1778 -1469.0000000000
1779 -1467.0000000000
1783 -1466.0000000000
1785 -1465.0000000000
1793 -1464.0000000000
1794 -1463.0000000000
1797 -1462.0000000000
1798 -1461.0000000000
1801 -1459.0000000000
1802 -1458.0000000000
1804 -1457.0000000000
1806 -1456.0000000000
1808 -1455.0000000000
1813 -1454.0000000000
1814 -1453.0000000000
1823 -1452.0000000000
1838 -1451.0000000000
1841 -1450.0000000000
1842 -1447.0000000000
1843 -1445.0000000000
1852 -1444.0000000000
1868 -1443.0000000000
1874 -1442.0000000000
1880 -1441.0000000000
1885 -1440.0000000000
1890 -1438.0000000000
1899 -1437.0000000000
1903 -1436.0000000000
1905 -1434.0000000000
1913 -1433.0000000000
1917 -1432.0000000000
1921 -1431.0000000000
1923 -1430.0000000000
1924 -1428.0000000000
1927 -1427.0000000000
1928 -1426.0000000000
1932 -1424.0000000000
1936 -1423.0000000000
1944 -1422.0000000000
1947 -1421.0000000000
1958 -1420.0000000000
1960 -1419.0000000000
1961 -1418.0000000000
1964 -1417.0000000000
1965 -1416.0000000000
1966 -1415.0000000000
1969 -1414.0000000000
1975 -1413.0000000000
1976 -1411.0000000000
1987 -1410.0000000000
1996 -1409.0000000000
2013 -1408.0000000000
2018 -1407.0000000000
2019 -1406.0000000000
2023 -1405.0000000000
2025 -1404.0000000000
2035 -1403.0000000000
2040 -1402.0000000000
2041 -1401.0000000000
2054 -1400.0000000000
2064 -1398.0000000000
2071 -1397.0000000000
2073 -1396.0000000000
2087 -1395.0000000000
2091 -1394.0000000000
2093 -1393.0000000000
2099 -1392.0000000000
2100 -1391.0000000000
2111 -1390.0000000000
2119 -1389.0000000000
2129 -1387.0000000000
2131 -1386.0000000000
2133 -1385.0000000000
2136 -1384.0000000000
2139 -1381.0000000000
2148 -1380.0000000000
2149 -1379.0000000000
2157 -1378.0000000000
2177 -1377.0000000000
2178 -1376.0000000000
2181 -1375.0000000000
2183 -1374.0000000000
2190 -1373.0000000000
2191 -1372.0000000000
2195 -1371.0000000000
2198 -1370.0000000000
2200 -1369.0000000000
2204 -1368.0000000000
2206 -1366.0000000000
2211 -1365.0000000000
2212 -1364.0000000000
2229 -1363.0000000000
2234 -1362.0000000000
2238 -1361.0000000000
2241 -1360.0000000000
2250 -1359.0000000000
2253 -1358.0000000000
2256 -1357.0000000000
2272 -1356.0000000000
2273 -1354.0000000000
2279 -1353.0000000000
2280 -1352.0000000000
2282 -1351.0000000000
2284 -1350.0000000000
2286 -1349.0000000000
2287 -1348.0000000000
2289 -1347.0000000000
2290 -1346.0000000000
2303 -1345.0000000000
2304 -1344.0000000000
2305 -1343.0000000000
2312 -1341.0000000000
2317 -1340.0000000000
2320 -1339.0000000000
2331 -1338.0000000000
2335 -1335.0000000000
2340 -1333.0000000000
2343 -1331.0000000000
2347 -1330.0000000000
2389 -1329.0000000000
2394 -1328.0000000000
2395 -1326.0000000000
2402 -1325.0000000000
2404 -1324.0000000000
2415 -1322.0000000000
2417 -1321.0000000000
2429 -1320.0000000000
2437 -1319.0000000000
2439 -1318.0000000000
2440 -1317.0000000000
2442 -1316.0000000000
2447 -1315.0000000000
2455 -1314.0000000000
2456 -1313.0000000000
2464 -1312.0000000000
2465 -1311.0000000000
2483 -1310.0000000000
2491 -1309.0000000000
2494 -1308.0000000000
2498 -1306.0000000000
2511 -1303.0000000000
2513 -1302.0000000000
2519 -1301.0000000000
2520 -1299.0000000000
2522 -1297.0000000000
2536 -1296.0000000000
2539 -1295.0000000000
2544 -1294.0000000000
2553 -1292.0000000000
2558 -1291.0000000000
2578 -1290.0000000000
2583 -1289.0000000000
2590 -1288.0000000000
2595 -1286.0000000000
2599 -1284.0000000000
2607 -1283.0000000000
2624 -1282.0000000000
2627 -1281.0000000000
2632 -1280.0000000000
2636 -1279.0000000000
2641 -1278.0000000000
2646 -1277.0000000000
2650 -1276.0000000000
2651 -1275.0000000000
2654 -1274.0000000000
2656 -1273.0000000000
2658 -1272.0000000000
2682 -1271.0000000000
2685 -1268.0000000000
2688 -1267.0000000000
2692 -1266.0000000000
2694 -1265.0000000000
2696 -1263.0000000000
2700 -1262.0000000000
2707 -1261.0000000000
2718 -1260.0000000000
2725 -1259.0000000000
2729 -1258.0000000000
2732 -1257.0000000000
2734 -1256.0000000000
2739 -1255.0000000000
2761 -1254.0000000000
2767 -1253.0000000000
2772 -1252.0000000000
2782 -1251.0000000000
2784 -1250.0000000000
2791 -1249.0000000000
2798 -1248.0000000000
2806 -1247.0000000000
2807 -1246.0000000000
2808 -1245.0000000000
2814 -1244.0000000000
2815 -1243.0000000000
2818 -1242.0000000000
2831 -1241.0000000000
2834 -1240.0000000000
2837 -1239.0000000000
2843 -1237.0000000000
2844 -1236.0000000000
2850 -1235.0000000000
2852 -1234.0000000000
2869 -1233.0000000000
2885 -1231.0000000000
2887 -1230.0000000000
2890 -1229.0000000000
2891 -1228.0000000000
2900 -1227.0000000000
2907 -1226.0000000000
2908 -1225.0000000000
2917 -1222.0000000000
2918 -1221.0000000000
2928 -1220.0000000000
2930 -1219.0000000000
2936 -1218.0000000000
2945 -1217.0000000000
2956 -1215.0000000000
2961 -1214.0000000000
2984 -1213.0000000000
2992 -1212.0000000000
2994 -1211.0000000000
2998 -1210.0000000000
3000 -1209.0000000000
3019 -1208.0000000000
3048 -1207.0000000000
3074 -1206.0000000000
3090 -1204.0000000000
3098 -1203.0000000000
3102 -1201.0000000000
3119 -1200.0000000000
3128 -1199.0000000000
3140 -1198.0000000000
3143 -1196.0000000000
3147 -1195.0000000000
3151 -1194.0000000000
3152 -1193.0000000000
3155 -1192.0000000000
3161 -1191.0000000000
3165 -1190.0000000000
3177 -1189.0000000000
3186 -1188.0000000000
3190 -1187.0000000000
3196 -1186.0000000000
3205 -1185.0000000000
3214 -1184.0000000000
3218 -1183.0000000000
3219 -1182.0000000000
3223 -1181.0000000000
3231 -1180.0000000000
3232 -1179.0000000000
3235 -1178.0000000000
3241 -1177.0000000000
3242 -1176.0000000000
3247 -1175.0000000000
3249 -1174.0000000000
3250 -1173.0000000000
3261 -1172.0000000000
3266 -1170.0000000000
3297 -1169.0000000000
3300 -1168.0000000000
3304 -1167.0000000000
3310 -1165.0000000000
3314 -1164.0000000000
3325 -1163.0000000000
3331 -1162.0000000000
3340 -1161.0000000000
3341 -1160.0000000000
3347 -1159.0000000000
3352 -1158.0000000000
3366 -1157.0000000000
3374 -1156.0000000000
3385 -1155.0000000000
3399 -1154.0000000000
3402 -1153.0000000000
3410 -1152.0000000000
3414 -1151.0000000000
3420 -1150.0000000000
3423 -1149.0000000000
3431 -1148.0000000000
3441 -1147.0000000000
3442 -1145.0000000000
3454 -1144.0000000000
3457 -1141.0000000000
3463 -1140.0000000000
3464 -1139.0000000000
3475 -1138.0000000000
3483 -1136.0000000000
3492 -1135.0000000000
3498 -1134.0000000000
3503 -1131.0000000000
3509 -1130.0000000000
3514 -1129.0000000000
3522 -1128.0000000000
3526 -1127.0000000000
3539 -1126.0000000000
3565 -1125.0000000000
3572 -1124.0000000000
3576 -1123.0000000000
3583 -1122.0000000000
3586 -1121.0000000000
3600 -1119.0000000000
3612 -1118.0000000000
3631 -1117.0000000000
3645 -1116.0000000000
3646 -1115.0000000000
3650 -1114.0000000000
3651 -1112.0000000000
3654 -1111.0000000000
3659 -1110.0000000000
3674 -1109.0000000000
3676 -1108.0000000000
3683 -1107.0000000000
3687 -1106.0000000000
3688 -1105.0000000000
3692 -1104.0000000000
3693 -1103.0000000000
3697 -1101.0000000000
3700 -1100.0000000000
3713 -1099.0000000000
3733 -1097.0000000000
3734 -1096.0000000000
3739 -1095.0000000000
3743 -1094.0000000000
3747 -1093.0000000000
3748 -1092.0000000000
3770 -1091.0000000000
3778 -1090.0000000000
3782 -1089.0000000000
3793 -1088.0000000000
3804 -1087.0000000000
3830 -1085.0000000000
3833 -1084.0000000000
3834 -1083.0000000000
3837 -1081.0000000000
3845 -1080.0000000000
3871 -1079.0000000000
3874 -1078.0000000000
3889 -1077.0000000000
3908 -1076.0000000000
3912 -1075.0000000000
3919 -1074.0000000000
3922 -1073.0000000000
3929 -1072.0000000000
3937 -1071.0000000000
3950 -1070.0000000000
3951 -1068.0000000000
3964 -1067.0000000000
3972 -1066.0000000000
3974 -1065.0000000000
3978 -1064.0000000000
3980 -1063.0000000000
3989 -1062.0000000000
3991 -1061.0000000000
3996 -1059.0000000000
4001 -1058.0000000000
4004 -1055.0000000000
4013 -1054.0000000000
4016 -1053.0000000000
4018 -1052.0000000000
4026 -1051.0000000000
4030 -1050.0000000000
4031 -1049.0000000000
4041 -1048.0000000000
4046 -1047.0000000000
4047 -1046.0000000000
4050 -1045.0000000000
4053 -1044.0000000000
4064 -1043.0000000000
4070 -1042.0000000000
4093 -1041.0000000000
4108 -1040.0000000000
4119 -1038.0000000000
4130 -1037.0000000000
4135 -1036.0000000000
4153 -1035.0000000000
4157 -1034.0000000000
4160 -1032.0000000000
4168 -1030.0000000000
4172 -1029.0000000000
4177 -1028.0000000000
4179 -1027.0000000000
4180 -1026.0000000000
4182 -1025.0000000000
4194 -1024.0000000000
4195 -1023.0000000000
4204 -1021.0000000000
4213 -1020.0000000000
4223 -1019.0000000000
4263 -1018.0000000000
4265 -1016.0000000000
4266 -1015.0000000000
4277 -1014.0000000000
4281 -1013.0000000000
4282 -1012.0000000000
4301 -1011.0000000000
4326 -1010.0000000000
4374 -1009.0000000000
4376 -1008.0000000000
4383 -1007.0000000000
4397 -1006.0000000000
4425 -1005.0000000000
4431 -1004.0000000000
4433 -1003.0000000000
4443 -1002.0000000000
4444 -1000.0000000000
4448 -999.0000000000
4452 -998.0000000000
4476 -997.0000000000
4478 -996.0000000000
4482 -995.0000000000
4492 -994.0000000000
4497 -992.0000000000
4498 -991.0000000000
4529 -990.0000000000
4531 -988.0000000000
4541 -986.0000000000
4547 -985.0000000000
4553 -984.0000000000
4572 -983.0000000000
4582 -982.0000000000
4583 -981.0000000000
4584 -980.0000000000
4585 -978.0000000000
4594 -977.0000000000
4601 -976.0000000000
4604 -975.0000000000
4610 -974.0000000000
4612 -973.0000000000
4621 -972.0000000000
4626 -971.0000000000
4640 -970.0000000000
4656 -969.0000000000
4667 -968.0000000000
4676 -967.0000000000
4679 -966.0000000000
4682 -965.0000000000
4685 -964.0000000000
4691 -962.0000000000
4699 -961.0000000000
4709 -960.0000000000
4713 -959.0000000000
4717 -958.0000000000
4721 -957.0000000000
4733 -956.0000000000
4734 -954.0000000000
4748 -953.0000000000
4754 -952.0000000000
4762 -951.0000000000
4773 -950.0000000000
4820 -949.0000000000
4822 -948.0000000000
4826 -947.0000000000
4839 -945.0000000000
4849 -942.0000000000
4859 -940.0000000000
4862 -939.0000000000
4871 -938.0000000000
4915 -937.0000000000
4932 -936.0000000000
4934 -935.0000000000
4936 -934.0000000000
4940 -933.0000000000
4951 -931.0000000000
4967 -930.0000000000
4972 -929.0000000000
4974 -928.0000000000
4977 -927.0000000000
4979 -926.0000000000
4980 -925.0000000000
5000 -924.0000000000
5014 -922.0000000000
5022 -921.0000000000
5027 -920.0000000000
5035 -919.0000000000
5037 -917.0000000000
5041 -916.0000000000
5048 -915.0000000000
5054 -914.0000000000
5073 -913.0000000000
5078 -912.0000000000
5084 -911.0000000000
5095 -910.0000000000
5101 -909.0000000000
5106 -908.0000000000
5114 -907.0000000000
5116 -906.0000000000
5119 -905.0000000000
5128 -904.0000000000
5132 -903.0000000000
5133 -902.0000000000
5134 -901.0000000000
5153 -900.0000000000
5174 -899.0000000000
5178 -898.0000000000
5188 -897.0000000000
5210 -896.0000000000
5220 -895.0000000000
5231 -894.0000000000
5235 -893.0000000000
5240 -892.0000000000
5242 -889.0000000000
5254 -888.0000000000
5256 -887.0000000000
5259 -886.0000000000
5268 -885.0000000000
5295 -884.0000000000
5297 -883.0000000000
5316 -882.0000000000
5328 -881.0000000000
5351 -880.0000000000
5367 -879.0000000000
5368 -878.0000000000
5369 -877.0000000000
5389 -876.0000000000
5394 -875.0000000000
5396 -874.0000000000
5418 -872.0000000000
5421 -871.0000000000
5433 -870.0000000000
5444 -869.0000000000
5455 -868.0000000000
5459 -867.0000000000
5481 -866.0000000000
5494 -865.0000000000
5521 -864.0000000000
5531 -863.0000000000
5540 -862.0000000000
5542 -861.0000000000
5580 -859.0000000000
5584 -858.0000000000
5585 -857.0000000000
5596 -855.0000000000
5605 -854.0000000000
5615 -853.0000000000
5646 -852.0000000000
5657 -849.0000000000
5674 -848.0000000000
5684 -847.0000000000
5686 -845.0000000000
5690 -843.0000000000
5702 -842.0000000000
5711 -841.0000000000
5744 -840.0000000000
5767 -838.0000000000
5775 -837.0000000000
5777 -836.0000000000
5781 -835.0000000000
5801 -834.0000000000
5803 -833.0000000000
5820 -832.0000000000
5827 -830.0000000000
5833 -829.0000000000
5842 -828.0000000000
5890 -827.0000000000
5903 -825.0000000000
5906 -824.0000000000
5928 -823.0000000000
5932 -821.0000000000
5936 -819.0000000000
5960 -818.0000000000
5964 -817.0000000000
5966 -816.0000000000
5983 -815.0000000000
6000 -814.0000000000
6001 -813.0000000000
6009 -812.0000000000
6012 -811.0000000000
6041 -810.0000000000
6052 -809.0000000000
6062 -808.0000000000
6076 -807.0000000000
6077 -806.0000000000
6091 -805.0000000000
6095 -804.0000000000
6099 -803.0000000000
6105 -802.0000000000
6115 -801.0000000000
6127 -800.0000000000
6137 -799.0000000000
6143 -798.0000000000
6148 -797.0000000000
6156 -796.0000000000
6168 -795.0000000000
6219 -794.0000000000
6221 -793.0000000000
6227 -792.0000000000
6229 -791.0000000000
6235 -789.0000000000
6264 -788.0000000000
6269 -787.0000000000
6273 -786.0000000000
6276 -785.0000000000
6277 -784.0000000000
6281 -783.0000000000
6291 -782.0000000000
6311 -781.0000000000
6316 -780.0000000000
6330 -779.0000000000
6334 -778.0000000000
6344 -777.0000000000
6358 -776.0000000000
6365 -775.0000000000
6376 -774.0000000000
6378 -773.0000000000
6379 -772.0000000000
6401 -771.0000000000
6409 -770.0000000000
6419 -769.0000000000
6440 -768.0000000000
6461 -767.0000000000
6478 -766.0000000000
6488 -765.0000000000
6489 -764.0000000000
6491 -763.0000000000
6517 -762.0000000000
6538 -761.0000000000
6564 -760.0000000000
6580 -759.0000000000
6582 -758.0000000000
6589 -757.0000000000
6620 -756.0000000000
6638 -755.0000000000
6644 -754.0000000000
6645 -753.0000000000
6667 -752.0000000000
6674 -751.0000000000
6689 -750.0000000000
6697 -749.0000000000
6746 -748.0000000000
6749 -747.0000000000
6758 -746.0000000000
6760 -745.0000000000
6765 -744.0000000000
6784 -743.0000000000
6785 -742.0000000000
6787 -741.0000000000
6794 -740.0000000000
6804 -739.0000000000
6814 -738.0000000000
6821 -737.0000000000
6827 -736.0000000000
6832 -735.0000000000
6867 -732.0000000000
6888 -731.0000000000
6895 -730.0000000000
6898 -729.0000000000
6901 -728.0000000000
6903 -727.0000000000
6918 -726.0000000000
6926 -725.0000000000
6942 -724.0000000000
6944 -723.0000000000
6945 -722.0000000000
6948 -721.0000000000
6951 -720.0000000000
6975 -719.0000000000
6991 -718.0000000000
6997 -717.0000000000
7020 -716.0000000000
7021 -715.0000000000
7034 -714.0000000000
7035 -713.0000000000
7062 -712.0000000000
7068 -711.0000000000
7077 -710.0000000000
7084 -709.0000000000
7114 -707.0000000000
7138 -706.0000000000
7143 -705.0000000000
7153 -704.0000000000
7159 -703.0000000000
7161 -702.0000000000
7182 -701.0000000000
7183 -700.0000000000
7210 -699.0000000000
7241 -698.0000000000
7298 -697.0000000000
7308 -696.0000000000
7320 -695.0000000000
7324 -694.0000000000
7326 -693.0000000000
7327 -692.0000000000
7340 -691.0000000000
7351 -690.0000000000
7369 -689.0000000000
7377 -688.0000000000
7385 -687.0000000000
7413 -686.0000000000
7428 -685.0000000000
7446 -684.0000000000
7448 -683.0000000000
7461 -682.0000000000
7464 -680.0000000000
7482 -679.0000000000
7488 -678.0000000000
7494 -677.0000000000
7496 -676.0000000000
7516 -675.0000000000
7527 -674.0000000000
7531 -673.0000000000
7551 -672.0000000000
7557 -671.0000000000
7562 -670.0000000000
7573 -669.0000000000
7588 -668.0000000000
7592 -667.0000000000
7594 -666.0000000000
7607 -665.0000000000
7618 -664.0000000000
7627 -663.0000000000
7629 -662.0000000000
7633 -661.0000000000
7664 -660.0000000000
7678 -659.0000000000
7682 -658.0000000000
7701 -657.0000000000
7716 -656.0000000000
7723 -655.0000000000
7729 -654.0000000000
7845 -653.0000000000
7851 -652.0000000000
7897 -651.0000000000
7902 -650.0000000000
7928 -649.0000000000
7939 -648.0000000000
7963 -647.0000000000
7971 -646.0000000000
7979 -645.0000000000
7985 -644.0000000000
7994 -643.0000000000
8048 -642.0000000000
8059 -640.0000000000
8063 -639.0000000000
8088 -638.0000000000
8101 -637.0000000000
8118 -636.0000000000
8120 -635.0000000000
8126 -634.0000000000
8181 -633.0000000000
8183 -631.0000000000
8196 -630.0000000000
8198 -629.0000000000
8213 -628.0000000000
8219 -627.0000000000
8235 -626.0000000000
8274 -625.0000000000
8286 -624.0000000000
8294 -623.0000000000
8306 -622.0000000000
8309 -621.0000000000
8336 -620.0000000000
8338 -619.0000000000
8341 -618.0000000000
8351 -617.0000000000
8352 -616.0000000000
8359 -615.0000000000
8374 -614.0000000000
8404 -613.0000000000
8418 -612.0000000000
8421 -611.0000000000
8439 -610.0000000000
8451 -608.0000000000
8453 -607.0000000000
8499 -606.0000000000
8525 -605.0000000000
8565 -604.0000000000
8577 -603.0000000000
8627 -602.0000000000
8630 -601.0000000000
8652 -600.0000000000
8662 -599.0000000000
8667 -598.0000000000
8671 -597.0000000000
8675 -596.0000000000
8698 -595.0000000000
8712 -594.0000000000
8720 -593.0000000000
8734 -592.0000000000
8737 -591.0000000000
8764 -590.0000000000
8767 -589.0000000000
8770 -588.0000000000
8776 -587.0000000000
8785 -586.0000000000
8786 -585.0000000000
8788 -584.0000000000
8792 -583.0000000000
8795 -582.0000000000
8810 -581.0000000000
8813 -580.0000000000
8822 -579.0000000000
8841 -578.0000000000
8842 -577.0000000000
8856 -576.0000000000
8859 -574.0000000000
8876 -573.0000000000
8877 -572.0000000000
8879 -571.0000000000
8888 -570.0000000000
8900 -569.0000000000
8908 -567.0000000000
8916 -566.0000000000
8927 -564.0000000000
8935 -563.0000000000
8980 -562.0000000000
8988 -561.0000000000
9029 -560.0000000000
9031 -559.0000000000
9042 -558.0000000000
9047 -556.0000000000
9098 -555.0000000000
9122 -553.0000000000
9149 -552.0000000000
9150 -551.0000000000
9174 -550.0000000000
9177 -549.0000000000
9180 -548.0000000000
9204 -547.0000000000
9240 -546.0000000000
9245 -545.0000000000
9249 -544.0000000000
9268 -543.0000000000
9287 -542.0000000000
9320 -540.0000000000
9343 -539.0000000000
9353 -538.0000000000
9380 -537.0000000000
9391 -536.0000000000
9457 -535.0000000000
9464 -534.0000000000
9497 -532.0000000000
9522 -531.0000000000
9537 -530.0000000000
9542 -529.0000000000
9564 -528.0000000000
9613 -527.0000000000
9632 -526.0000000000
9650 -525.0000000000
9683 -524.0000000000
9700 -523.0000000000
9731 -522.0000000000
9750 -521.0000000000
9767 -520.0000000000
9777 -519.0000000000
9785 -517.0000000000
9809 -516.0000000000
9834 -515.0000000000
9877 -514.0000000000
9883 -513.0000000000
9928 -512.0000000000
10000 -512.0000000000
