evaluations raw_y
1 22.3000000000
2 24.7500000000
3 25.1100000000
4 43.3400000000
5 57.3700000000
6 68.1400000000
7 71.2000000000
8 82.8600000000
9 102.5000000000
13 109.3400000000
14 125.8700000000
15 136.8400000000
17 142.9000000000
19 145.0900000000
20 150.2600000000
21 164.2900000000
23 167.9200000000
24 191.0000000000
25 200.3000000000
34 206.8900000000
36 214.2500000000
39 240.8600000000
59 256.5200000000
68 256.5800000000
95 260.6200000000
98 267.2900000000
112 273.8500000000
113 283.8600000000
115 290.1000000000
116 292.1100000000
117 327.8900000000
144 330.8700000000
148 331.2400000000
154 335.1700000000
155 341.7400000000
159 352.4300000000
171 353.1800000000
175 361.0900000000
177 364.0300000000
178 364.1100000000
180 364.7600000000
185 369.7600000000
186 382.9500000000
187 387.1400000000
188 397.0300000000
190 397.8200000000
191 399.1400000000
197 410.1900000000
199 418.2900000000
201 422.9500000000
205 433.3400000000
210 437.3300000000
214 448.4300000000
222 448.7900000000
233 450.1400000000
234 455.5900000000
240 468.0600000000
250 474.6100000000
253 475.9300000000
254 491.7200000000
256 495.7100000000
257 499.8100000000
258 517.8900000000
271 534.4200000000
277 535.4500000000
283 541.2700000000
291 554.6200000000
297 561.5900000000
313 563.2000000000
316 565.0200000000
318 566.3600000000
326 570.7600000000
330 586.6000000000
340 594.1900000000
341 602.1300000000
345 602.2700000000
348 605.9300000000
349 610.5000000000
352 613.4500000000
354 613.5800000000
355 618.0600000000
358 624.1400000000
359 625.4800000000
360 641.6000000000
361 653.8300000000
407 710.1000000000
411 712.3600000000
412 726.5800000000
415 747.5900000000
433 828.5400000000
435 837.0700000000
472 840.7000000000
485 854.3800000000
526 859.5300000000
539 869.3300000000
669 875.7900000000
1114 877.6700000000
1135 886.3400000000
1136 909.6700000000
1137 917.3900000000
1147 918.7400000000
1153 919.2500000000
1154 923.6300000000
1155 931.1300000000
1338 934.7900000000
1340 944.9300000000
26344 945.9000000000
26380 962.2500000000
100000 -1.0000000000
evaluations raw_y
1 20.3600000000
2 27.6400000000
3 30.2800000000
4 38.6300000000
5 44.5200000000
6 84.6000000000
8 95.0300000000
9 98.4600000000
10 104.4200000000
12 111.1300000000
13 119.5700000000
14 127.6400000000
16 142.1800000000
17 152.8800000000
18 153.8900000000
19 163.7900000000
20 174.0400000000
21 183.4800000000
22 185.4600000000
24 189.9000000000
25 191.7400000000
26 192.2600000000
27 211.0700000000
28 216.2600000000
29 238.8700000000
31 265.6600000000
185 274.9700000000
191 278.5400000000
198 285.1300000000
202 301.1500000000
217 318.2300000000
223 320.4600000000
233 328.9800000000
285 333.8500000000
287 334.5500000000
288 344.5600000000
289 346.8700000000
290 354.5300000000
293 365.9400000000
297 366.1800000000
298 381.2900000000
304 383.1300000000
306 392.8400000000
315 414.2000000000
355 419.2400000000
407 422.9500000000
428 433.4200000000
430 443.7900000000
432 445.7000000000
434 462.1100000000
435 468.9700000000
441 472.3500000000
460 475.2900000000
465 482.2400000000
488 486.8200000000
490 514.0200000000
511 521.5100000000
548 527.8900000000
621 546.7300000000
771 592.5500000000
772 600.5500000000
773 610.9800000000
774 613.7800000000
775 629.9700000000
778 631.0200000000
779 654.0700000000
834 664.3600000000
1333 675.3800000000
1798 733.2800000000
1799 749.9200000000
1815 762.0600000000
1918 763.8300000000
1983 765.0100000000
1985 766.4400000000
1999 766.6200000000
2000 766.6700000000
2001 779.9100000000
2007 799.2100000000
2026 801.6800000000
2030 812.9900000000
2032 822.3400000000
2037 836.3600000000
2158 842.3600000000
2198 875.9300000000
2199 887.9800000000
2200 888.0000000000
2202 901.4400000000
2206 917.3000000000
2207 921.3800000000
2251 927.5000000000
2258 933.7400000000
2303 942.7000000000
2702 944.4200000000
2837 960.6100000000
3313 961.8700000000
3335 968.0400000000
3375 969.2800000000
3404 973.2600000000
3429 977.5200000000
3539 980.9900000000
4707 984.0900000000
4714 988.7400000000
34206 992.4800000000
35117 992.5900000000
47360 994.1700000000
47655 1050.8400000000
47725 1063.2100000000
47729 1072.4100000000
48898 1082.6200000000
48902 1087.4200000000
100000 -1.0000000000
evaluations raw_y
1 14.1600000000
2 24.4600000000
3 26.9400000000
4 47.7400000000
6 52.0300000000
10 54.4600000000
11 69.2700000000
13 69.7100000000
15 93.5000000000
19 101.5700000000
20 117.0100000000
21 139.1900000000
23 141.4500000000
24 144.4600000000
25 151.9800000000
26 169.3900000000
29 178.0500000000
30 185.4400000000
31 186.5300000000
32 200.3600000000
34 207.3300000000
35 217.6900000000
36 229.6400000000
37 241.3300000000
38 265.7600000000
52 270.2000000000
54 275.0000000000
55 284.1700000000
63 290.4700000000
64 299.7100000000
65 314.6000000000
66 315.7500000000
71 335.7600000000
73 340.7400000000
75 360.4500000000
78 368.9200000000
81 371.5500000000
92 379.9800000000
103 390.0600000000
109 394.0400000000
110 394.4800000000
112 407.0700000000
115 414.4800000000
117 416.1500000000
120 435.4600000000
129 441.8400000000
131 448.2300000000
137 456.3800000000
149 464.5200000000
151 468.3100000000
187 468.3700000000
191 477.5600000000
192 481.4000000000
194 496.0100000000
195 506.4000000000
199 507.7100000000
200 517.4600000000
203 517.7600000000
205 518.9600000000
206 533.3500000000
211 538.5900000000
213 544.3800000000
214 556.8300000000
215 560.0900000000
226 564.8900000000
227 565.6100000000
228 574.4100000000
229 594.9300000000
231 602.2200000000
260 614.1800000000
398 617.0500000000
413 620.1600000000
473 621.4200000000
492 624.3100000000
501 638.4200000000
510 638.6200000000
543 640.0400000000
551 646.4400000000
615 649.3600000000
629 658.4500000000
649 659.9900000000
685 660.2300000000
689 662.8000000000
690 671.5500000000
714 731.7600000000
715 732.3500000000
718 735.2700000000
719 762.5900000000
727 763.7500000000
729 765.3200000000
730 771.6400000000
731 781.7500000000
755 782.4400000000
768 784.4600000000
780 788.5400000000
781 790.2400000000
783 790.6200000000
791 797.1600000000
804 798.1900000000
806 805.5600000000
2258 815.3100000000
2293 822.5000000000
100000 -1.0000000000
evaluations raw_y
1 3.1400000000
2 3.6900000000
3 18.0300000000
4 31.2800000000
5 57.8800000000
6 61.8100000000
7 70.5000000000
8 87.0100000000
9 88.0900000000
11 101.1900000000
12 106.6600000000
14 115.8600000000
15 125.8800000000
21 139.8000000000
24 142.2100000000
25 157.5000000000
26 165.6500000000
27 179.6800000000
28 181.2400000000
29 188.2200000000
32 208.6100000000
34 211.7200000000
35 230.1400000000
36 250.2600000000
46 259.9000000000
49 263.9800000000
53 271.9300000000
55 278.6800000000
57 280.3900000000
58 288.4900000000
61 301.8100000000
65 303.2300000000
66 314.0400000000
67 318.2300000000
68 323.7300000000
69 340.9800000000
70 352.4500000000
72 358.4100000000
73 368.2000000000
82 379.0600000000
84 380.7500000000
86 382.5100000000
89 390.7800000000
93 391.5700000000
94 392.0400000000
104 398.3000000000
107 402.7100000000
110 406.5900000000
111 411.4100000000
112 422.4700000000
120 431.6100000000
123 431.7300000000
124 432.5500000000
132 439.4200000000
133 444.0600000000
135 450.3500000000
137 454.0300000000
139 460.3500000000
141 476.0300000000
144 481.4900000000
149 488.9800000000
150 491.4000000000
152 494.5700000000
153 500.9700000000
154 503.0300000000
156 513.8600000000
162 518.3500000000
189 520.5100000000
194 521.0900000000
199 532.7100000000
220 537.5200000000
223 545.5500000000
236 550.7300000000
257 555.6300000000
258 564.1900000000
260 564.3400000000
263 571.0600000000
268 587.0600000000
276 588.3000000000
279 602.5800000000
323 688.5000000000
326 712.9000000000
344 719.3400000000
365 719.6700000000
387 727.1100000000
418 731.2000000000
419 732.7700000000
428 742.6100000000
438 748.0300000000
455 750.0900000000
459 761.5100000000
461 766.6200000000
466 767.4600000000
505 770.2500000000
510 770.7300000000
516 775.8100000000
518 796.0100000000
731 803.0900000000
778 881.5700000000
780 881.9400000000
1064 889.7400000000
1070 900.2500000000
31412 908.8700000000
32400 909.6100000000
100000 -1.0000000000
evaluations raw_y
1 4.8500000000
2 18.7900000000
3 23.0800000000
4 32.1800000000
5 51.2700000000
6 58.7200000000
7 72.5300000000
9 80.0400000000
10 89.4800000000
14 89.9200000000
15 118.9000000000
16 136.6100000000
17 148.6800000000
18 150.6000000000
19 168.3700000000
25 176.0100000000
28 177.2500000000
29 193.0100000000
31 197.0600000000
32 202.4600000000
34 227.9800000000
36 236.1100000000
38 251.5800000000
39 255.2000000000
40 255.4400000000
42 260.5700000000
43 267.8000000000
44 277.3000000000
46 279.1000000000
48 300.2600000000
49 306.8400000000
64 322.1000000000
65 341.0500000000
79 346.1600000000
84 351.7400000000
91 371.8300000000
103 379.8600000000
116 382.8200000000
118 389.0300000000
119 402.0600000000
163 403.5900000000
183 408.5200000000
197 413.6900000000
200 415.0800000000
202 434.5300000000
215 437.5500000000
240 441.1300000000
246 448.3800000000
247 448.6900000000
249 462.0400000000
258 466.8500000000
261 468.0900000000
266 496.9400000000
369 497.7100000000
376 534.7100000000
378 535.6400000000
495 538.8600000000
655 539.1600000000
684 546.4800000000
690 551.0300000000
697 551.3900000000
699 555.9200000000
700 575.9900000000
746 576.7800000000
764 590.9600000000
765 594.2300000000
772 601.6200000000
783 608.1300000000
807 620.6000000000
983 630.8900000000
1263 717.1400000000
1264 725.7600000000
1265 726.3400000000
1270 754.3500000000
1282 754.7700000000
1285 770.9400000000
1307 778.4200000000
1372 781.4700000000
1489 790.0500000000
1648 794.6800000000
1772 856.3700000000
1773 859.1600000000
1776 860.4800000000
1777 865.3300000000
1778 881.5200000000
1788 892.3500000000
1792 901.8500000000
1920 902.3000000000
1948 904.1300000000
1957 908.7700000000
1979 909.2500000000
1985 916.8800000000
2015 980.1700000000
2016 981.6200000000
2017 990.6700000000
2018 991.0700000000
2019 999.1600000000
2020 1001.1600000000
2022 1019.8000000000
2026 1030.9500000000
9791 1033.8400000000
9880 1038.1300000000
100000 -1.0000000000
evaluations raw_y
1 15.7100000000
4 24.6400000000
5 35.3000000000
6 52.7600000000
9 54.7100000000
10 59.1300000000
11 81.0000000000
12 90.2900000000
13 115.5500000000
14 130.9700000000
16 132.1000000000
17 137.8100000000
18 153.3400000000
19 185.9900000000
22 187.0100000000
25 188.9800000000
26 196.4300000000
35 198.3200000000
40 205.3300000000
42 207.4800000000
44 228.4100000000
46 229.6000000000
47 251.5000000000
56 274.8400000000
94 285.5000000000
193 289.8100000000
198 294.4200000000
206 299.6300000000
207 318.6400000000
208 319.9300000000
214 346.3100000000
217 347.7700000000
221 352.0300000000
302 356.4400000000
303 356.4700000000
307 364.0300000000
315 366.7300000000
317 377.5900000000
319 379.8100000000
321 386.1700000000
323 389.4700000000
324 392.7000000000
334 411.4700000000
338 418.0100000000
351 424.3900000000
359 429.2200000000
360 431.6300000000
364 435.3700000000
365 436.0900000000
366 446.0200000000
372 452.4300000000
373 455.4600000000
374 455.6900000000
378 460.3400000000
379 469.1400000000
382 475.8100000000
391 480.8300000000
392 486.5300000000
393 505.4600000000
396 511.7300000000
400 520.1200000000
402 530.8900000000
403 531.1800000000
404 539.0900000000
421 543.8100000000
422 544.2100000000
423 551.1600000000
427 563.9300000000
431 570.0800000000
432 577.9900000000
433 582.1500000000
434 590.1000000000
436 600.9300000000
437 608.1900000000
438 615.2400000000
448 616.6400000000
458 619.3500000000
467 626.7400000000
469 629.7000000000
471 641.9800000000
587 642.3700000000
650 647.5900000000
667 661.0600000000
705 663.5500000000
846 704.8800000000
847 705.3900000000
850 714.8600000000
851 722.7000000000
853 722.9600000000
854 727.0600000000
860 742.4900000000
862 746.9300000000
865 747.6900000000
878 747.9100000000
881 748.6800000000
890 751.3900000000
893 755.9000000000
897 763.1100000000
898 773.5800000000
903 785.1800000000
908 787.4200000000
910 789.3500000000
913 790.5800000000
914 799.0600000000
1862 803.2400000000
1877 804.5000000000
8753 808.6600000000
9725 815.0100000000
9730 833.3900000000
9732 839.0800000000
10326 845.4000000000
10330 849.1600000000
14348 851.8700000000
14365 852.3500000000
15161 854.3000000000
15199 854.4800000000
15416 856.7300000000
15445 858.3100000000
15675 866.0200000000
15764 870.9100000000
20876 873.8600000000
20877 881.7800000000
68077 885.1800000000
68620 944.9900000000
68870 949.0700000000
68878 953.0300000000
69304 970.4400000000
69994 971.6800000000
100000 -1.0000000000
evaluations raw_y
1 3.6400000000
2 8.7500000000
3 23.8000000000
4 24.7000000000
5 36.4800000000
6 44.9700000000
7 48.4800000000
8 68.4800000000
9 75.7400000000
10 78.4900000000
11 87.6500000000
12 89.9700000000
13 98.4200000000
16 113.8800000000
22 116.2500000000
23 119.6500000000
25 132.2900000000
27 138.5900000000
29 145.1400000000
31 147.7900000000
32 147.9500000000
34 161.1700000000
40 174.3600000000
41 184.6700000000
49 205.4200000000
64 206.8500000000
65 216.8900000000
68 217.8600000000
70 235.7600000000
71 242.1600000000
72 243.7800000000
73 249.0200000000
74 265.8700000000
77 266.3200000000
79 285.7100000000
85 290.8100000000
95 300.0600000000
104 300.6000000000
105 314.8500000000
113 388.0000000000
115 388.9600000000
117 390.3200000000
118 402.1900000000
119 404.5900000000
121 417.6200000000
124 425.6300000000
128 430.4000000000
129 437.7600000000
139 437.8100000000
152 444.1000000000
157 444.2200000000
163 452.9200000000
168 455.6300000000
170 464.2600000000
175 464.6200000000
180 472.4800000000
184 482.4400000000
191 498.0800000000
193 499.7400000000
194 500.7500000000
199 502.0600000000
206 514.1300000000
213 514.1800000000
214 527.7900000000
219 534.4000000000
222 552.1900000000
497 621.3000000000
499 625.3200000000
501 627.8600000000
503 629.8500000000
504 637.1300000000
506 650.5100000000
507 651.3900000000
527 670.1500000000
533 675.8800000000
534 678.4200000000
536 681.1600000000
541 685.2800000000
544 686.3000000000
547 697.7600000000
549 704.7200000000
552 715.0000000000
570 720.2100000000
574 737.1000000000
704 802.1600000000
705 811.6000000000
707 817.3900000000
708 826.6400000000
709 829.9400000000
722 839.1900000000
727 841.7800000000
737 842.7300000000
738 847.0300000000
741 850.8500000000
742 856.9200000000
746 872.7200000000
795 874.0300000000
815 877.9400000000
846 882.8000000000
868 883.5600000000
2312 893.2000000000
2501 896.1600000000
30662 899.6400000000
32349 901.1100000000
100000 -1.0000000000
evaluations raw_y
1 9.6600000000
2 24.1800000000
5 32.0100000000
6 36.9700000000
7 54.3200000000
9 66.8600000000
10 69.7300000000
12 79.8100000000
14 89.5400000000
15 92.8900000000
20 96.8200000000
21 102.0600000000
22 120.4900000000
23 124.3000000000
24 138.2400000000
25 147.7000000000
26 156.6900000000
28 158.5600000000
32 164.3200000000
35 170.7600000000
38 191.5400000000
43 191.6900000000
45 202.8600000000
46 214.6800000000
49 221.3000000000
50 232.4000000000
51 253.3500000000
57 253.8300000000
58 254.6800000000
59 266.3100000000
60 267.6200000000
62 275.2900000000
64 283.4500000000
75 290.8900000000
78 293.1300000000
84 295.3400000000
94 297.0400000000
95 301.6500000000
96 302.9900000000
97 312.8100000000
98 355.0800000000
130 356.5600000000
152 357.1400000000
153 370.3100000000
158 379.1900000000
193 389.2700000000
329 390.0000000000
434 392.9200000000
435 395.0000000000
436 411.5000000000
467 420.9800000000
479 433.7900000000
498 436.1800000000
508 437.6500000000
533 439.0200000000
535 440.0700000000
537 453.1500000000
539 465.7000000000
540 471.0000000000
541 472.0000000000
545 474.2600000000
549 498.4200000000
655 499.2500000000
659 505.5700000000
673 508.5600000000
686 513.7200000000
689 601.2500000000
694 610.2500000000
702 612.6500000000
706 625.4400000000
711 642.3800000000
714 653.3400000000
718 658.4600000000
719 661.1800000000
721 689.9300000000
838 716.0000000000
840 730.5900000000
841 733.0000000000
842 739.5900000000
843 750.5700000000
849 756.0900000000
852 763.3700000000
888 764.2500000000
897 771.1500000000
936 773.4700000000
945 773.6400000000
946 774.0900000000
957 781.0100000000
959 782.5400000000
965 795.1300000000
972 798.8000000000
1016 800.3800000000
1031 811.3500000000
1056 813.4600000000
1166 825.6000000000
1176 831.0000000000
1181 831.6000000000
1248 831.8500000000
1249 832.9500000000
1252 835.4400000000
1444 842.9300000000
1452 862.2600000000
100000 -1.0000000000
evaluations raw_y
1 4.0900000000
2 20.6600000000
4 28.7900000000
6 30.4300000000
7 40.0200000000
9 50.5800000000
10 59.5000000000
11 60.8600000000
12 62.4100000000
13 71.4900000000
14 81.1600000000
15 92.6200000000
16 93.8500000000
21 96.7600000000
23 111.4300000000
29 124.8200000000
33 128.3200000000
34 129.2700000000
35 129.8600000000
36 129.9100000000
37 149.4300000000
39 155.6600000000
40 160.4100000000
41 163.6400000000
43 168.3200000000
44 170.3200000000
45 173.9800000000
48 179.3400000000
53 202.7800000000
55 206.5500000000
59 210.5100000000
60 218.4300000000
61 235.3800000000
62 237.7600000000
63 247.4300000000
64 250.8000000000
65 265.5200000000
70 304.6100000000
157 328.2300000000
169 336.7100000000
170 346.7800000000
175 349.6200000000
179 369.9400000000
195 387.0400000000
198 390.3400000000
199 398.2800000000
200 400.4500000000
203 413.3100000000
207 413.6000000000
209 420.4200000000
211 421.2700000000
212 425.8000000000
213 438.2400000000
214 454.2800000000
215 455.4900000000
217 459.3600000000
218 464.2800000000
219 483.6800000000
221 496.0100000000
222 497.4400000000
223 498.8600000000
224 502.4500000000
226 512.6700000000
231 516.3300000000
233 525.5300000000
235 529.6800000000
236 530.6100000000
240 540.0900000000
244 549.0800000000
267 553.0500000000
279 554.6000000000
309 558.8400000000
314 560.9600000000
315 587.6700000000
378 589.8000000000
406 602.2000000000
430 603.6800000000
453 624.5300000000
552 633.3800000000
568 638.1400000000
569 638.4800000000
570 643.5900000000
571 645.2600000000
574 659.1000000000
575 666.5900000000
576 675.6300000000
596 685.0800000000
597 686.3700000000
606 687.1700000000
615 687.2900000000
616 687.6700000000
617 701.1300000000
632 706.7300000000
635 711.9200000000
644 712.9700000000
650 727.9500000000
664 742.0800000000
692 744.0900000000
708 744.4900000000
709 745.5000000000
715 748.7100000000
731 757.4500000000
7877 757.7300000000
7888 762.7900000000
34221 766.7000000000
34288 768.7000000000
99957 771.6200000000
99991 772.8800000000
100000 -1.0000000000
evaluations raw_y
1 6.5700000000
2 13.8400000000
3 41.6200000000
4 43.6100000000
5 52.9700000000
6 67.1300000000
9 69.4600000000
13 75.3800000000
15 90.4300000000
17 93.2900000000
21 93.9100000000
22 112.8000000000
23 120.0000000000
24 126.5300000000
25 131.7500000000
27 134.3100000000
28 156.0600000000
30 168.5100000000
31 183.8800000000
34 188.2000000000
39 191.8400000000
44 197.3500000000
46 203.5500000000
52 207.4800000000
53 222.1300000000
70 238.0900000000
90 252.1800000000
103 253.5600000000
108 257.3300000000
109 273.0700000000
110 273.6500000000
111 293.9300000000
116 294.8800000000
119 300.7100000000
123 301.9900000000
124 322.2200000000
138 324.5400000000
142 336.7300000000
144 338.3600000000
146 351.9200000000
151 355.0200000000
153 360.7800000000
155 374.4700000000
162 385.9300000000
172 397.6200000000
189 401.8700000000
200 403.8100000000
222 404.3200000000
227 409.1700000000
254 418.9000000000
293 428.8400000000
304 435.4800000000
400 440.0800000000
426 442.1500000000
440 453.2800000000
458 454.2200000000
492 456.4200000000
498 458.4600000000
505 458.8900000000
507 466.5200000000
508 475.4100000000
512 487.1600000000
518 492.1000000000
525 508.2800000000
537 513.3700000000
557 518.2100000000
575 532.4100000000
592 536.2900000000
596 537.4800000000
598 552.1000000000
763 553.8400000000
886 559.1600000000
956 566.3600000000
980 648.3800000000
982 652.6000000000
983 655.8100000000
985 688.0200000000
1031 688.8200000000
1054 700.1200000000
1082 716.7100000000
1621 773.4700000000
1622 784.2300000000
1624 797.2000000000
1631 812.7300000000
1648 815.5500000000
1652 830.8800000000
1697 832.7900000000
1707 836.1900000000
1708 838.4800000000
1711 849.3800000000
1727 858.7400000000
1774 869.4500000000
1786 870.4700000000
1849 872.3600000000
2018 872.9400000000
2022 873.6200000000
2042 874.8100000000
2051 878.9600000000
2074 878.9800000000
2084 882.7000000000
2779 883.4200000000
2789 889.5600000000
4597 893.0000000000
4620 895.9200000000
15744 898.8800000000
16296 900.1300000000
100000 -1.0000000000
evaluations raw_y
1 4.8100000000
2 9.1400000000
3 12.9600000000
4 25.0300000000
5 36.4700000000
7 52.8700000000
8 57.7600000000
9 67.9800000000
10 74.0100000000
11 85.7500000000
12 90.7400000000
13 107.3000000000
15 117.3300000000
16 131.2400000000
17 141.5200000000
19 151.7700000000
22 159.3800000000
29 182.0800000000
35 186.2800000000
43 191.6000000000
45 207.7100000000
46 212.6200000000
47 214.5100000000
48 227.0700000000
50 228.5500000000
51 230.7700000000
53 233.2600000000
56 253.2800000000
58 255.3200000000
60 262.8400000000
64 266.9600000000
66 292.9000000000
79 412.9800000000
80 442.9100000000
85 448.7300000000
86 455.2600000000
90 456.9600000000
91 460.6000000000
93 465.2700000000
94 467.1100000000
95 469.7300000000
96 474.4500000000
98 481.0200000000
99 488.6700000000
102 499.5000000000
109 504.9700000000
113 517.0400000000
123 521.4900000000
132 526.3700000000
141 595.7300000000
145 599.1600000000
147 605.4600000000
149 624.8900000000
160 630.6300000000
161 631.8600000000
170 640.4300000000
176 640.6400000000
183 670.5900000000
555 756.3800000000
556 761.8100000000
557 775.4800000000
560 791.9900000000
590 792.8400000000
601 793.5500000000
609 797.0800000000
610 798.1700000000
613 800.7400000000
614 812.3100000000
616 817.5500000000
619 817.7200000000
627 826.2300000000
632 829.5000000000
665 829.6000000000
673 832.0400000000
681 835.7700000000
688 839.9600000000
689 842.1300000000
690 848.7000000000
699 853.8600000000
703 866.3900000000
725 867.5100000000
730 882.1900000000
740 886.6000000000
800 886.6500000000
855 903.7200000000
856 922.5500000000
863 927.7100000000
876 931.2500000000
881 951.7000000000
951 952.2400000000
953 961.0200000000
957 962.3000000000
1014 967.9300000000
1030 970.0400000000
1045 978.3700000000
1056 989.0900000000
1106 992.9300000000
1249 993.6900000000
1260 1002.3800000000
1277 1004.7100000000
1315 1006.7700000000
1331 1014.1800000000
26833 1015.5300000000
26926 1027.3700000000
50450 1033.5400000000
50460 1036.8300000000
83469 1037.0500000000
83911 1070.3100000000
84011 1077.2400000000
84025 1086.0300000000
84690 1086.2400000000
84813 1088.3000000000
86269 1092.6600000000
86569 1094.2300000000
87147 1095.2200000000
87168 1096.7800000000
87295 1108.0500000000
87382 1111.2300000000
88331 1118.2000000000
88540 1122.4600000000
100000 -1.0000000000
evaluations raw_y
1 9.5100000000
2 19.2900000000
3 31.8300000000
5 37.2300000000
6 44.4500000000
7 45.5300000000
8 53.5300000000
10 61.9000000000
11 69.5700000000
12 83.0300000000
13 99.8600000000
14 107.7100000000
15 110.0600000000
16 125.9700000000
17 133.5000000000
22 135.7900000000
23 137.6700000000
24 152.1300000000
26 156.5000000000
27 162.1300000000
30 174.2500000000
32 184.4700000000
38 186.1000000000
42 190.5400000000
43 192.1400000000
44 202.9900000000
48 226.1000000000
66 228.4200000000
70 232.9800000000
74 238.8000000000
78 259.4900000000
79 264.2900000000
82 272.4700000000
87 273.3900000000
89 276.5200000000
93 286.8500000000
98 289.0700000000
105 298.3500000000
108 299.4000000000
109 301.9900000000
111 319.0700000000
112 321.7400000000
119 325.7600000000
123 328.3200000000
124 332.9700000000
126 334.5900000000
127 338.8100000000
128 380.7400000000
141 386.8900000000
142 389.4900000000
146 389.7600000000
148 393.4500000000
150 407.1700000000
151 421.6000000000
156 426.8400000000
183 431.3800000000
186 437.0900000000
189 438.4700000000
190 443.0900000000
191 449.9600000000
197 467.5300000000
203 475.1200000000
204 484.6400000000
205 486.1300000000
210 570.4600000000
212 571.3200000000
213 593.2400000000
238 595.6100000000
254 607.2000000000
258 613.7000000000
287 631.0500000000
308 636.9600000000
427 721.5000000000
432 729.1300000000
439 729.8300000000
440 746.5600000000
457 747.7100000000
467 748.6800000000
482 752.6400000000
483 759.4200000000
486 774.5200000000
496 775.6300000000
499 786.5800000000
502 786.7700000000
506 793.1200000000
507 803.8300000000
572 805.7700000000
584 806.3400000000
585 806.5000000000
586 814.2400000000
612 822.7000000000
621 829.8000000000
622 837.1300000000
623 864.7100000000
625 871.2600000000
628 871.6700000000
629 877.5700000000
631 882.9000000000
645 891.2200000000
647 891.6800000000
3020 895.0500000000
3031 896.9500000000
12652 897.6100000000
12750 903.2000000000
100000 -1.0000000000
evaluations raw_y
1 11.8800000000
2 26.1400000000
5 39.8900000000
7 57.3400000000
9 64.2400000000
10 73.3900000000
11 77.5900000000
12 89.9500000000
13 95.4700000000
14 102.5500000000
15 112.6000000000
17 126.4900000000
19 137.3100000000
23 140.4500000000
24 150.4800000000
29 169.0700000000
37 171.0100000000
39 177.0900000000
41 183.3000000000
42 187.8300000000
44 191.0200000000
48 205.7100000000
49 209.1100000000
55 210.4600000000
57 211.0500000000
58 215.2900000000
59 229.2600000000
60 232.1500000000
61 237.1200000000
62 243.7700000000
63 249.0200000000
64 277.6400000000
65 287.0500000000
67 304.4700000000
68 308.5800000000
70 318.0700000000
71 330.8200000000
77 340.1500000000
80 351.0500000000
82 358.9700000000
86 374.2400000000
96 378.1600000000
98 393.8600000000
102 394.6800000000
162 402.3800000000
163 403.0300000000
166 405.0900000000
171 423.3300000000
175 428.5700000000
180 429.3800000000
184 432.3400000000
185 435.0900000000
186 440.5200000000
193 452.9900000000
194 463.6500000000
213 476.9900000000
223 481.3700000000
237 493.6600000000
270 498.0200000000
273 615.3700000000
286 627.3400000000
294 638.7300000000
307 644.2900000000
309 650.7200000000
959 651.2500000000
1251 652.7700000000
1254 662.7500000000
1256 679.9300000000
1264 684.9300000000
1279 687.7100000000
1305 688.6900000000
1306 691.4900000000
1307 694.2500000000
1308 697.0800000000
1309 738.2900000000
1382 743.2200000000
1783 790.9100000000
1786 794.3600000000
1790 798.6300000000
1793 893.2600000000
1794 901.7700000000
1797 905.6500000000
1798 910.0200000000
1808 915.7300000000
1813 918.6100000000
1814 919.4500000000
1816 926.3700000000
1827 927.0000000000
1831 932.1200000000
1855 944.0400000000
1860 946.5700000000
1871 952.0700000000
1877 958.2300000000
1903 959.9400000000
1904 972.1800000000
1948 975.2500000000
2193 975.7600000000
2221 976.6500000000
2267 978.7600000000
2332 989.0700000000
3159 991.5700000000
3172 995.0400000000
9417 996.0400000000
9538 997.2000000000
9881 1009.2600000000
9983 1009.8800000000
11949 1010.0400000000
11977 1016.9100000000
14179 1021.8300000000
14243 1024.2300000000
37694 1026.4800000000
40014 1088.4600000000
40784 1091.4300000000
40800 1096.6800000000
43524 1104.3200000000
43672 1106.2700000000
60060 1107.5700000000
60110 1108.1000000000
100000 -1.0000000000
evaluations raw_y
1 21.8100000000
2 47.0800000000
6 50.5800000000
9 52.9900000000
10 65.6200000000
13 74.4000000000
19 75.5200000000
20 99.6500000000
21 103.6800000000
25 104.2400000000
26 104.2600000000
27 120.6200000000
28 130.0600000000
29 132.3700000000
30 148.2600000000
34 150.4400000000
35 155.4900000000
36 168.9400000000
38 175.8800000000
39 179.0700000000
41 179.5100000000
42 201.3800000000
43 205.6600000000
44 214.7800000000
46 221.7700000000
47 226.9200000000
48 239.5200000000
49 243.7600000000
54 256.1400000000
55 272.1800000000
78 274.7900000000
79 277.6700000000
83 287.5000000000
87 288.9500000000
88 303.4100000000
90 312.7800000000
93 321.2700000000
98 321.6400000000
99 335.3500000000
104 350.1500000000
109 351.0000000000
111 369.4100000000
112 370.3200000000
116 372.3600000000
117 373.1200000000
119 377.4200000000
120 386.3200000000
121 388.2700000000
122 391.3300000000
123 399.1300000000
124 412.7300000000
125 421.2400000000
137 422.7400000000
138 427.2800000000
140 435.3400000000
142 439.0300000000
143 449.3300000000
159 463.7300000000
207 465.9400000000
223 469.8600000000
240 472.2500000000
253 476.5600000000
256 486.9400000000
268 494.1800000000
271 494.4200000000
272 500.6100000000
273 506.7300000000
279 508.0300000000
284 510.3400000000
287 514.1700000000
289 525.1200000000
292 527.4200000000
295 532.1200000000
298 537.5200000000
300 541.0800000000
301 546.1200000000
302 560.8100000000
325 575.6500000000
412 632.3600000000
413 644.7300000000
414 658.9000000000
415 661.5900000000
416 665.1600000000
417 668.5000000000
418 671.1300000000
420 676.9900000000
421 691.8700000000
428 710.4400000000
510 731.6500000000
958 734.0600000000
1041 741.7800000000
1683 743.7700000000
1985 775.2600000000
1992 776.1700000000
1996 783.4900000000
1997 801.6500000000
1998 805.8100000000
2003 806.1600000000
2004 817.6300000000
2012 835.8100000000
100000 -1.0000000000
evaluations raw_y
1 10.9500000000
2 24.1100000000
3 27.2400000000
4 33.6000000000
5 42.9400000000
7 65.8200000000
8 87.3100000000
11 87.3800000000
12 98.4300000000
15 99.0500000000
17 103.3300000000
19 121.2800000000
20 127.8800000000
23 134.0700000000
27 142.2700000000
29 153.7700000000
31 161.0200000000
32 176.4600000000
41 178.9900000000
43 192.5000000000
45 193.0400000000
46 212.1600000000
47 213.6600000000
48 227.0700000000
49 245.9000000000
50 247.9400000000
51 250.5800000000
52 277.9300000000
54 283.9300000000
56 292.5100000000
58 296.9800000000
59 308.7300000000
60 322.5500000000
89 334.0600000000
95 338.6700000000
98 340.6100000000
99 358.2100000000
101 370.3700000000
107 373.4400000000
110 397.8400000000
149 402.2300000000
154 402.3200000000
213 504.1700000000
214 507.2700000000
215 555.7300000000
220 563.3700000000
249 568.9500000000
251 571.0300000000
256 597.3700000000
264 597.5500000000
270 613.5800000000
271 619.2500000000
274 628.3900000000
280 632.2300000000
286 637.0000000000
293 646.1100000000
302 646.8600000000
317 656.0300000000
330 659.8000000000
337 662.0400000000
338 669.1900000000
348 679.0900000000
353 679.1900000000
377 689.6000000000
407 690.8500000000
417 692.5000000000
431 693.8500000000
432 698.2300000000
436 713.0300000000
515 717.6100000000
535 740.7900000000
573 743.8500000000
1215 744.4500000000
1373 747.3400000000
1398 752.2400000000
1429 761.3000000000
1449 808.8000000000
1452 811.7800000000
1457 812.5000000000
1461 814.5100000000
1464 814.6000000000
1465 825.5200000000
1466 832.7300000000
1478 835.5100000000
1487 843.9000000000
1489 845.7200000000
1500 846.7800000000
1501 860.8700000000
1509 861.1000000000
1552 867.8100000000
1561 868.4800000000
1579 869.1000000000
1595 881.7800000000
1654 885.2400000000
1688 890.1800000000
1768 893.7900000000
1853 894.3100000000
1941 926.8200000000
1942 952.8400000000
1943 979.3600000000
2650 979.9900000000
2675 980.3800000000
8156 980.8800000000
8189 1033.8100000000
8460 1039.7300000000
8464 1041.6700000000
9019 1050.6300000000
9032 1051.8900000000
9187 1059.1900000000
9343 1060.5500000000
21565 1066.8400000000
21815 1067.8700000000
40495 1068.2100000000
40856 1074.0000000000
85549 1074.1500000000
85625 1079.0400000000
100000 1051.1300000000
evaluations raw_y
1 3.0200000000
2 11.3200000000
3 15.7400000000
4 16.1100000000
5 35.3900000000
6 51.9500000000
7 65.1100000000
11 73.3400000000
17 75.8000000000
18 76.3700000000
19 91.7000000000
21 92.2800000000
22 106.6700000000
23 125.9700000000
24 129.6100000000
28 131.6600000000
29 133.9600000000
30 137.1300000000
31 159.4500000000
33 162.6700000000
34 181.6100000000
35 191.2800000000
37 214.9400000000
38 226.5700000000
40 239.1600000000
43 243.0600000000
46 246.3000000000
48 249.4900000000
50 249.9500000000
52 251.1800000000
53 266.4000000000
54 270.5000000000
55 282.0700000000
56 282.3800000000
57 316.4700000000
58 321.7800000000
80 332.3500000000
81 356.6300000000
384 436.7400000000
385 477.4600000000
408 483.6800000000
423 493.9900000000
449 501.3000000000
467 501.5800000000
469 503.6700000000
473 506.4000000000
477 526.0800000000
482 531.0200000000
483 541.9400000000
516 543.9100000000
521 546.6200000000
524 548.7000000000
525 566.7500000000
551 570.0700000000
561 580.0500000000
566 585.0800000000
616 589.8300000000
621 593.7800000000
641 610.0500000000
644 618.4700000000
784 668.4100000000
785 697.2900000000
866 703.5600000000
869 708.8000000000
916 711.5100000000
918 713.7200000000
924 725.0600000000
928 730.9400000000
948 738.6000000000
983 739.2400000000
1036 739.6500000000
1040 752.7500000000
1050 754.9200000000
1058 766.3100000000
1065 768.6800000000
1101 775.8100000000
1104 775.8800000000
1127 780.6300000000
1128 787.5700000000
1130 789.0100000000
1143 798.0700000000
1147 803.1000000000
1151 813.5000000000
1174 887.1000000000
1175 889.1500000000
1179 899.9400000000
1214 900.6500000000
1217 900.9700000000
1218 907.6200000000
1221 909.4600000000
1225 926.6300000000
1248 928.3100000000
1259 930.3200000000
1272 940.6100000000
1298 945.9700000000
1405 948.8500000000
1453 954.1500000000
1485 954.6500000000
1490 956.8700000000
1496 964.4700000000
66168 965.2200000000
66182 967.9800000000
100000 -1.0000000000
evaluations raw_y
1 8.3200000000
2 21.8200000000
3 27.3300000000
4 36.7200000000
5 44.1700000000
6 45.8200000000
7 48.7100000000
8 68.4500000000
9 88.2800000000
16 99.7600000000
18 101.5700000000
19 113.2300000000
20 119.1400000000
21 134.1200000000
22 151.7300000000
27 154.3700000000
31 157.2500000000
34 172.2100000000
46 174.6800000000
54 181.4100000000
55 203.7000000000
77 204.5200000000
83 205.0200000000
84 213.3100000000
87 217.5600000000
88 221.3900000000
89 228.5100000000
91 230.1900000000
92 232.9400000000
94 255.0700000000
97 270.7500000000
98 271.4700000000
100 276.1600000000
101 280.8200000000
102 286.7300000000
103 299.4900000000
115 300.9500000000
117 319.9700000000
118 337.6400000000
130 340.6900000000
133 343.0300000000
137 345.6500000000
145 346.7400000000
146 357.6700000000
149 368.8400000000
153 370.7000000000
157 373.9000000000
160 393.2100000000
182 403.7800000000
185 406.7700000000
192 411.2100000000
193 411.9800000000
194 423.0200000000
195 426.2000000000
197 431.6000000000
199 434.1500000000
202 434.7200000000
203 439.5700000000
205 440.6900000000
206 442.4000000000
207 467.9300000000
208 470.4700000000
209 470.5300000000
210 483.3700000000
211 493.6100000000
219 507.9900000000
223 515.7500000000
271 521.2100000000
340 526.1900000000
362 532.3700000000
420 542.1400000000
560 544.1700000000
561 548.3400000000
564 557.4800000000
576 559.4800000000
577 560.8300000000
578 569.1700000000
590 576.5400000000
614 580.8600000000
615 581.8800000000
618 586.8200000000
640 587.6100000000
642 589.5700000000
645 593.5500000000
646 603.6900000000
647 626.2000000000
649 631.6600000000
666 633.9700000000
997 634.3400000000
1024 639.0000000000
1145 641.0000000000
1153 661.0600000000
1298 661.1200000000
1326 661.6700000000
1381 662.3400000000
1384 664.0400000000
1386 664.3700000000
1387 671.8300000000
1388 677.4900000000
1389 679.6500000000
1488 689.1500000000
1502 691.6700000000
2092 707.7300000000
2354 709.5300000000
100000 -1.0000000000
evaluations raw_y
1 1.3400000000
2 4.9800000000
3 15.9500000000
4 22.3200000000
5 27.9900000000
8 53.1100000000
9 56.3900000000
10 81.5400000000
11 81.7100000000
12 84.8100000000
13 99.7900000000
14 104.6200000000
15 115.4800000000
20 118.1600000000
21 129.2800000000
22 140.8300000000
23 146.4200000000
25 149.4200000000
26 160.1200000000
27 165.7900000000
29 174.0000000000
30 174.8500000000
31 176.2000000000
32 188.1700000000
34 193.5500000000
37 208.1200000000
39 214.2100000000
47 214.5000000000
50 217.2300000000
51 223.5500000000
53 237.5400000000
61 250.9700000000
183 257.6100000000
228 267.7500000000
301 275.9900000000
312 279.2100000000
314 284.5300000000
327 289.8000000000
337 296.5300000000
371 301.4800000000
393 317.9100000000
412 374.5400000000
414 377.1700000000
416 386.0600000000
417 386.5000000000
418 395.9600000000
420 409.8000000000
424 417.7600000000
427 425.7400000000
446 429.4100000000
453 432.8500000000
456 451.1700000000
486 462.3800000000
588 466.9600000000
590 470.5400000000
675 470.9100000000
682 475.1900000000
683 499.2600000000
770 608.9100000000
774 616.3600000000
789 626.3000000000
796 633.2200000000
840 633.8200000000
842 637.0500000000
850 638.8900000000
871 642.2100000000
882 650.2400000000
883 664.9700000000
909 688.4000000000
963 694.6100000000
964 698.8200000000
965 715.1100000000
969 716.7400000000
974 720.4300000000
981 722.7700000000
993 738.8300000000
996 739.6400000000
1020 741.8100000000
1032 749.6000000000
1036 751.3100000000
1047 751.4200000000
1067 754.7100000000
1070 758.4700000000
1071 764.6200000000
1073 770.5900000000
1074 779.1900000000
1093 781.0600000000
1101 782.8600000000
1106 784.8600000000
1107 788.0300000000
1113 790.8500000000
1114 794.1300000000
1115 797.7900000000
1116 805.6700000000
1126 817.9100000000
1166 822.3600000000
1179 824.2600000000
1183 824.7700000000
1189 826.3700000000
1209 828.3400000000
1398 829.8000000000
1400 837.7200000000
62255 838.5900000000
62335 843.5500000000
65272 843.6000000000
65312 857.8400000000
65770 863.0500000000
65775 863.4500000000
68979 864.2200000000
69065 865.5300000000
72955 866.9800000000
73163 876.1900000000
74129 877.8400000000
75422 880.0500000000
100000 832.3100000000
evaluations raw_y
1 10.0100000000
2 36.3300000000
10 37.9500000000
11 44.8700000000
12 47.3500000000
14 57.6200000000
15 68.6500000000
18 90.1800000000
24 118.7000000000
41 118.7700000000
42 125.7600000000
44 136.3000000000
46 142.1200000000
48 154.1300000000
49 155.2600000000
50 176.4300000000
54 182.4200000000
55 191.5600000000
56 200.5800000000
61 202.8600000000
65 207.0900000000
66 236.2600000000
219 239.7100000000
223 243.1800000000
227 273.2000000000
228 286.6300000000
229 294.1000000000
230 303.2800000000
232 321.3900000000
239 323.5800000000
243 327.1600000000
264 328.0900000000
267 333.7000000000
270 341.3800000000
281 359.9900000000
301 360.6500000000
303 381.5200000000
309 395.7500000000
314 412.6800000000
412 422.2800000000
419 425.0900000000
422 426.1200000000
431 434.9200000000
435 453.7800000000
438 456.0700000000
481 457.0700000000
500 457.3200000000
504 463.3200000000
505 468.0700000000
506 508.8700000000
542 512.9400000000
554 517.7700000000
569 521.1100000000
589 532.3300000000
592 533.5000000000
595 535.2400000000
599 540.7800000000
600 548.1600000000
603 553.1400000000
605 559.5000000000
608 569.9300000000
622 571.6600000000
623 579.0900000000
626 582.4400000000
643 582.8200000000
646 583.1500000000
648 588.7900000000
653 592.2200000000
654 593.3000000000
657 599.6800000000
663 608.9400000000
665 612.2100000000
666 616.9100000000
672 622.3600000000
675 627.6100000000
687 637.9200000000
692 647.7900000000
695 654.5000000000
731 723.8300000000
732 728.9700000000
736 730.8900000000
737 733.6000000000
740 742.2500000000
741 746.5900000000
742 761.1400000000
749 765.0300000000
762 767.4800000000
772 778.6300000000
816 785.1900000000
825 788.0600000000
854 795.5000000000
936 804.5300000000
1231 862.9700000000
1232 863.2800000000
1234 865.9900000000
1237 871.8500000000
1238 872.5800000000
1239 872.6000000000
1240 874.1900000000
1241 883.8700000000
1319 885.3600000000
1321 893.4600000000
2086 894.7400000000
2108 896.2500000000
2705 896.4200000000
2720 905.5500000000
14053 906.6100000000
14144 906.6500000000
16848 910.8300000000
16992 911.6400000000
53019 913.6600000000
53327 913.8400000000
53609 915.6100000000
53613 917.1100000000
53635 926.2000000000
53639 928.2700000000
54213 929.3300000000
54305 929.6500000000
63883 931.9300000000
64134 937.6900000000
75878 944.9300000000
78073 1013.0000000000
78097 1023.2200000000
78101 1026.1200000000
78625 1041.7000000000
79280 1065.1100000000
79336 1066.2500000000
79337 1074.0700000000
79503 1079.5000000000
79504 1079.9000000000
81053 1082.8500000000
81087 1088.5300000000
81400 1090.1800000000
81466 1091.1700000000
87150 1091.6500000000
87164 1091.7200000000
89124 1104.0100000000
90720 1104.3500000000
100000 -1.0000000000
evaluations raw_y
1 7.3400000000
2 15.2700000000
3 26.0300000000
5 30.8900000000
6 43.1000000000
7 50.5500000000
8 58.2600000000
9 83.1900000000
10 85.3700000000
11 85.9500000000
12 96.2900000000
13 97.4300000000
14 108.9100000000
15 132.4000000000
21 134.5200000000
23 138.9000000000
24 145.4400000000
25 149.2400000000
26 151.8100000000
27 167.5200000000
28 171.1700000000
29 181.5200000000
30 198.2400000000
31 205.3800000000
33 209.8500000000
34 220.3100000000
37 239.5300000000
41 239.6000000000
42 247.2400000000
44 254.2100000000
45 258.6900000000
46 272.9600000000
47 278.7900000000
48 292.4600000000
49 296.5100000000
52 299.4100000000
55 301.9000000000
56 309.9900000000
57 331.1200000000
63 332.7200000000
74 340.8700000000
77 354.8500000000
78 366.4700000000
79 375.2700000000
80 488.3500000000
81 502.5900000000
82 530.8000000000
99 539.6400000000
118 549.6600000000
155 557.5800000000
167 564.4300000000
224 568.8600000000
284 574.8000000000
333 577.2300000000
335 582.2100000000
337 584.5400000000
338 592.4500000000
350 596.2400000000
355 601.0800000000
359 603.6800000000
361 604.7700000000
362 615.4800000000
381 631.5500000000
412 636.0100000000
422 639.9500000000
429 648.2400000000
430 658.6700000000
443 663.4500000000
447 667.4000000000
448 676.1000000000
450 684.6900000000
451 689.5600000000
454 720.1400000000
519 758.2000000000
520 780.6900000000
521 781.2900000000
525 795.8100000000
530 799.9800000000
540 804.3000000000
549 808.6200000000
550 809.1600000000
557 809.3500000000
558 809.9400000000
559 813.2600000000
560 828.4300000000
563 833.9600000000
570 850.5600000000
572 856.1800000000
631 859.8700000000
640 937.5500000000
642 938.6500000000
643 941.7500000000
644 945.0300000000
645 954.2400000000
646 956.2900000000
648 959.7700000000
651 965.6400000000
653 974.2000000000
654 984.2800000000
663 984.8700000000
5786 988.3200000000
5841 991.6900000000
37584 991.7000000000
37742 992.6500000000
38146 997.0200000000
38765 999.2600000000
100000 -1.0000000000
evaluations raw_y
1 1.9700000000
2 13.5700000000
3 26.3100000000
5 26.4800000000
6 38.4500000000
7 41.4600000000
8 44.3800000000
9 58.2000000000
10 71.7600000000
11 95.1400000000
15 98.9700000000
18 105.8400000000
23 117.6600000000
24 129.8300000000
53 129.9600000000
56 152.1000000000
60 156.8200000000
61 166.9400000000
62 185.8300000000
66 190.9600000000
68 192.8500000000
69 206.8500000000
70 207.2100000000
72 222.0200000000
73 237.6500000000
82 249.8100000000
83 255.1300000000
96 257.1300000000
97 260.0200000000
98 261.8900000000
99 263.7200000000
101 280.6200000000
103 293.1800000000
108 300.5600000000
110 306.6000000000
112 314.6500000000
118 317.5700000000
119 323.7800000000
120 326.7000000000
122 330.6900000000
126 339.6200000000
128 339.8800000000
129 353.0100000000
130 356.4400000000
131 373.4200000000
146 375.7200000000
151 384.6700000000
168 385.9600000000
169 389.5200000000
170 421.8600000000
345 422.4300000000
378 428.9400000000
383 496.2900000000
385 505.6700000000
386 513.7100000000
387 558.9800000000
396 563.9500000000
397 566.4200000000
398 568.2600000000
401 577.6500000000
403 579.5000000000
406 592.5800000000
432 604.2600000000
436 620.9400000000
452 623.3100000000
460 631.6900000000
480 634.4400000000
482 635.8500000000
484 653.8800000000
490 682.2300000000
492 687.4100000000
493 716.7600000000
495 728.3800000000
515 740.1100000000
519 744.4100000000
977 747.6800000000
1012 765.9200000000
1206 767.7200000000
1214 772.5300000000
1364 774.7000000000
1461 778.4200000000
1467 852.7400000000
1469 859.4800000000
1470 865.0600000000
1473 865.9000000000
1474 882.3100000000
1482 885.7400000000
1488 885.9200000000
1490 889.1000000000
1494 896.6900000000
1499 908.5000000000
1509 909.8200000000
1601 914.7000000000
1691 915.9500000000
1723 919.3600000000
1738 928.8600000000
1871 932.4500000000
2216 933.0000000000
2230 935.5500000000
2237 1000.4700000000
2238 1003.1800000000
2239 1006.6100000000
2285 1008.8800000000
2286 1011.1200000000
2472 1016.6900000000
2477 1020.6000000000
15210 1024.5800000000
15228 1043.0000000000
57757 1049.0600000000
61552 1123.1400000000
63092 1128.2700000000
63149 1136.3400000000
100000 -1.0000000000
evaluations raw_y
1 6.0000000000
2 14.3100000000
3 17.3200000000
4 25.2300000000
5 34.6000000000
6 50.9400000000
8 63.0600000000
9 64.7200000000
10 247.3300000000
11 248.9100000000
12 258.6200000000
13 275.3800000000
15 278.2000000000
18 283.2700000000
19 288.1800000000
20 325.8800000000
25 326.5200000000
26 349.6200000000
29 350.3900000000
30 365.3100000000
31 370.6900000000
32 385.4000000000
33 390.7000000000
34 412.1100000000
79 439.8700000000
84 453.3300000000
158 462.2000000000
164 467.1200000000
166 471.5000000000
170 486.4900000000
186 492.5500000000
193 496.8500000000
195 500.5100000000
204 501.3900000000
205 502.9700000000
207 506.7200000000
209 515.4500000000
210 532.7500000000
226 535.8600000000
234 539.3200000000
235 558.1700000000
237 559.9300000000
247 562.9100000000
259 580.0800000000
434 648.7000000000
435 657.2000000000
438 665.4300000000
440 668.1800000000
441 674.5000000000
443 685.2200000000
446 687.1100000000
452 692.9700000000
453 698.5300000000
457 708.8100000000
458 718.2500000000
465 725.3100000000
468 732.0700000000
482 733.0000000000
486 734.5000000000
627 738.0000000000
669 738.9100000000
671 758.5400000000
741 758.8400000000
750 762.0200000000
768 776.4800000000
776 785.0700000000
799 790.9000000000
841 794.3800000000
886 795.2500000000
928 797.1900000000
935 797.5500000000
936 798.8800000000
946 804.8100000000
952 810.0800000000
958 810.5800000000
961 811.4300000000
964 813.4500000000
965 826.2900000000
975 836.5600000000
979 846.3800000000
1235 855.5900000000
1687 855.7600000000
1972 864.5800000000
2396 865.8900000000
2482 866.1000000000
2484 882.2800000000
2593 883.4100000000
2604 885.8400000000
2692 886.4300000000
2711 892.7100000000
2719 896.4500000000
2744 906.0000000000
2869 906.8000000000
2870 908.4900000000
2871 912.7200000000
2901 914.4300000000
2902 922.1200000000
2920 937.6000000000
2926 940.9100000000
2931 945.7600000000
3416 950.5400000000
3423 960.3700000000
15929 970.5300000000
16013 1039.8100000000
16044 1041.0400000000
16051 1050.2900000000
16285 1060.8800000000
16344 1062.4000000000
39872 1063.4400000000
39998 1067.5100000000
100000 -1.0000000000
evaluations raw_y
1 6.4500000000
2 9.6300000000
3 19.7800000000
5 34.2200000000
6 44.5000000000
7 52.4200000000
8 52.8800000000
9 58.7700000000
10 80.3200000000
11 88.1800000000
17 253.6300000000
18 280.4200000000
20 283.4200000000
21 294.2500000000
28 299.2900000000
30 315.8400000000
31 316.5800000000
37 321.7800000000
40 323.5900000000
43 328.3000000000
44 335.6900000000
46 351.4200000000
47 362.9500000000
49 377.4300000000
60 381.2900000000
69 385.3900000000
70 390.5500000000
74 408.4200000000
97 414.7400000000
100 422.3000000000
128 424.8500000000
132 427.0800000000
142 432.5700000000
152 437.5800000000
154 446.0100000000
155 460.4900000000
167 480.4800000000
212 486.7700000000
214 498.8000000000
215 500.3800000000
217 506.1400000000
218 520.9200000000
219 532.5000000000
220 545.3000000000
231 546.2200000000
234 549.9700000000
299 554.5300000000
307 555.9700000000
325 616.5700000000
326 617.4500000000
327 631.9400000000
328 633.4900000000
332 641.2500000000
333 659.9300000000
337 661.6400000000
339 681.9800000000
368 687.3000000000
383 689.6800000000
387 689.9700000000
389 706.4400000000
393 710.6900000000
394 725.9600000000
398 727.9100000000
402 732.9400000000
441 739.0900000000
455 741.8300000000
461 753.8200000000
463 755.0400000000
466 756.9900000000
467 774.6500000000
475 778.1300000000
478 779.1900000000
479 787.2000000000
481 800.9600000000
486 801.0700000000
506 801.1600000000
507 801.2700000000
517 807.3200000000
519 816.7400000000
521 817.8900000000
529 825.6400000000
566 839.2000000000
646 842.5000000000
715 843.8400000000
759 846.5600000000
765 847.9300000000
780 856.1500000000
784 858.3400000000
797 930.6200000000
800 943.6700000000
802 946.5700000000
804 954.1900000000
834 954.4700000000
842 958.9000000000
883 962.4400000000
894 963.4400000000
896 965.0800000000
900 974.2300000000
911 984.2300000000
6356 986.9300000000
6416 990.1300000000
68371 992.3700000000
68755 993.7300000000
69305 994.7300000000
69306 997.0600000000
69333 1004.5400000000
69345 1009.3400000000
83132 1011.9400000000
83143 1018.0800000000
100000 -1.0000000000
evaluations raw_y
1 13.8900000000
2 17.7400000000
3 23.8600000000
4 32.1500000000
5 35.7000000000
7 47.7200000000
10 49.5900000000
12 67.7400000000
15 73.4100000000
16 100.8100000000
20 103.4200000000
24 109.8900000000
26 126.4100000000
27 135.3600000000
30 140.6800000000
33 152.8800000000
34 155.9000000000
35 169.0200000000
36 172.7400000000
37 193.9400000000
38 201.4900000000
41 214.9500000000
42 220.2900000000
59 225.6500000000
60 227.5600000000
62 253.1500000000
72 255.5300000000
74 260.5300000000
78 266.1000000000
79 268.4600000000
81 272.8400000000
85 274.8300000000
86 277.1200000000
87 281.1400000000
88 290.8600000000
92 323.4100000000
104 330.0600000000
106 344.7500000000
114 347.4500000000
116 348.1500000000
117 353.1900000000
119 359.4500000000
126 367.6400000000
135 372.7400000000
136 381.7800000000
144 387.6100000000
148 402.2400000000
196 415.4100000000
197 428.2500000000
208 428.6800000000
221 429.9200000000
231 436.9700000000
242 444.4600000000
254 447.7400000000
257 454.0800000000
292 537.7200000000
293 560.4900000000
302 561.4700000000
303 564.9800000000
307 575.9600000000
308 580.6800000000
309 584.1300000000
310 584.1900000000
314 589.9600000000
317 610.4600000000
320 614.1400000000
321 624.7900000000
363 634.6500000000
387 644.1600000000
803 644.8200000000
906 645.4200000000
950 647.0200000000
967 653.8400000000
996 667.0700000000
1000 669.6700000000
1028 670.5400000000
1039 671.6500000000
1041 674.1100000000
1051 674.4800000000
1056 675.4300000000
1057 675.7500000000
1058 684.3600000000
1060 685.0500000000
1061 685.7800000000
1062 695.4400000000
1066 696.4300000000
1069 720.5600000000
1070 721.2800000000
1071 727.7700000000
1072 755.6900000000
1088 760.0800000000
1089 762.0200000000
1094 763.1500000000
1096 765.0900000000
1097 765.1300000000
1100 779.5800000000
1102 783.3600000000
1103 785.8200000000
1124 786.4700000000
1126 793.6600000000
1211 803.3700000000
1267 811.7100000000
11873 812.7700000000
12067 815.8000000000
49771 819.4800000000
50515 892.6000000000
50552 893.8300000000
50554 897.1500000000
51801 900.8900000000
51803 903.4500000000
52428 905.2300000000
52463 907.3900000000
67208 907.8900000000
67220 908.7800000000
76390 909.9600000000
76391 911.4900000000
81677 911.7500000000
81700 912.9000000000
85398 922.8000000000
86390 932.2300000000
88128 940.2400000000
88236 943.5100000000
100000 -1.0000000000
evaluations raw_y
1 13.4900000000
2 36.8400000000
3 45.9800000000
5 54.6400000000
6 57.7000000000
7 92.6000000000
18 93.9700000000
21 96.5200000000
22 107.9000000000
25 109.9700000000
26 113.3800000000
28 128.8400000000
30 141.9400000000
32 154.2300000000
35 156.8700000000
36 160.5400000000
37 160.9600000000
39 168.4500000000
40 175.4600000000
41 204.5100000000
47 215.1600000000
83 218.5800000000
85 218.6500000000
87 219.3000000000
88 220.4900000000
89 249.1700000000
92 255.3600000000
93 257.6800000000
98 264.2900000000
104 265.3300000000
106 298.5000000000
156 298.5700000000
160 301.6300000000
161 309.6300000000
167 315.5600000000
168 340.5900000000
169 347.6000000000
184 367.4700000000
190 376.4400000000
195 381.3400000000
196 400.1600000000
201 414.1800000000
232 415.8000000000
245 428.9300000000
398 443.3500000000
513 447.7300000000
534 458.0800000000
543 466.0200000000
551 469.8800000000
552 476.4400000000
566 479.8500000000
569 488.8500000000
578 489.7500000000
584 503.4900000000
589 505.3800000000
591 507.5300000000
592 513.4000000000
600 521.4200000000
607 532.1900000000
641 534.0700000000
648 629.4100000000
650 640.5600000000
651 652.9600000000
653 659.1900000000
654 660.9200000000
655 661.0100000000
656 665.9400000000
657 667.4000000000
658 680.0700000000
659 686.2500000000
660 687.1400000000
661 690.8100000000
662 700.4100000000
663 704.8400000000
666 707.7500000000
672 728.9100000000
680 743.5000000000
1923 747.2900000000
2020 749.0000000000
2112 750.5400000000
2140 754.8100000000
2224 765.8800000000
2320 766.9600000000
2415 769.8900000000
2444 779.4000000000
2453 780.7000000000
2497 781.5900000000
2528 797.6900000000
2593 800.3600000000
2753 806.0900000000
2947 807.0700000000
2973 810.4700000000
3071 819.9700000000
3311 827.4900000000
3316 829.0500000000
3326 830.7600000000
3335 843.1600000000
3353 845.6500000000
3378 853.5400000000
4018 876.6800000000
4057 879.1200000000
4058 908.5500000000
4529 910.3200000000
4537 915.1300000000
7632 925.3300000000
7837 927.4700000000
17211 938.8300000000
17872 993.5900000000
17890 994.8500000000
17892 997.1000000000
18231 1004.9700000000
18238 1009.3900000000
18490 1009.6000000000
18518 1009.9300000000
19005 1018.2000000000
19046 1021.1200000000
33809 1029.4700000000
35597 1064.8200000000
49041 1070.9000000000
49961 1071.9700000000
65303 1077.0600000000
65677 1148.1700000000
69720 1152.8600000000
69751 1155.7600000000
81497 1157.5500000000
81846 1174.0100000000
82555 1177.2400000000
82584 1180.4800000000
89628 1180.6600000000
90295 1187.0000000000
100000 -1.0000000000
evaluations raw_y
1 16.1100000000
2 22.1000000000
4 33.9500000000
5 49.3700000000
6 52.2800000000
7 60.7000000000
10 75.8800000000
19 76.5300000000
20 76.9100000000
21 85.6500000000
22 89.6600000000
23 100.8300000000
24 120.0900000000
25 132.0500000000
34 141.9500000000
38 147.4700000000
39 149.3900000000
40 157.2600000000
41 165.3600000000
42 171.6700000000
43 193.0200000000
52 199.2000000000
58 202.8300000000
59 233.8200000000
79 236.2800000000
80 243.0400000000
87 258.6600000000
88 266.0900000000
97 269.4500000000
98 345.8600000000
99 366.5500000000
104 366.9400000000
111 377.3300000000
113 389.0700000000
116 404.9900000000
124 413.8900000000
133 419.1300000000
141 424.5500000000
158 425.2000000000
173 435.6300000000
178 441.3600000000
189 443.5200000000
197 449.2300000000
218 449.8900000000
221 450.1500000000
225 458.4300000000
235 468.9600000000
237 472.5900000000
245 496.0500000000
311 507.5900000000
383 565.9600000000
384 605.7500000000
385 613.8800000000
398 616.5700000000
399 624.5900000000
412 627.8700000000
414 639.0400000000
436 644.2500000000
440 650.9100000000
474 653.9300000000
475 665.0200000000
514 669.5000000000
581 758.6800000000
582 775.9000000000
594 784.1800000000
609 795.5800000000
629 801.7100000000
799 803.2800000000
851 808.0400000000
958 817.1500000000
977 817.1900000000
982 821.5700000000
985 823.9900000000
999 828.7900000000
1002 834.8400000000
1003 839.0400000000
1005 855.8800000000
1020 857.1500000000
1039 857.3800000000
1044 862.1100000000
1046 880.7600000000
1319 880.8800000000
1329 961.2000000000
1330 964.8400000000
1331 972.1500000000
1332 986.8700000000
1334 986.9000000000
1347 996.8000000000
1412 996.9300000000
1513 1003.7300000000
1529 1004.2600000000
1534 1014.5000000000
1541 1015.1000000000
1549 1024.2300000000
1728 1027.7800000000
1740 1040.6500000000
1741 1042.4800000000
1742 1048.3000000000
1747 1054.5100000000
1754 1062.3300000000
3431 1065.8600000000
3476 1129.1100000000
3602 1140.5300000000
3606 1144.2000000000
13190 1149.0500000000
13395 1149.1800000000
42455 1149.8800000000
42802 1151.0100000000
51316 1152.3000000000
51462 1152.9700000000
54516 1154.3500000000
54538 1155.7800000000
66639 1157.1700000000
67089 1157.9300000000
70353 1158.0700000000
70419 1168.0500000000
100000 -1.0000000000
evaluations raw_y
1 10.8500000000
2 22.9300000000
3 28.1800000000
4 28.9500000000
5 31.7900000000
6 42.7800000000
7 52.9200000000
9 53.7500000000
10 61.2000000000
11 75.0100000000
12 82.4700000000
14 83.7500000000
16 92.7500000000
17 114.4400000000
22 122.1100000000
24 122.3900000000
25 126.7100000000
26 146.3900000000
27 161.2800000000
29 168.2400000000
31 188.9700000000
32 195.2500000000
33 222.0200000000
37 234.5400000000
40 237.2300000000
41 241.9800000000
43 242.1700000000
44 249.7300000000
45 259.1400000000
46 280.4700000000
50 300.6900000000
234 302.9600000000
240 305.8500000000
254 306.7900000000
256 332.5300000000
258 332.9300000000
259 334.0900000000
261 366.1600000000
263 374.5500000000
264 376.8800000000
266 383.5200000000
270 384.8500000000
275 391.8700000000
278 407.5600000000
285 412.7600000000
289 415.3900000000
292 417.0200000000
293 423.2300000000
303 425.1600000000
304 426.6000000000
311 427.1000000000
312 440.9000000000
313 452.1200000000
315 469.7400000000
320 471.9600000000
350 483.5500000000
401 485.1700000000
413 491.8800000000
417 562.5200000000
419 583.3500000000
421 597.3800000000
480 598.9100000000
487 605.3100000000
507 606.3300000000
508 607.2600000000
509 618.4500000000
510 633.1700000000
522 634.2800000000
533 639.8900000000
535 642.8100000000
539 643.0000000000
540 644.5300000000
547 650.0900000000
550 661.0700000000
552 662.1700000000
557 668.1000000000
570 670.4900000000
575 681.7300000000
578 685.7700000000
597 686.5300000000
611 692.1600000000
612 698.2100000000
617 702.5400000000
620 708.3700000000
637 741.5500000000
719 743.7600000000
724 748.7100000000
737 751.4900000000
757 761.5300000000
839 763.7200000000
843 767.4300000000
844 770.4200000000
850 779.6000000000
865 779.8500000000
867 780.6600000000
868 789.0500000000
881 796.2800000000
901 799.3600000000
914 802.0800000000
927 813.0600000000
3585 820.2200000000
3612 821.9600000000
6836 832.6300000000
6878 833.4500000000
17357 844.5800000000
17825 849.5000000000
90175 852.1600000000
91543 907.3400000000
91701 909.8600000000
91707 913.9400000000
92027 914.0500000000
92029 915.1300000000
93955 919.9100000000
94002 925.5000000000
100000 -1.0000000000
evaluations raw_y
1 6.5000000000
2 8.8800000000
3 12.3700000000
4 19.8200000000
5 30.9100000000
6 31.1500000000
7 40.8500000000
8 43.0700000000
9 57.4600000000
13 66.7400000000
14 81.1700000000
17 92.2200000000
18 98.5100000000
20 118.2000000000
22 123.6400000000
26 136.4800000000
28 148.0300000000
29 152.7200000000
30 153.7800000000
31 164.9700000000
32 190.5100000000
34 194.1300000000
35 199.2400000000
36 225.1000000000
43 231.6800000000
47 234.4600000000
52 237.7700000000
53 241.0600000000
54 251.6400000000
55 260.2000000000
61 270.3000000000
64 270.6700000000
67 271.3700000000
68 282.8800000000
71 289.5800000000
73 294.7900000000
77 308.5900000000
80 315.5300000000
84 331.4800000000
85 351.4200000000
89 351.8300000000
92 352.0300000000
94 356.6100000000
96 368.2800000000
106 372.6600000000
110 372.9500000000
111 381.5400000000
112 390.2800000000
114 391.9800000000
116 395.0500000000
117 404.8900000000
121 427.1700000000
125 433.9100000000
127 449.6100000000
131 450.1200000000
148 460.0900000000
156 472.1500000000
160 475.2300000000
172 483.6300000000
174 497.6100000000
201 498.4100000000
219 502.2400000000
239 503.1000000000
240 505.9000000000
242 506.0500000000
243 511.2000000000
249 511.2900000000
250 527.5200000000
255 532.3800000000
289 540.3400000000
316 549.1200000000
346 553.2700000000
348 565.7400000000
452 577.8600000000
460 610.8100000000
462 622.1600000000
464 631.6300000000
468 633.2200000000
469 639.9600000000
470 641.4000000000
471 645.8600000000
477 655.8200000000
499 665.0400000000
508 670.1900000000
516 682.4300000000
581 768.0300000000
585 775.4600000000
588 783.2000000000
595 783.3500000000
598 793.7500000000
607 801.6700000000
611 802.9200000000
621 805.7700000000
629 810.3700000000
633 812.0800000000
636 828.3500000000
645 837.1600000000
647 840.2200000000
657 840.8500000000
659 845.6300000000
861 847.0500000000
868 849.4700000000
1562 853.8400000000
1619 854.5400000000
1976 856.0400000000
2015 857.9000000000
10485 863.5200000000
10504 875.4000000000
100000 -1.0000000000
evaluations raw_y
1 3.6700000000
2 8.8200000000
3 9.2600000000
4 11.2300000000
5 27.7700000000
8 28.3500000000
9 35.9900000000
10 37.1000000000
11 44.7500000000
12 50.7800000000
13 77.2700000000
14 89.5600000000
17 101.6800000000
25 114.6400000000
26 119.6100000000
27 142.2800000000
29 148.1300000000
30 153.1100000000
31 155.6600000000
32 181.2100000000
37 187.1500000000
38 190.2400000000
40 196.9600000000
42 212.8300000000
48 216.2600000000
49 223.2400000000
53 225.0700000000
54 232.3400000000
61 243.6700000000
63 259.4600000000
68 265.9700000000
73 274.6700000000
76 275.9800000000
77 278.1800000000
80 290.2000000000
82 300.4400000000
90 303.0600000000
94 307.4100000000
98 311.6400000000
107 323.8200000000
108 326.3400000000
112 329.0700000000
116 338.5800000000
120 340.9600000000
123 341.5100000000
125 349.5300000000
128 361.4900000000
141 362.2900000000
157 363.9400000000
159 372.7600000000
162 378.1000000000
163 381.9100000000
168 387.2800000000
169 390.3800000000
171 399.3500000000
172 402.6500000000
175 409.9100000000
178 414.8900000000
180 429.1000000000
183 435.3800000000
197 447.8400000000
198 463.1500000000
218 465.5800000000
219 467.4200000000
220 474.9900000000
221 488.0600000000
222 497.0800000000
223 499.1300000000
225 502.8500000000
226 507.5200000000
229 517.2200000000
230 526.8500000000
231 533.1600000000
232 535.9700000000
233 545.9500000000
234 550.5900000000
236 559.7500000000
237 581.1800000000
244 586.5200000000
249 590.5800000000
255 592.8300000000
259 603.9100000000
266 620.4100000000
289 621.9700000000
328 625.3200000000
374 630.0300000000
448 636.4800000000
489 640.1100000000
490 643.2100000000
491 643.6000000000
509 644.7900000000
526 646.7300000000
537 654.1100000000
538 657.7200000000
571 658.3000000000
594 660.2100000000
597 662.0900000000
602 720.5100000000
603 739.9700000000
604 757.8600000000
763 765.8300000000
775 774.0800000000
1085 778.4300000000
1126 779.8500000000
11392 785.8000000000
11493 787.1400000000
100000 -1.0000000000
evaluations raw_y
1 14.1700000000
2 25.8100000000
3 30.6100000000
4 33.1900000000
5 40.0200000000
6 53.5100000000
7 70.8300000000
8 87.3900000000
21 100.2000000000
23 101.5400000000
27 103.5300000000
28 125.2900000000
31 137.7100000000
33 148.4000000000
34 153.1400000000
36 160.2900000000
38 172.7800000000
39 214.9900000000
47 221.4800000000
49 227.1300000000
51 240.0200000000
52 243.1000000000
55 246.0800000000
56 259.7700000000
64 260.1800000000
65 266.8800000000
66 271.3500000000
67 278.3500000000
68 293.2600000000
72 302.1700000000
74 309.8100000000
77 314.9500000000
78 316.8400000000
81 317.9600000000
82 322.5700000000
84 322.6500000000
85 340.4200000000
89 345.0600000000
91 349.8700000000
97 359.9600000000
105 361.6500000000
107 362.6400000000
110 367.9000000000
113 397.5600000000
114 400.2800000000
123 407.4000000000
124 424.6100000000
148 427.7700000000
157 430.2200000000
158 430.2300000000
160 436.8500000000
162 440.5400000000
170 455.0000000000
175 478.6400000000
227 572.4100000000
230 580.4300000000
237 587.1200000000
242 596.0100000000
243 606.7600000000
247 606.9400000000
255 615.1300000000
268 618.0600000000
270 626.6300000000
278 627.4700000000
280 631.6900000000
282 634.2000000000
284 634.8800000000
289 649.1700000000
290 652.7200000000
306 657.8100000000
309 662.6200000000
312 666.8600000000
318 672.6600000000
341 677.5700000000
350 689.2400000000
442 690.4200000000
445 703.3500000000
489 703.7000000000
517 716.9200000000
615 717.6200000000
632 723.5300000000
642 726.9600000000
643 735.9000000000
664 736.1000000000
669 736.5600000000
670 744.0200000000
692 753.4600000000
696 760.0500000000
716 762.2800000000
720 762.6600000000
734 773.1100000000
735 783.5900000000
755 796.0200000000
758 798.1500000000
857 801.0400000000
898 809.3500000000
907 811.2000000000
911 816.8700000000
920 817.9900000000
924 820.8200000000
1719 834.0300000000
1962 847.4200000000
100000 -1.0000000000
