evaluations raw_y
1 -2153989.0000000005
3 -2147938.0000000005
5 -2141875.0000000005
7 -2135905.0000000005
10 -2133873.0000000005
13 -2106728.0000000005
41 -2101714.0000000005
45 -2096666.0000000005
48 -2094768.0000000005
50 -2092651.0000000005
58 -2089687.0000000005
68 -2083669.0000000005
84 307021.5809951997
116 307139.4885370195
132 307361.4064434781
143 307764.6219639443
165 308421.1430196150
182 308456.6736675416
207 309455.5552427048
221 309574.4581444128
268 309919.5418362978
275 310261.6512465248
282 310951.9053909366
345 311000.7835224420
379 311072.1553488696
404 311515.1926469541
447 311610.3884670532
486 311902.1024655923
488 312252.9722999291
514 312613.7804634851
563 312801.0550754934
617 314353.8537111616
672 314424.4285550049
716 314471.2345514972
721 315487.9573911541
781 315677.9657582497
792 315709.1609815639
812 315830.3173723380
833 316180.8168635855
854 316754.3525668797
889 316963.6644666988
913 317070.7671357432
917 317136.9701219496
933 317640.7695379506
948 317718.2766477503
967 317792.9781246152
972 318109.0791766291
973 318625.5373962690
1013 319123.7126401978
1022 319234.1149703542
1049 319296.8100113072
1064 319913.5842130760
1103 320136.8624352290
1104 320709.2587932257
1109 320961.6180221835
1129 321375.2948550485
1134 321440.4323699438
1154 322244.4416208971
1188 322296.3250442333
1194 322587.5361673602
1196 322679.7358583028
1215 323001.1386376044
1218 323192.9779836910
1225 323536.9634064695
1251 323738.7148233606
1271 323907.2865525337
1292 324359.5525241746
1321 324853.2753468695
1336 324886.5402103917
1398 325058.3271319928
1403 325175.1114124484
1407 325199.4053116571
1435 325923.3824095539
1515 326405.0925050377
1523 326843.8738162474
1575 327453.9869833747
1628 328123.6026306929
1640 328347.7521015451
1659 328767.2703030630
1711 329025.6210063556
1807 329190.3302983713
1813 329622.1502969628
1849 329758.2920717442
1862 329913.4433644462
1875 330036.6240762796
1879 330066.9908776205
1896 330520.8058564265
1919 330686.3773596704
1935 330775.2455823583
1941 330967.0679636262
1950 331027.5501599559
1979 331606.6510063306
2048 332300.9871998127
2104 332586.8489167162
2124 332746.2318238525
2154 332786.3852078472
2157 332818.6450802151
2164 333329.1534828127
2190 333607.9426652550
2234 333678.4460813870
2236 333880.4800869540
2250 333939.0929165648
2256 334010.2989059765
2263 334686.8616779186
2295 334837.8051927583
2335 335141.6481959370
2341 335292.6153982382
2363 336310.9943556708
2432 336425.6174498018
2449 336799.1827624628
2501 337658.6737412509
2552 338003.9923446209
2553 338049.0983990361
2564 338191.0733047252
2586 338199.2122983026
2614 338439.7445593379
2620 338626.2420694583
2633 338792.5946820761
2642 338897.6469381023
2678 338969.5312622901
2690 339107.9687193735
2692 339328.1604735284
2703 339425.3783633063
2716 339696.6651431950
2731 339810.2823132476
2733 340139.8203114603
2743 340873.2910882808
2787 341211.1164901797
2811 341416.7834988204
2829 342275.4739936314
2891 342745.6081083607
2911 342757.3573007245
2912 343286.1263444541
2925 343453.3757872680
2951 343766.9920080418
2976 344171.2775793058
3004 344622.9164831850
3033 344688.7726916262
3078 344701.4837523841
3079 344942.4467889164
3081 345071.6773647731
3087 345525.1513533282
3127 345671.9638722129
3146 346215.1148579307
3156 346564.8046718175
3188 346960.5018570221
3210 347142.1052523581
3231 347686.9751249165
3271 347961.7437093306
3285 348084.3871262812
3287 348500.1164566252
3338 348521.9800394960
3343 348940.5152122203
3350 349000.9086372721
3363 349109.5471580951
3390 349520.6111000263
3397 349821.1627191438
3406 350259.1751056903
3481 350404.8449262501
3496 350527.1481283197
3515 350621.0457824864
3534 350839.0827351732
3541 351337.0636128103
3565 351473.6448443450
3593 351619.7793405813
3601 351902.9005094575
3650 351903.5852981469
3664 352131.0058922675
3668 352240.2408757117
3699 352920.3371414776
3731 353209.5217174735
3779 353210.0081817105
3799 353425.1874935922
3810 353569.8275334712
3838 354492.3910574724
3867 354517.3079815807
3871 354903.5567949449
3898 354920.1366421784
3901 355892.3576156287
3966 356177.9927726820
4003 356533.4056998507
4013 356635.5212054810
4070 357325.8162471839
4119 357458.7240673499
4178 358077.0393313701
4204 358112.6938942890
4226 358277.8348668152
4241 358500.1151276428
4247 358728.9847584146
4281 358867.7108356751
4292 359606.0263547820
4359 360334.2295508283
4400 360541.9530441622
4457 360670.1899473879
4463 360684.3347753655
4484 361777.6646770377
4521 361867.9171363857
4523 362350.9040707912
4540 362426.9883678163
4558 363252.0166145895
4567 363473.1155585814
4577 363828.1489774329
4587 363952.7305354190
4623 364259.2647775059
4631 364445.0622415007
4641 364616.2869737503
4685 364813.0601033429
4699 365483.7020448233
4740 366251.5754578416
4780 366260.5441021513
4786 366538.2037054534
4787 366571.5490154385
4790 366781.2523609070
4847 366983.9994005378
4873 367050.2715533810
4880 367147.1948177606
4907 367560.5914857246
4921 368626.8572311014
4994 368771.6844312978
5006 368882.1553369886
5025 369058.9861331751
5042 369388.1255066873
5053 369603.3668835625
5103 370071.8599025873
5114 370152.6627073303
5152 370459.7038991994
5207 370968.0774399827
5245 371227.4211145223
5285 371362.7955589094
5306 371456.1552432594
5328 371744.2429245978
5393 372009.3710956341
5448 372126.2260315676
5466 372488.2020651166
5506 372712.9698785787
5515 372764.3836973692
5549 373091.1588581742
5592 373109.0582788238
5608 373120.2234950453
5621 373450.8175303850
5630 373490.3941035441
5632 373562.8182391365
5644 373827.5126302659
5646 373918.2628533517
5649 373942.2892368545
5696 373950.2095397604
5715 374052.3438731603
5716 374409.7345204217
5770 374784.2185718421
5771 374906.9272228612
5803 375233.0941387835
5841 375821.3264671686
5882 376397.9002158350
5958 376727.7697337752
5969 376735.0236507931
5993 377078.0606904989
6001 377155.1827365382
6066 377268.8536253875
6106 377520.3260155343
6125 377633.7343001127
6160 377794.7525027250
6174 378404.6299357257
6324 378550.1256764821
6337 378913.4054151091
6348 378919.6571652378
6390 378922.1806727828
6392 379072.5874229806
6410 380110.2471486322
6418 380217.4307973444
6462 380220.7767010845
6487 380371.5354312446
6493 380585.2471218556
6509 380609.6657475097
6520 380787.9465194918
6550 380833.6786034988
6595 380925.2545686782
6620 381598.4101786427
6688 381998.5015685906
6767 382212.8033891318
6805 382233.8425625818
6827 382947.4268944979
6885 383227.0569922152
6908 383491.0742738885
6976 383700.7983319426
7081 383987.6680796743
7111 384130.4351145123
7184 384369.1041278761
7185 384407.5665142352
7231 384563.9541527356
7254 384856.7000557618
7268 384897.8670640082
7269 385009.0943329807
7298 385186.0118391591
7316 385267.7441473779
7326 385638.9922043195
7380 385650.8439223059
7383 385925.9501252370
7446 386554.8024391673
7452 386577.6044412533
7462 386723.9830228297
7516 386927.4738244174
7656 386962.1521755097
7699 387096.9223791452
7787 387343.2872649353
7845 387527.2201274713
7870 387662.4422120231
7883 387882.4155020203
7981 387897.5960505960
7997 388364.2362256034
8028 388376.9183242845
8041 388651.9234130672
8133 389344.3471568805
8148 389759.0174665445
8193 390013.2148475971
8242 390476.9570827588
8279 390604.2399510519
8365 391194.1322738335
8378 391254.9739335143
8387 391511.0771549875
8446 391529.9457456434
8464 391665.7906180213
8488 391705.4014864411
8494 391962.0691667182
8515 392176.8051894570
8543 392397.4123918159
8585 392489.6184345491
8601 392547.0689817568
8611 392607.6261562926
8618 392906.9028008328
8634 393012.2364364376
8705 393235.4319410606
8709 393381.6183479569
8712 393476.0469770097
8751 394160.1815347337
8795 394328.7639894558
8859 395306.3021588771
8970 395429.8089561978
8993 395578.4972978501
9011 395636.5360176554
9034 395988.4423150943
9053 396124.8270357641
9064 397009.9941289116
9162 397134.4822901773
9196 397441.8827963920
9243 397475.4854612821
9270 397494.9077186830
9274 397591.3172766941
9275 397762.9254621978
9325 398015.9176490465
9386 398333.7835932612
9389 398952.8710146951
9439 399068.2945614380
9455 399260.1463662863
9478 399278.0394971632
9482 399610.5486876490
9535 399816.4453456859
9555 399831.6151290403
9585 399951.9344150886
9645 399957.1611866112
9663 400343.7428273626
9696 400397.9476505896
9698 400527.9669262412
9702 400967.9455723648
9722 401239.7901234778
9745 401495.1333404596
9785 401969.7187098444
9809 401994.8479808323
9857 402026.7584494869
9861 402073.7330972529
9876 402550.8291457803
9951 402569.2577032212
10000 400941.6529444603
