evaluations raw_y
1 -2010.0000000000
2 -2003.0000000000
4 -1998.0000000000
6 -1988.0000000000
9 -1953.0000000000
10 -1942.0000000000
11 -1935.0000000000
30 -1934.0000000000
31 -1933.0000000000
37 -1901.0000000000
53 -1900.0000000000
63 -1881.0000000000
80 -1854.0000000000
104 -1853.0000000000
105 -1838.0000000000
127 -1831.0000000000
142 -1821.0000000000
153 -1813.0000000000
181 -1803.0000000000
192 -1795.0000000000
201 -1792.0000000000
221 -1791.0000000000
224 -1787.0000000000
231 -1772.0000000000
245 -1770.0000000000
271 -1767.0000000000
278 -1764.0000000000
282 -1757.0000000000
321 -1756.0000000000
329 -1755.0000000000
341 -1751.0000000000
352 -1750.0000000000
362 -1749.0000000000
381 -1743.0000000000
385 -1741.0000000000
394 -1737.0000000000
428 -1736.0000000000
448 -1733.0000000000
452 -1730.0000000000
488 -1727.0000000000
501 -1726.0000000000
505 -1725.0000000000
521 -1722.0000000000
527 -1721.0000000000
537 -1719.0000000000
551 -1715.0000000000
582 -1714.0000000000
583 -1713.0000000000
589 -1711.0000000000
606 -1710.0000000000
617 -1707.0000000000
629 -1705.0000000000
654 -1704.0000000000
657 -1702.0000000000
666 -1701.0000000000
682 -1700.0000000000
702 -1699.0000000000
713 -1698.0000000000
736 -1697.0000000000
745 -1695.0000000000
748 -1693.0000000000
766 -1690.0000000000
806 -1689.0000000000
824 -1686.0000000000
830 -1685.0000000000
844 -1682.0000000000
886 -1680.0000000000
896 -1679.0000000000
902 -1676.0000000000
930 -1675.0000000000
960 -1674.0000000000
983 -1673.0000000000
988 -1672.0000000000
996 -1671.0000000000
1006 -1670.0000000000
1029 -1668.0000000000
1057 -1667.0000000000
1063 -1665.0000000000
1093 -1664.0000000000
1120 -1661.0000000000
1131 -1660.0000000000
1142 -1659.0000000000
1163 -1658.0000000000
1165 -1657.0000000000
1181 -1656.0000000000
1198 -1655.0000000000
1222 -1654.0000000000
1241 -1653.0000000000
1255 -1652.0000000000
1265 -1650.0000000000
1278 -1649.0000000000
1323 -1644.0000000000
1342 -1643.0000000000
1385 -1642.0000000000
1395 -1641.0000000000
1419 -1639.0000000000
1431 -1638.0000000000
1442 -1637.0000000000
1444 -1636.0000000000
1464 -1635.0000000000
1481 -1634.0000000000
1508 -1632.0000000000
1530 -1631.0000000000
1561 -1629.0000000000
1565 -1626.0000000000
1586 -1624.0000000000
1628 -1623.0000000000
1642 -1620.0000000000
1669 -1619.0000000000
1685 -1617.0000000000
1696 -1616.0000000000
1722 -1612.0000000000
1743 -1609.0000000000
1745 -1607.0000000000
1793 -1606.0000000000
1806 -1604.0000000000
1861 -1603.0000000000
1883 -1602.0000000000
1894 -1601.0000000000
1908 -1600.0000000000
1945 -1599.0000000000
1958 -1598.0000000000
1968 -1597.0000000000
1969 -1595.0000000000
1981 -1594.0000000000
1990 -1593.0000000000
2001 -1590.0000000000
2041 -1588.0000000000
2064 -1587.0000000000
2070 -1584.0000000000
2105 -1581.0000000000
2132 -1580.0000000000
2142 -1579.0000000000
2154 -1578.0000000000
2156 -1576.0000000000
2183 -1575.0000000000
2190 -1574.0000000000
2209 -1572.0000000000
2219 -1571.0000000000
2221 -1570.0000000000
2233 -1568.0000000000
2267 -1566.0000000000
2283 -1564.0000000000
2290 -1562.0000000000
2321 -1561.0000000000
2325 -1560.0000000000
2351 -1559.0000000000
2365 -1557.0000000000
2408 -1555.0000000000
2410 -1554.0000000000
2447 -1553.0000000000
2449 -1551.0000000000
2469 -1550.0000000000
2482 -1548.0000000000
2530 -1547.0000000000
2534 -1546.0000000000
2551 -1544.0000000000
2563 -1542.0000000000
2612 -1541.0000000000
2617 -1540.0000000000
2624 -1537.0000000000
2642 -1536.0000000000
2664 -1535.0000000000
2685 -1534.0000000000
2692 -1533.0000000000
2702 -1532.0000000000
2717 -1531.0000000000
2723 -1530.0000000000
2741 -1529.0000000000
2752 -1528.0000000000
2766 -1527.0000000000
2785 -1525.0000000000
2802 -1524.0000000000
2827 -1523.0000000000
2842 -1522.0000000000
2863 -1521.0000000000
2877 -1518.0000000000
2894 -1517.0000000000
2901 -1515.0000000000
2934 -1514.0000000000
2944 -1513.0000000000
2949 -1512.0000000000
2950 -1510.0000000000
2970 -1509.0000000000
2996 -1508.0000000000
3001 -1507.0000000000
3009 -1505.0000000000
3034 -1504.0000000000
3046 -1502.0000000000
3074 -1501.0000000000
3077 -1500.0000000000
3083 -1498.0000000000
3107 -1497.0000000000
3133 -1496.0000000000
3141 -1495.0000000000
3144 -1492.0000000000
3167 -1489.0000000000
3182 -1486.0000000000
3221 -1484.0000000000
3236 -1483.0000000000
3251 -1482.0000000000
3264 -1481.0000000000
3271 -1480.0000000000
3313 -1479.0000000000
3323 -1478.0000000000
3343 -1477.0000000000
3345 -1476.0000000000
3349 -1475.0000000000
3354 -1474.0000000000
3365 -1473.0000000000
3390 -1472.0000000000
3393 -1470.0000000000
3408 -1468.0000000000
3460 -1467.0000000000
3478 -1465.0000000000
3504 -1460.0000000000
3544 -1459.0000000000
3570 -1456.0000000000
3621 -1455.0000000000
3627 -1454.0000000000
3641 -1453.0000000000
3651 -1452.0000000000
3671 -1451.0000000000
3672 -1450.0000000000
3691 -1448.0000000000
3705 -1447.0000000000
3708 -1445.0000000000
3757 -1444.0000000000
3764 -1442.0000000000
3779 -1441.0000000000
3801 -1440.0000000000
3810 -1439.0000000000
3834 -1438.0000000000
3841 -1437.0000000000
3844 -1436.0000000000
3863 -1435.0000000000
3883 -1434.0000000000
3896 -1433.0000000000
3915 -1431.0000000000
3925 -1430.0000000000
3949 -1428.0000000000
3957 -1426.0000000000
3996 -1425.0000000000
4001 -1424.0000000000
4012 -1422.0000000000
4029 -1421.0000000000
4041 -1420.0000000000
4073 -1417.0000000000
4106 -1415.0000000000
4107 -1414.0000000000
4124 -1410.0000000000
4154 -1409.0000000000
4181 -1407.0000000000
4189 -1406.0000000000
4201 -1405.0000000000
4223 -1402.0000000000
4248 -1401.0000000000
4265 -1400.0000000000
4268 -1397.0000000000
4310 -1395.0000000000
4341 -1392.0000000000
4382 -1391.0000000000
4387 -1390.0000000000
4402 -1389.0000000000
4437 -1388.0000000000
4443 -1386.0000000000
4466 -1385.0000000000
4471 -1384.0000000000
4485 -1382.0000000000
4512 -1380.0000000000
4531 -1378.0000000000
4543 -1377.0000000000
4582 -1376.0000000000
4586 -1373.0000000000
4619 -1372.0000000000
4622 -1371.0000000000
4641 -1370.0000000000
4654 -1369.0000000000
4660 -1368.0000000000
4662 -1367.0000000000
4682 -1366.0000000000
4686 -1365.0000000000
4689 -1364.0000000000
4702 -1363.0000000000
4727 -1362.0000000000
4735 -1359.0000000000
4758 -1358.0000000000
4766 -1357.0000000000
4783 -1356.0000000000
4804 -1353.0000000000
4838 -1350.0000000000
4854 -1349.0000000000
4872 -1345.0000000000
4912 -1344.0000000000
4921 -1342.0000000000
4935 -1339.0000000000
4957 -1338.0000000000
4985 -1337.0000000000
4995 -1336.0000000000
5015 -1335.0000000000
5023 -1334.0000000000
5050 -1332.0000000000
5068 -1331.0000000000
5108 -1328.0000000000
5125 -1327.0000000000
5128 -1326.0000000000
5143 -1325.0000000000
5161 -1324.0000000000
5181 -1323.0000000000
5203 -1321.0000000000
5212 -1320.0000000000
5259 -1319.0000000000
5262 -1318.0000000000
5274 -1315.0000000000
5284 -1313.0000000000
5331 -1312.0000000000
5352 -1311.0000000000
5382 -1309.0000000000
5424 -1308.0000000000
5428 -1307.0000000000
5452 -1306.0000000000
5455 -1304.0000000000
5467 -1303.0000000000
5488 -1302.0000000000
5522 -1301.0000000000
5527 -1299.0000000000
5562 -1298.0000000000
5582 -1296.0000000000
5601 -1295.0000000000
5629 -1294.0000000000
5631 -1289.0000000000
5697 -1287.0000000000
5735 -1285.0000000000
5758 -1284.0000000000
5771 -1283.0000000000
5789 -1282.0000000000
5801 -1281.0000000000
5808 -1280.0000000000
5818 -1279.0000000000
5837 -1278.0000000000
5841 -1277.0000000000
5867 -1276.0000000000
5868 -1275.0000000000
5885 -1272.0000000000
5921 -1271.0000000000
5941 -1270.0000000000
5963 -1268.0000000000
5969 -1267.0000000000
5984 -1264.0000000000
6028 -1262.0000000000
6046 -1261.0000000000
6066 -1260.0000000000
6091 -1259.0000000000
6104 -1256.0000000000
6115 -1255.0000000000
6123 -1253.0000000000
6128 -1252.0000000000
6164 -1251.0000000000
6181 -1249.0000000000
6184 -1247.0000000000
6210 -1244.0000000000
6224 -1243.0000000000
6245 -1241.0000000000
6278 -1239.0000000000
6300 -1238.0000000000
6311 -1233.0000000000
6363 -1232.0000000000
6376 -1230.0000000000
6391 -1229.0000000000
6401 -1228.0000000000
6426 -1227.0000000000
6442 -1226.0000000000
6448 -1225.0000000000
6471 -1224.0000000000
6485 -1223.0000000000
6507 -1222.0000000000
6517 -1221.0000000000
6522 -1219.0000000000
6542 -1218.0000000000
6569 -1216.0000000000
6601 -1214.0000000000
6628 -1212.0000000000
6649 -1211.0000000000
6687 -1209.0000000000
6706 -1207.0000000000
6738 -1206.0000000000
6745 -1205.0000000000
6755 -1203.0000000000
6798 -1202.0000000000
6807 -1201.0000000000
6811 -1199.0000000000
6867 -1198.0000000000
6878 -1196.0000000000
6899 -1195.0000000000
6920 -1194.0000000000
6931 -1193.0000000000
6950 -1192.0000000000
6982 -1190.0000000000
7010 -1189.0000000000
7018 -1188.0000000000
7027 -1186.0000000000
7070 -1185.0000000000
7072 -1184.0000000000
7101 -1183.0000000000
7102 -1182.0000000000
7131 -1181.0000000000
7160 -1179.0000000000
7175 -1178.0000000000
7182 -1177.0000000000
7209 -1176.0000000000
7216 -1174.0000000000
7233 -1172.0000000000
7289 -1171.0000000000
7296 -1170.0000000000
7301 -1167.0000000000
7342 -1165.0000000000
7368 -1164.0000000000
7376 -1163.0000000000
7398 -1161.0000000000
7434 -1160.0000000000
7456 -1159.0000000000
7459 -1158.0000000000
7466 -1156.0000000000
7494 -1153.0000000000
7506 -1151.0000000000
7537 -1150.0000000000
7545 -1149.0000000000
7562 -1148.0000000000
7598 -1147.0000000000
7622 -1146.0000000000
7627 -1144.0000000000
7650 -1143.0000000000
7683 -1142.0000000000
7696 -1140.0000000000
7704 -1139.0000000000
7726 -1136.0000000000
7748 -1135.0000000000
7774 -1134.0000000000
7787 -1133.0000000000
7805 -1132.0000000000
7817 -1130.0000000000
7840 -1129.0000000000
7847 -1127.0000000000
7869 -1126.0000000000
7892 -1125.0000000000
7893 -1124.0000000000
7905 -1123.0000000000
7933 -1122.0000000000
7941 -1121.0000000000
7961 -1119.0000000000
7985 -1117.0000000000
8027 -1115.0000000000
8042 -1114.0000000000
8057 -1113.0000000000
8068 -1112.0000000000
8089 -1110.0000000000
8122 -1109.0000000000
8148 -1108.0000000000
8168 -1107.0000000000
8186 -1106.0000000000
8195 -1104.0000000000
8227 -1103.0000000000
8245 -1102.0000000000
8293 -1101.0000000000
8306 -1100.0000000000
8323 -1099.0000000000
8360 -1097.0000000000
8390 -1096.0000000000
8413 -1095.0000000000
8427 -1094.0000000000
8437 -1093.0000000000
8441 -1092.0000000000
8481 -1091.0000000000
8513 -1089.0000000000
8521 -1087.0000000000
8560 -1086.0000000000
8569 -1084.0000000000
8610 -1082.0000000000
8647 -1081.0000000000
8668 -1080.0000000000
8690 -1079.0000000000
8703 -1077.0000000000
8704 -1076.0000000000
8731 -1075.0000000000
8747 -1074.0000000000
8749 -1072.0000000000
8783 -1071.0000000000
8802 -1070.0000000000
8825 -1069.0000000000
8832 -1067.0000000000
8865 -1064.0000000000
8898 -1060.0000000000
8954 -1059.0000000000
8959 -1057.0000000000
8981 -1056.0000000000
9021 -1055.0000000000
9046 -1053.0000000000
9057 -1052.0000000000
9063 -1050.0000000000
9105 -1049.0000000000
9122 -1047.0000000000
9149 -1044.0000000000
9161 -1042.0000000000
9184 -1041.0000000000
9203 -1039.0000000000
9244 -1038.0000000000
9247 -1037.0000000000
9278 -1034.0000000000
9314 -1032.0000000000
9334 -1031.0000000000
9345 -1030.0000000000
9350 -1029.0000000000
9369 -1028.0000000000
9385 -1026.0000000000
9396 -1023.0000000000
9411 -1022.0000000000
9426 -1021.0000000000
9469 -1020.0000000000
9486 -1019.0000000000
9501 -1018.0000000000
9515 -1017.0000000000
9519 -1016.0000000000
9521 -1015.0000000000
9531 -1014.0000000000
9561 -1013.0000000000
9604 -1012.0000000000
9612 -1011.0000000000
9626 -1010.0000000000
9646 -1009.0000000000
9685 -1008.0000000000
9703 -1007.0000000000
9719 -1006.0000000000
9723 -1005.0000000000
9743 -1004.0000000000
9758 -1002.0000000000
9785 -1001.0000000000
9790 -1000.0000000000
9816 -999.0000000000
9826 -998.0000000000
9847 -997.0000000000
9893 -995.0000000000
9923 -994.0000000000
9942 -993.0000000000
9961 -992.0000000000
9984 -991.0000000000
10007 -990.0000000000
10012 -989.0000000000
10024 -988.0000000000
10047 -986.0000000000
10082 -985.0000000000
10098 -984.0000000000
10108 -983.0000000000
10118 -982.0000000000
10135 -981.0000000000
10161 -980.0000000000
10196 -979.0000000000
10203 -978.0000000000
10234 -977.0000000000
10237 -976.0000000000
10260 -975.0000000000
10264 -974.0000000000
10272 -973.0000000000
10291 -972.0000000000
10301 -971.0000000000
10308 -970.0000000000
10348 -969.0000000000
10356 -968.0000000000
10363 -966.0000000000
10396 -964.0000000000
10401 -963.0000000000
10429 -962.0000000000
10455 -960.0000000000
10487 -958.0000000000
10510 -957.0000000000
10527 -956.0000000000
10533 -953.0000000000
10583 -952.0000000000
10601 -951.0000000000
10604 -950.0000000000
10642 -948.0000000000
10676 -947.0000000000
10682 -946.0000000000
10683 -945.0000000000
10718 -943.0000000000
10745 -942.0000000000
10758 -941.0000000000
10762 -940.0000000000
10783 -939.0000000000
10786 -938.0000000000
10822 -937.0000000000
10842 -936.0000000000
10855 -935.0000000000
10861 -934.0000000000
10876 -933.0000000000
10913 -932.0000000000
10934 -930.0000000000
10982 -929.0000000000
10992 -927.0000000000
11007 -926.0000000000
11056 -925.0000000000
11067 -924.0000000000
11082 -921.0000000000
11121 -920.0000000000
11132 -919.0000000000
11135 -918.0000000000
11164 -917.0000000000
11168 -916.0000000000
11200 -915.0000000000
11226 -914.0000000000
11229 -913.0000000000
11250 -911.0000000000
11302 -910.0000000000
11334 -907.0000000000
11385 -905.0000000000
11421 -904.0000000000
11440 -902.0000000000
11442 -901.0000000000
11477 -899.0000000000
11515 -896.0000000000
11563 -894.0000000000
11598 -893.0000000000
11620 -891.0000000000
11628 -890.0000000000
11676 -888.0000000000
11687 -887.0000000000
11712 -886.0000000000
11713 -885.0000000000
11741 -884.0000000000
11761 -883.0000000000
11762 -882.0000000000
11810 -881.0000000000
11821 -880.0000000000
11829 -879.0000000000
11841 -878.0000000000
11882 -877.0000000000
11910 -876.0000000000
11950 -875.0000000000
11989 -874.0000000000
12003 -871.0000000000
12027 -870.0000000000
12058 -869.0000000000
12104 -868.0000000000
12107 -867.0000000000
12180 -866.0000000000
12212 -865.0000000000
12221 -864.0000000000
12243 -863.0000000000
12245 -862.0000000000
12270 -861.0000000000
12283 -860.0000000000
12313 -858.0000000000
12344 -857.0000000000
12383 -854.0000000000
12409 -853.0000000000
12436 -852.0000000000
12451 -851.0000000000
12482 -850.0000000000
12507 -849.0000000000
12535 -848.0000000000
12565 -847.0000000000
12595 -846.0000000000
12639 -845.0000000000
12648 -841.0000000000
12713 -840.0000000000
12724 -839.0000000000
12728 -838.0000000000
12769 -837.0000000000
12805 -836.0000000000
12831 -835.0000000000
12849 -834.0000000000
12854 -833.0000000000
12861 -832.0000000000
12868 -831.0000000000
12882 -829.0000000000
12924 -828.0000000000
12945 -827.0000000000
12963 -826.0000000000
13005 -825.0000000000
13029 -823.0000000000
13041 -822.0000000000
13063 -821.0000000000
13112 -820.0000000000
13125 -819.0000000000
13175 -817.0000000000
13201 -814.0000000000
13244 -812.0000000000
13287 -811.0000000000
13297 -809.0000000000
13334 -808.0000000000
13341 -807.0000000000
13363 -806.0000000000
13396 -805.0000000000
13403 -804.0000000000
13433 -802.0000000000
13445 -799.0000000000
13480 -798.0000000000
13504 -796.0000000000
13551 -795.0000000000
13557 -794.0000000000
13605 -792.0000000000
13627 -791.0000000000
13649 -790.0000000000
13666 -789.0000000000
13671 -788.0000000000
13683 -785.0000000000
13734 -784.0000000000
13751 -782.0000000000
13807 -781.0000000000
13825 -780.0000000000
13840 -779.0000000000
13851 -778.0000000000
13852 -777.0000000000
13872 -776.0000000000
13907 -773.0000000000
13910 -772.0000000000
13981 -771.0000000000
14013 -770.0000000000
14045 -769.0000000000
14063 -767.0000000000
14089 -766.0000000000
14097 -765.0000000000
14115 -764.0000000000
14128 -763.0000000000
14157 -762.0000000000
14164 -761.0000000000
14189 -760.0000000000
14203 -758.0000000000
14210 -757.0000000000
14231 -755.0000000000
14265 -754.0000000000
14318 -753.0000000000
14343 -752.0000000000
14369 -751.0000000000
14388 -749.0000000000
14414 -748.0000000000
14430 -747.0000000000
14450 -746.0000000000
14462 -745.0000000000
14484 -744.0000000000
14516 -743.0000000000
14521 -742.0000000000
14541 -741.0000000000
14559 -738.0000000000
14613 -736.0000000000
14637 -734.0000000000
14650 -733.0000000000
14664 -731.0000000000
14726 -729.0000000000
14745 -727.0000000000
14775 -726.0000000000
14788 -725.0000000000
14800 -724.0000000000
14816 -720.0000000000
14874 -719.0000000000
14884 -718.0000000000
14919 -717.0000000000
14961 -716.0000000000
14984 -715.0000000000
15002 -713.0000000000
15024 -711.0000000000
15085 -710.0000000000
15101 -709.0000000000
15123 -708.0000000000
15146 -706.0000000000
15171 -702.0000000000
15261 -701.0000000000
15287 -700.0000000000
15309 -698.0000000000
15344 -697.0000000000
15377 -696.0000000000
15421 -695.0000000000
15483 -694.0000000000
15491 -693.0000000000
15516 -692.0000000000
15551 -690.0000000000
15572 -689.0000000000
15592 -687.0000000000
15620 -686.0000000000
15624 -684.0000000000
15698 -683.0000000000
15704 -682.0000000000
15715 -680.0000000000
15754 -679.0000000000
15758 -676.0000000000
15771 -674.0000000000
15804 -673.0000000000
15823 -671.0000000000
15849 -668.0000000000
15881 -666.0000000000
15922 -665.0000000000
15950 -664.0000000000
15966 -663.0000000000
16001 -662.0000000000
16033 -659.0000000000
16054 -658.0000000000
16087 -657.0000000000
16118 -656.0000000000
16140 -655.0000000000
16166 -653.0000000000
16199 -652.0000000000
16217 -650.0000000000
16245 -648.0000000000
16321 -647.0000000000
16336 -646.0000000000
16354 -645.0000000000
16365 -644.0000000000
16381 -643.0000000000
16403 -642.0000000000
16409 -641.0000000000
16453 -640.0000000000
16484 -639.0000000000
16518 -638.0000000000
16553 -637.0000000000
16567 -635.0000000000
16590 -634.0000000000
16613 -632.0000000000
16650 -631.0000000000
16675 -630.0000000000
16677 -629.0000000000
16680 -626.0000000000
16750 -625.0000000000
16768 -624.0000000000
16777 -623.0000000000
16804 -621.0000000000
16848 -620.0000000000
16851 -618.0000000000
16881 -617.0000000000
16907 -616.0000000000
16930 -615.0000000000
16982 -613.0000000000
17025 -612.0000000000
17068 -611.0000000000
17101 -610.0000000000
17139 -609.0000000000
17156 -608.0000000000
17181 -607.0000000000
17186 -606.0000000000
17215 -605.0000000000
17244 -604.0000000000
17304 -603.0000000000
17339 -602.0000000000
17340 -601.0000000000
17384 -600.0000000000
17404 -599.0000000000
17460 -598.0000000000
17474 -597.0000000000
17493 -596.0000000000
17527 -595.0000000000
17531 -594.0000000000
17541 -593.0000000000
17561 -592.0000000000
17598 -591.0000000000
17621 -590.0000000000
17652 -589.0000000000
17661 -588.0000000000
17693 -587.0000000000
17743 -586.0000000000
17761 -585.0000000000
17786 -584.0000000000
17812 -583.0000000000
17826 -582.0000000000
17838 -581.0000000000
17855 -580.0000000000
17894 -578.0000000000
17926 -576.0000000000
17944 -575.0000000000
17968 -574.0000000000
18001 -573.0000000000
18009 -571.0000000000
18037 -570.0000000000
18066 -569.0000000000
18069 -567.0000000000
18121 -566.0000000000
18157 -564.0000000000
18201 -563.0000000000
18225 -562.0000000000
18261 -561.0000000000
18276 -560.0000000000
18280 -559.0000000000
18330 -558.0000000000
18353 -557.0000000000
18364 -556.0000000000
18414 -555.0000000000
18428 -554.0000000000
18457 -552.0000000000
18498 -551.0000000000
18503 -550.0000000000
18530 -547.0000000000
18572 -546.0000000000
18583 -544.0000000000
18626 -543.0000000000
18658 -542.0000000000
18701 -540.0000000000
18769 -539.0000000000
18780 -537.0000000000
18812 -536.0000000000
18844 -535.0000000000
18929 -534.0000000000
18930 -533.0000000000
18971 -531.0000000000
19025 -530.0000000000
19027 -529.0000000000
19069 -528.0000000000
19084 -527.0000000000
19118 -526.0000000000
19145 -525.0000000000
19185 -523.0000000000
19234 -521.0000000000
19271 -520.0000000000
19302 -518.0000000000
19335 -517.0000000000
19383 -516.0000000000
19409 -515.0000000000
19422 -513.0000000000
19468 -512.0000000000
19505 -511.0000000000
19516 -510.0000000000
19567 -508.0000000000
19604 -507.0000000000
19623 -506.0000000000
19684 -505.0000000000
19721 -504.0000000000
19730 -503.0000000000
19761 -502.0000000000
19784 -501.0000000000
19804 -500.0000000000
19827 -498.0000000000
19862 -496.0000000000
19925 -493.0000000000
19987 -492.0000000000
20010 -491.0000000000
20018 -490.0000000000
20044 -489.0000000000
20115 -488.0000000000
20121 -487.0000000000
20147 -486.0000000000
20169 -485.0000000000
20184 -484.0000000000
20188 -482.0000000000
20245 -480.0000000000
20290 -479.0000000000
20320 -478.0000000000
20325 -477.0000000000
20354 -476.0000000000
20376 -475.0000000000
20420 -474.0000000000
20443 -473.0000000000
20474 -472.0000000000
20513 -471.0000000000
20523 -470.0000000000
20544 -469.0000000000
20582 -468.0000000000
20634 -465.0000000000
20650 -464.0000000000
20673 -463.0000000000
20744 -461.0000000000
20763 -460.0000000000
20788 -459.0000000000
20803 -458.0000000000
20844 -457.0000000000
20903 -455.0000000000
20956 -454.0000000000
20966 -452.0000000000
21024 -451.0000000000
21065 -450.0000000000
21104 -448.0000000000
21130 -447.0000000000
21172 -446.0000000000
21189 -445.0000000000
21211 -444.0000000000
21224 -443.0000000000
21242 -442.0000000000
21265 -440.0000000000
21269 -439.0000000000
21296 -438.0000000000
21345 -437.0000000000
21355 -436.0000000000
21371 -435.0000000000
21412 -434.0000000000
21421 -432.0000000000
21457 -430.0000000000
21464 -429.0000000000
21485 -428.0000000000
21515 -427.0000000000
21559 -426.0000000000
21598 -425.0000000000
21669 -424.0000000000
21729 -423.0000000000
21752 -422.0000000000
21803 -421.0000000000
21849 -420.0000000000
21864 -418.0000000000
21913 -417.0000000000
21922 -416.0000000000
21923 -415.0000000000
21947 -414.0000000000
22000 -413.0000000000
22021 -412.0000000000
22060 -411.0000000000
22062 -410.0000000000
22093 -409.0000000000
22127 -408.0000000000
22164 -407.0000000000
22186 -406.0000000000
22190 -405.0000000000
22259 -404.0000000000
22270 -403.0000000000
22287 -402.0000000000
22339 -401.0000000000
22376 -399.0000000000
22458 -398.0000000000
22469 -397.0000000000
22513 -396.0000000000
22524 -395.0000000000
22569 -393.0000000000
22588 -392.0000000000
22612 -391.0000000000
22642 -390.0000000000
22687 -388.0000000000
22699 -387.0000000000
22725 -386.0000000000
22749 -385.0000000000
22780 -384.0000000000
22797 -382.0000000000
22803 -380.0000000000
22862 -379.0000000000
22893 -378.0000000000
22946 -377.0000000000
22982 -376.0000000000
22993 -375.0000000000
23048 -374.0000000000
23153 -373.0000000000
23186 -372.0000000000
23228 -371.0000000000
23288 -370.0000000000
23360 -368.0000000000
23409 -367.0000000000
23441 -366.0000000000
23467 -364.0000000000
23487 -363.0000000000
23488 -362.0000000000
23560 -361.0000000000
23563 -360.0000000000
23585 -358.0000000000
23607 -357.0000000000
23649 -356.0000000000
23668 -355.0000000000
23706 -354.0000000000
23721 -353.0000000000
23731 -351.0000000000
23778 -350.0000000000
23801 -349.0000000000
23827 -348.0000000000
23875 -346.0000000000
23897 -345.0000000000
23971 -344.0000000000
24043 -343.0000000000
24068 -342.0000000000
24131 -341.0000000000
24148 -340.0000000000
24199 -339.0000000000
24260 -338.0000000000
24277 -337.0000000000
24324 -335.0000000000
24362 -333.0000000000
24421 -331.0000000000
24447 -329.0000000000
24512 -328.0000000000
24524 -327.0000000000
24566 -326.0000000000
24633 -325.0000000000
24652 -322.0000000000
24689 -321.0000000000
24710 -320.0000000000
24734 -319.0000000000
24764 -317.0000000000
24867 -316.0000000000
24882 -315.0000000000
24943 -314.0000000000
25015 -313.0000000000
25049 -312.0000000000
25089 -311.0000000000
25113 -310.0000000000
25142 -309.0000000000
25185 -308.0000000000
25271 -307.0000000000
25292 -306.0000000000
25308 -304.0000000000
25359 -302.0000000000
25424 -301.0000000000
25456 -300.0000000000
25520 -299.0000000000
25554 -297.0000000000
25625 -296.0000000000
25634 -295.0000000000
25693 -293.0000000000
25791 -292.0000000000
25836 -291.0000000000
25838 -290.0000000000
25909 -289.0000000000
25911 -288.0000000000
25966 -287.0000000000
25984 -286.0000000000
26027 -285.0000000000
26089 -284.0000000000
26129 -283.0000000000
26154 -282.0000000000
26181 -281.0000000000
26224 -279.0000000000
26275 -278.0000000000
26295 -277.0000000000
26368 -276.0000000000
26475 -275.0000000000
26489 -274.0000000000
26539 -273.0000000000
26599 -272.0000000000
26675 -271.0000000000
26680 -270.0000000000
26748 -269.0000000000
26787 -268.0000000000
26815 -267.0000000000
26830 -266.0000000000
26862 -265.0000000000
26917 -264.0000000000
26958 -263.0000000000
26982 -262.0000000000
27026 -261.0000000000
27062 -260.0000000000
27084 -259.0000000000
27136 -258.0000000000
27167 -256.0000000000
27212 -253.0000000000
27291 -251.0000000000
27335 -250.0000000000
27386 -249.0000000000
27410 -248.0000000000
27443 -247.0000000000
27464 -246.0000000000
27548 -245.0000000000
27584 -243.0000000000
27628 -242.0000000000
27653 -241.0000000000
27670 -240.0000000000
27685 -239.0000000000
27749 -237.0000000000
27761 -236.0000000000
27801 -235.0000000000
27849 -234.0000000000
27915 -233.0000000000
28026 -232.0000000000
28073 -231.0000000000
28233 -230.0000000000
28287 -229.0000000000
28326 -228.0000000000
28397 -227.0000000000
28431 -225.0000000000
28512 -224.0000000000
28570 -223.0000000000
28590 -222.0000000000
28662 -221.0000000000
28673 -220.0000000000
28717 -219.0000000000
28753 -218.0000000000
28778 -217.0000000000
28826 -216.0000000000
28872 -215.0000000000
28957 -214.0000000000
29149 -213.0000000000
29222 -212.0000000000
29301 -211.0000000000
29329 -210.0000000000
29376 -209.0000000000
29402 -208.0000000000
29483 -207.0000000000
29531 -206.0000000000
29562 -205.0000000000
29621 -204.0000000000
29647 -203.0000000000
29689 -202.0000000000
29723 -201.0000000000
29783 -200.0000000000
29809 -199.0000000000
29826 -198.0000000000
29876 -197.0000000000
29950 -196.0000000000
29989 -195.0000000000
30098 -194.0000000000
30140 -193.0000000000
30213 -192.0000000000
30254 -191.0000000000
30318 -190.0000000000
30401 -189.0000000000
30430 -188.0000000000
30494 -187.0000000000
30507 -186.0000000000
30524 -185.0000000000
30572 -184.0000000000
30595 -183.0000000000
30623 -182.0000000000
30657 -181.0000000000
30684 -180.0000000000
30701 -179.0000000000
30747 -178.0000000000
30809 -177.0000000000
30841 -176.0000000000
30866 -175.0000000000
30922 -174.0000000000
30954 -173.0000000000
31004 -171.0000000000
31089 -170.0000000000
31183 -169.0000000000
31243 -168.0000000000
31322 -167.0000000000
31383 -166.0000000000
31417 -165.0000000000
31421 -164.0000000000
31509 -163.0000000000
31550 -162.0000000000
31564 -160.0000000000
31643 -158.0000000000
31722 -157.0000000000
31790 -156.0000000000
31876 -155.0000000000
31946 -154.0000000000
32008 -153.0000000000
32045 -152.0000000000
32091 -151.0000000000
32128 -150.0000000000
32137 -149.0000000000
32203 -148.0000000000
32227 -147.0000000000
32249 -146.0000000000
32290 -145.0000000000
32349 -143.0000000000
32384 -142.0000000000
32453 -141.0000000000
32463 -140.0000000000
32527 -139.0000000000
32555 -138.0000000000
32624 -137.0000000000
32739 -136.0000000000
32804 -135.0000000000
32898 -134.0000000000
32956 -133.0000000000
32997 -132.0000000000
33069 -131.0000000000
33138 -130.0000000000
33146 -129.0000000000
33219 -128.0000000000
33463 -127.0000000000
33543 -126.0000000000
33590 -125.0000000000
33706 -123.0000000000
33759 -122.0000000000
33880 -120.0000000000
33951 -119.0000000000
34073 -118.0000000000
34223 -117.0000000000
34272 -116.0000000000
34302 -115.0000000000
34328 -114.0000000000
34371 -113.0000000000
34437 -111.0000000000
34534 -110.0000000000
34639 -109.0000000000
34701 -108.0000000000
34775 -107.0000000000
34809 -106.0000000000
34894 -105.0000000000
34986 -103.0000000000
35061 -102.0000000000
35067 -101.0000000000
35141 -100.0000000000
35211 -99.0000000000
35288 -98.0000000000
35322 -97.0000000000
35390 -96.0000000000
35440 -95.0000000000
35496 -94.0000000000
35640 -93.0000000000
35703 -92.0000000000
35761 -91.0000000000
36052 -90.0000000000
36128 -89.0000000000
36162 -87.0000000000
36256 -86.0000000000
36410 -85.0000000000
36529 -84.0000000000
36598 -83.0000000000
36964 -82.0000000000
37050 -81.0000000000
37071 -80.0000000000
37157 -79.0000000000
37238 -78.0000000000
37303 -76.0000000000
37516 -75.0000000000
37666 -74.0000000000
37828 -73.0000000000
37890 -72.0000000000
38001 -71.0000000000
38086 -70.0000000000
38238 -69.0000000000
38452 -68.0000000000
38687 -67.0000000000
38944 -66.0000000000
39005 -65.0000000000
39070 -64.0000000000
39365 -63.0000000000
39591 -62.0000000000
39722 -61.0000000000
40369 -60.0000000000
40429 -59.0000000000
40513 -58.0000000000
40589 -57.0000000000
40743 -56.0000000000
40803 -55.0000000000
40930 -54.0000000000
41008 -53.0000000000
41051 -52.0000000000
41088 -51.0000000000
41310 -50.0000000000
41509 -49.0000000000
41578 -48.0000000000
41599 -47.0000000000
41642 -46.0000000000
42036 -45.0000000000
42390 -44.0000000000
42505 -43.0000000000
42655 -42.0000000000
42821 -41.0000000000
42967 -40.0000000000
43285 -39.0000000000
43571 -38.0000000000
43787 -37.0000000000
43835 -36.0000000000
44208 -35.0000000000
44569 -34.0000000000
44902 -33.0000000000
44965 -32.0000000000
45104 -31.0000000000
45158 -30.0000000000
45381 -29.0000000000
45542 -28.0000000000
45617 -27.0000000000
46482 -26.0000000000
46532 -25.0000000000
46601 -24.0000000000
46733 -23.0000000000
46993 -22.0000000000
47081 -21.0000000000
47170 -20.0000000000
47388 -19.0000000000
47817 -18.0000000000
47940 -17.0000000000
49055 -16.0000000000
49168 -15.0000000000
49475 -14.0000000000
49563 -13.0000000000
49723 -12.0000000000
49838 -11.0000000000
49861 -10.0000000000
50150 -9.0000000000
51462 -8.0000000000
52094 -7.0000000000
52200 -6.0000000000
53350 -5.0000000000
54013 -4.0000000000
54194 -3.0000000000
54246 -2.0000000000
55012 -1.0000000000
55724 192.9300000000
55796 208.6300000000
55849 213.0700000000
55994 214.9200000000
56755 215.4700000000
58206 222.1200000000
72335 222.4400000000
72567 226.6200000000
72634 229.6200000000
72682 239.3500000000
73531 241.6800000000
76309 243.4900000000
82274 258.4000000000
86238 258.4500000000
100000 -1.0000000000
