evaluations raw_y
1 -1963.0000000000
2 -1947.0000000000
8 -1944.0000000000
13 -1901.0000000000
39 -1900.0000000000
41 -1875.0000000000
77 -1865.0000000000
82 -1845.0000000000
109 -1843.0000000000
111 -1828.0000000000
124 -1826.0000000000
139 -1825.0000000000
144 -1821.0000000000
145 -1815.0000000000
148 -1813.0000000000
169 -1805.0000000000
173 -1803.0000000000
183 -1801.0000000000
184 -1787.0000000000
204 -1782.0000000000
222 -1775.0000000000
246 -1762.0000000000
261 -1761.0000000000
263 -1757.0000000000
283 -1756.0000000000
301 -1753.0000000000
324 -1746.0000000000
341 -1745.0000000000
344 -1739.0000000000
373 -1736.0000000000
374 -1727.0000000000
413 -1724.0000000000
422 -1722.0000000000
425 -1721.0000000000
441 -1720.0000000000
447 -1719.0000000000
449 -1717.0000000000
450 -1716.0000000000
466 -1714.0000000000
470 -1713.0000000000
486 -1711.0000000000
524 -1708.0000000000
544 -1703.0000000000
565 -1702.0000000000
578 -1700.0000000000
592 -1699.0000000000
602 -1698.0000000000
607 -1697.0000000000
621 -1695.0000000000
647 -1693.0000000000
675 -1691.0000000000
701 -1690.0000000000
702 -1689.0000000000
739 -1688.0000000000
761 -1686.0000000000
770 -1685.0000000000
792 -1684.0000000000
798 -1683.0000000000
808 -1682.0000000000
820 -1681.0000000000
841 -1680.0000000000
857 -1679.0000000000
867 -1677.0000000000
900 -1674.0000000000
917 -1672.0000000000
931 -1670.0000000000
944 -1669.0000000000
964 -1668.0000000000
983 -1667.0000000000
1001 -1664.0000000000
1027 -1663.0000000000
1030 -1662.0000000000
1036 -1659.0000000000
1054 -1658.0000000000
1066 -1656.0000000000
1101 -1655.0000000000
1111 -1653.0000000000
1150 -1651.0000000000
1161 -1650.0000000000
1189 -1649.0000000000
1202 -1647.0000000000
1215 -1645.0000000000
1225 -1644.0000000000
1262 -1643.0000000000
1265 -1642.0000000000
1303 -1641.0000000000
1317 -1640.0000000000
1322 -1639.0000000000
1344 -1638.0000000000
1347 -1636.0000000000
1368 -1635.0000000000
1370 -1632.0000000000
1401 -1631.0000000000
1405 -1630.0000000000
1425 -1629.0000000000
1440 -1628.0000000000
1448 -1627.0000000000
1464 -1626.0000000000
1495 -1625.0000000000
1504 -1621.0000000000
1526 -1617.0000000000
1549 -1615.0000000000
1561 -1614.0000000000
1613 -1613.0000000000
1628 -1612.0000000000
1630 -1611.0000000000
1643 -1610.0000000000
1661 -1608.0000000000
1668 -1607.0000000000
1681 -1605.0000000000
1703 -1603.0000000000
1731 -1602.0000000000
1743 -1601.0000000000
1745 -1600.0000000000
1777 -1599.0000000000
1798 -1597.0000000000
1810 -1596.0000000000
1825 -1595.0000000000
1827 -1594.0000000000
1861 -1593.0000000000
1872 -1591.0000000000
1885 -1590.0000000000
1906 -1589.0000000000
1923 -1588.0000000000
1929 -1587.0000000000
1931 -1586.0000000000
1962 -1585.0000000000
1979 -1584.0000000000
1987 -1581.0000000000
2004 -1579.0000000000
2057 -1578.0000000000
2062 -1575.0000000000
2083 -1573.0000000000
2094 -1572.0000000000
2105 -1571.0000000000
2110 -1570.0000000000
2122 -1569.0000000000
2148 -1567.0000000000
2165 -1565.0000000000
2191 -1564.0000000000
2193 -1563.0000000000
2199 -1562.0000000000
2228 -1561.0000000000
2233 -1558.0000000000
2249 -1557.0000000000
2276 -1556.0000000000
2285 -1551.0000000000
2323 -1549.0000000000
2341 -1548.0000000000
2364 -1546.0000000000
2381 -1541.0000000000
2409 -1540.0000000000
2423 -1537.0000000000
2445 -1536.0000000000
2469 -1534.0000000000
2488 -1533.0000000000
2506 -1531.0000000000
2518 -1530.0000000000
2538 -1528.0000000000
2544 -1527.0000000000
2575 -1526.0000000000
2582 -1525.0000000000
2606 -1524.0000000000
2626 -1523.0000000000
2634 -1522.0000000000
2639 -1521.0000000000
2671 -1520.0000000000
2712 -1517.0000000000
2727 -1516.0000000000
2741 -1515.0000000000
2764 -1514.0000000000
2790 -1513.0000000000
2817 -1512.0000000000
2821 -1511.0000000000
2825 -1510.0000000000
2845 -1509.0000000000
2859 -1507.0000000000
2870 -1504.0000000000
2881 -1503.0000000000
2910 -1502.0000000000
2929 -1501.0000000000
2946 -1500.0000000000
2970 -1499.0000000000
2984 -1498.0000000000
3015 -1497.0000000000
3029 -1496.0000000000
3068 -1495.0000000000
3082 -1494.0000000000
3084 -1493.0000000000
3093 -1492.0000000000
3117 -1491.0000000000
3125 -1490.0000000000
3132 -1489.0000000000
3147 -1488.0000000000
3158 -1487.0000000000
3180 -1485.0000000000
3191 -1484.0000000000
3197 -1483.0000000000
3202 -1482.0000000000
3232 -1480.0000000000
3238 -1479.0000000000
3256 -1478.0000000000
3262 -1476.0000000000
3289 -1475.0000000000
3304 -1474.0000000000
3307 -1473.0000000000
3329 -1472.0000000000
3344 -1471.0000000000
3353 -1470.0000000000
3362 -1469.0000000000
3377 -1467.0000000000
3403 -1465.0000000000
3423 -1463.0000000000
3449 -1462.0000000000
3478 -1459.0000000000
3505 -1458.0000000000
3509 -1456.0000000000
3512 -1455.0000000000
3540 -1454.0000000000
3561 -1453.0000000000
3568 -1451.0000000000
3588 -1450.0000000000
3596 -1449.0000000000
3609 -1447.0000000000
3641 -1445.0000000000
3651 -1443.0000000000
3685 -1441.0000000000
3689 -1440.0000000000
3709 -1439.0000000000
3731 -1438.0000000000
3742 -1437.0000000000
3762 -1435.0000000000
3783 -1434.0000000000
3802 -1433.0000000000
3816 -1432.0000000000
3831 -1431.0000000000
3849 -1425.0000000000
3869 -1424.0000000000
3885 -1421.0000000000
3922 -1420.0000000000
3947 -1419.0000000000
3964 -1418.0000000000
3966 -1417.0000000000
3984 -1416.0000000000
4009 -1415.0000000000
4026 -1414.0000000000
4041 -1411.0000000000
4100 -1410.0000000000
4103 -1409.0000000000
4107 -1408.0000000000
4130 -1407.0000000000
4137 -1406.0000000000
4144 -1405.0000000000
4162 -1404.0000000000
4191 -1403.0000000000
4202 -1402.0000000000
4233 -1401.0000000000
4237 -1400.0000000000
4242 -1399.0000000000
4248 -1398.0000000000
4299 -1397.0000000000
4303 -1396.0000000000
4319 -1394.0000000000
4346 -1393.0000000000
4353 -1392.0000000000
4361 -1391.0000000000
4386 -1390.0000000000
4395 -1389.0000000000
4410 -1387.0000000000
4433 -1386.0000000000
4442 -1385.0000000000
4461 -1382.0000000000
4479 -1381.0000000000
4487 -1380.0000000000
4515 -1378.0000000000
4526 -1377.0000000000
4529 -1376.0000000000
4530 -1375.0000000000
4547 -1374.0000000000
4552 -1373.0000000000
4578 -1371.0000000000
4581 -1370.0000000000
4615 -1369.0000000000
4622 -1367.0000000000
4652 -1365.0000000000
4661 -1364.0000000000
4698 -1362.0000000000
4735 -1361.0000000000
4741 -1359.0000000000
4769 -1358.0000000000
4772 -1357.0000000000
4798 -1356.0000000000
4811 -1355.0000000000
4825 -1354.0000000000
4836 -1353.0000000000
4842 -1352.0000000000
4879 -1350.0000000000
4891 -1349.0000000000
4894 -1348.0000000000
4905 -1347.0000000000
4925 -1345.0000000000
4948 -1344.0000000000
4982 -1343.0000000000
4989 -1341.0000000000
4991 -1340.0000000000
5001 -1338.0000000000
5027 -1337.0000000000
5060 -1335.0000000000
5082 -1333.0000000000
5108 -1330.0000000000
5144 -1329.0000000000
5150 -1328.0000000000
5181 -1324.0000000000
5188 -1323.0000000000
5227 -1322.0000000000
5247 -1321.0000000000
5285 -1320.0000000000
5293 -1319.0000000000
5302 -1317.0000000000
5333 -1316.0000000000
5345 -1315.0000000000
5366 -1313.0000000000
5376 -1312.0000000000
5413 -1311.0000000000
5430 -1310.0000000000
5453 -1308.0000000000
5486 -1307.0000000000
5497 -1306.0000000000
5503 -1305.0000000000
5534 -1304.0000000000
5542 -1303.0000000000
5562 -1302.0000000000
5576 -1300.0000000000
5590 -1299.0000000000
5607 -1298.0000000000
5622 -1297.0000000000
5626 -1296.0000000000
5660 -1295.0000000000
5661 -1293.0000000000
5689 -1290.0000000000
5712 -1288.0000000000
5751 -1286.0000000000
5755 -1285.0000000000
5764 -1282.0000000000
5788 -1281.0000000000
5802 -1280.0000000000
5836 -1279.0000000000
5841 -1278.0000000000
5871 -1277.0000000000
5893 -1275.0000000000
5926 -1274.0000000000
5959 -1273.0000000000
5962 -1269.0000000000
6013 -1267.0000000000
6031 -1265.0000000000
6044 -1264.0000000000
6048 -1263.0000000000
6081 -1262.0000000000
6094 -1261.0000000000
6101 -1260.0000000000
6122 -1259.0000000000
6131 -1258.0000000000
6132 -1256.0000000000
6162 -1254.0000000000
6187 -1253.0000000000
6203 -1251.0000000000
6217 -1250.0000000000
6236 -1247.0000000000
6286 -1246.0000000000
6303 -1245.0000000000
6304 -1242.0000000000
6344 -1241.0000000000
6360 -1240.0000000000
6363 -1238.0000000000
6394 -1237.0000000000
6405 -1236.0000000000
6422 -1234.0000000000
6444 -1232.0000000000
6491 -1229.0000000000
6510 -1228.0000000000
6543 -1227.0000000000
6567 -1226.0000000000
6568 -1225.0000000000
6585 -1223.0000000000
6588 -1222.0000000000
6632 -1221.0000000000
6664 -1220.0000000000
6665 -1218.0000000000
6705 -1217.0000000000
6710 -1216.0000000000
6727 -1215.0000000000
6745 -1213.0000000000
6763 -1210.0000000000
6801 -1209.0000000000
6830 -1208.0000000000
6848 -1206.0000000000
6868 -1204.0000000000
6901 -1203.0000000000
6907 -1202.0000000000
6921 -1200.0000000000
6948 -1199.0000000000
6983 -1198.0000000000
7021 -1196.0000000000
7043 -1195.0000000000
7060 -1194.0000000000
7068 -1193.0000000000
7079 -1192.0000000000
7104 -1191.0000000000
7108 -1190.0000000000
7128 -1189.0000000000
7141 -1188.0000000000
7168 -1185.0000000000
7188 -1183.0000000000
7206 -1181.0000000000
7247 -1180.0000000000
7261 -1179.0000000000
7278 -1177.0000000000
7284 -1175.0000000000
7302 -1174.0000000000
7321 -1173.0000000000
7346 -1172.0000000000
7361 -1171.0000000000
7389 -1169.0000000000
7421 -1168.0000000000
7459 -1167.0000000000
7470 -1166.0000000000
7487 -1163.0000000000
7522 -1161.0000000000
7546 -1160.0000000000
7574 -1159.0000000000
7581 -1158.0000000000
7593 -1157.0000000000
7605 -1155.0000000000
7624 -1154.0000000000
7641 -1153.0000000000
7657 -1152.0000000000
7672 -1150.0000000000
7685 -1148.0000000000
7728 -1147.0000000000
7752 -1146.0000000000
7760 -1144.0000000000
7775 -1142.0000000000
7815 -1141.0000000000
7826 -1139.0000000000
7830 -1135.0000000000
7847 -1133.0000000000
7862 -1132.0000000000
7886 -1131.0000000000
7921 -1129.0000000000
7941 -1127.0000000000
7962 -1124.0000000000
7982 -1123.0000000000
7989 -1122.0000000000
8014 -1121.0000000000
8028 -1119.0000000000
8032 -1118.0000000000
8053 -1116.0000000000
8087 -1115.0000000000
8092 -1113.0000000000
8116 -1112.0000000000
8117 -1111.0000000000
8144 -1110.0000000000
8156 -1108.0000000000
8182 -1107.0000000000
8206 -1104.0000000000
8231 -1103.0000000000
8252 -1102.0000000000
8263 -1101.0000000000
8272 -1100.0000000000
8281 -1098.0000000000
8328 -1097.0000000000
8335 -1096.0000000000
8357 -1093.0000000000
8401 -1092.0000000000
8413 -1090.0000000000
8422 -1089.0000000000
8437 -1088.0000000000
8461 -1087.0000000000
8485 -1086.0000000000
8488 -1085.0000000000
8505 -1084.0000000000
8511 -1083.0000000000
8532 -1082.0000000000
8544 -1081.0000000000
8575 -1080.0000000000
8592 -1077.0000000000
8644 -1076.0000000000
8665 -1074.0000000000
8700 -1073.0000000000
8701 -1072.0000000000
8703 -1071.0000000000
8747 -1070.0000000000
8749 -1068.0000000000
8781 -1067.0000000000
8797 -1064.0000000000
8824 -1063.0000000000
8845 -1062.0000000000
8857 -1061.0000000000
8868 -1060.0000000000
8871 -1059.0000000000
8881 -1058.0000000000
8888 -1057.0000000000
8905 -1056.0000000000
8913 -1055.0000000000
8941 -1053.0000000000
8974 -1052.0000000000
8990 -1049.0000000000
9025 -1048.0000000000
9030 -1047.0000000000
9048 -1042.0000000000
9074 -1041.0000000000
9105 -1040.0000000000
9125 -1039.0000000000
9134 -1036.0000000000
9162 -1035.0000000000
9175 -1034.0000000000
9193 -1033.0000000000
9215 -1031.0000000000
9230 -1030.0000000000
9246 -1028.0000000000
9311 -1027.0000000000
9319 -1023.0000000000
9327 -1022.0000000000
9363 -1021.0000000000
9386 -1020.0000000000
9402 -1019.0000000000
9442 -1018.0000000000
9461 -1017.0000000000
9500 -1015.0000000000
9502 -1014.0000000000
9522 -1012.0000000000
9574 -1009.0000000000
9601 -1008.0000000000
9625 -1007.0000000000
9641 -1006.0000000000
9642 -1004.0000000000
9710 -1003.0000000000
9722 -1002.0000000000
9746 -1001.0000000000
9754 -999.0000000000
9785 -998.0000000000
9806 -997.0000000000
9808 -995.0000000000
9821 -994.0000000000
9873 -993.0000000000
9891 -992.0000000000
9924 -991.0000000000
9954 -990.0000000000
9959 -989.0000000000
9982 -988.0000000000
10008 -987.0000000000
10041 -986.0000000000
10075 -984.0000000000
10086 -983.0000000000
10091 -982.0000000000
10118 -979.0000000000
10121 -978.0000000000
10152 -977.0000000000
10181 -976.0000000000
10201 -975.0000000000
10208 -973.0000000000
10228 -972.0000000000
10237 -970.0000000000
10270 -968.0000000000
10296 -967.0000000000
10304 -966.0000000000
10327 -964.0000000000
10330 -963.0000000000
10374 -962.0000000000
10377 -960.0000000000
10379 -959.0000000000
10388 -958.0000000000
10403 -957.0000000000
10449 -956.0000000000
10450 -954.0000000000
10493 -953.0000000000
10505 -952.0000000000
10553 -951.0000000000
10562 -948.0000000000
10604 -945.0000000000
10644 -944.0000000000
10702 -941.0000000000
10742 -939.0000000000
10749 -938.0000000000
10800 -937.0000000000
10803 -936.0000000000
10835 -934.0000000000
10849 -932.0000000000
10865 -931.0000000000
10919 -929.0000000000
10975 -928.0000000000
11007 -927.0000000000
11008 -926.0000000000
11037 -925.0000000000
11069 -921.0000000000
11108 -920.0000000000
11158 -919.0000000000
11177 -918.0000000000
11187 -917.0000000000
11207 -916.0000000000
11212 -915.0000000000
11224 -914.0000000000
11263 -913.0000000000
11267 -911.0000000000
11304 -910.0000000000
11313 -909.0000000000
11347 -907.0000000000
11376 -905.0000000000
11400 -904.0000000000
11410 -902.0000000000
11446 -900.0000000000
11489 -899.0000000000
11500 -898.0000000000
11522 -897.0000000000
11557 -896.0000000000
11568 -895.0000000000
11585 -894.0000000000
11593 -893.0000000000
11612 -891.0000000000
11626 -890.0000000000
11662 -889.0000000000
11677 -888.0000000000
11733 -887.0000000000
11744 -885.0000000000
11787 -884.0000000000
11819 -883.0000000000
11829 -882.0000000000
11831 -881.0000000000
11841 -880.0000000000
11847 -879.0000000000
11895 -877.0000000000
11902 -876.0000000000
11924 -875.0000000000
11971 -874.0000000000
11974 -871.0000000000
12002 -870.0000000000
12013 -868.0000000000
12056 -866.0000000000
12092 -865.0000000000
12107 -864.0000000000
12126 -863.0000000000
12141 -862.0000000000
12162 -860.0000000000
12193 -859.0000000000
12201 -858.0000000000
12221 -857.0000000000
12242 -854.0000000000
12287 -852.0000000000
12305 -850.0000000000
12326 -849.0000000000
12356 -847.0000000000
12374 -846.0000000000
12401 -845.0000000000
12404 -844.0000000000
12423 -843.0000000000
12424 -842.0000000000
12446 -841.0000000000
12467 -840.0000000000
12484 -839.0000000000
12503 -838.0000000000
12526 -837.0000000000
12558 -835.0000000000
12581 -831.0000000000
12635 -830.0000000000
12657 -829.0000000000
12664 -828.0000000000
12691 -825.0000000000
12741 -824.0000000000
12782 -823.0000000000
12804 -822.0000000000
12821 -821.0000000000
12857 -820.0000000000
12862 -817.0000000000
12910 -816.0000000000
12926 -815.0000000000
12930 -814.0000000000
12962 -811.0000000000
13001 -810.0000000000
13056 -809.0000000000
13061 -808.0000000000
13085 -807.0000000000
13093 -806.0000000000
13116 -805.0000000000
13144 -804.0000000000
13148 -803.0000000000
13154 -802.0000000000
13168 -801.0000000000
13170 -800.0000000000
13210 -799.0000000000
13221 -798.0000000000
13265 -797.0000000000
13266 -796.0000000000
13284 -793.0000000000
13321 -792.0000000000
13365 -789.0000000000
13406 -788.0000000000
13444 -787.0000000000
13460 -786.0000000000
13469 -785.0000000000
13499 -783.0000000000
13518 -782.0000000000
13549 -781.0000000000
13560 -780.0000000000
13593 -778.0000000000
13646 -775.0000000000
13705 -774.0000000000
13747 -771.0000000000
13778 -770.0000000000
13827 -768.0000000000
13842 -766.0000000000
13888 -765.0000000000
13903 -764.0000000000
13919 -763.0000000000
13945 -761.0000000000
14004 -760.0000000000
14014 -758.0000000000
14064 -757.0000000000
14085 -756.0000000000
14101 -755.0000000000
14122 -754.0000000000
14163 -753.0000000000
14169 -752.0000000000
14187 -751.0000000000
14212 -750.0000000000
14215 -749.0000000000
14226 -748.0000000000
14275 -747.0000000000
14295 -746.0000000000
14326 -745.0000000000
14331 -744.0000000000
14349 -743.0000000000
14365 -742.0000000000
14401 -741.0000000000
14414 -738.0000000000
14447 -737.0000000000
14509 -736.0000000000
14538 -735.0000000000
14570 -733.0000000000
14597 -732.0000000000
14651 -731.0000000000
14668 -730.0000000000
14682 -729.0000000000
14716 -728.0000000000
14731 -727.0000000000
14753 -726.0000000000
14788 -723.0000000000
14834 -722.0000000000
14846 -720.0000000000
14863 -719.0000000000
14920 -718.0000000000
14935 -717.0000000000
14959 -716.0000000000
14965 -715.0000000000
14969 -714.0000000000
15009 -711.0000000000
15063 -710.0000000000
15100 -709.0000000000
15110 -707.0000000000
15163 -706.0000000000
15186 -705.0000000000
15203 -704.0000000000
15228 -703.0000000000
15231 -702.0000000000
15240 -700.0000000000
15289 -699.0000000000
15313 -697.0000000000
15327 -695.0000000000
15354 -694.0000000000
15399 -693.0000000000
15414 -692.0000000000
15434 -691.0000000000
15455 -690.0000000000
15482 -689.0000000000
15507 -687.0000000000
15525 -686.0000000000
15534 -685.0000000000
15588 -684.0000000000
15609 -683.0000000000
15622 -680.0000000000
15692 -679.0000000000
15726 -677.0000000000
15769 -676.0000000000
15781 -675.0000000000
15803 -673.0000000000
15812 -672.0000000000
15845 -671.0000000000
15862 -670.0000000000
15865 -669.0000000000
15901 -668.0000000000
15924 -667.0000000000
15932 -666.0000000000
15957 -665.0000000000
15981 -664.0000000000
16025 -663.0000000000
16050 -662.0000000000
16067 -661.0000000000
16095 -660.0000000000
16109 -659.0000000000
16146 -657.0000000000
16202 -655.0000000000
16256 -654.0000000000
16267 -653.0000000000
16270 -652.0000000000
16308 -651.0000000000
16353 -650.0000000000
16391 -649.0000000000
16405 -648.0000000000
16436 -647.0000000000
16450 -646.0000000000
16465 -644.0000000000
16500 -643.0000000000
16504 -641.0000000000
16547 -640.0000000000
16569 -639.0000000000
16582 -637.0000000000
16637 -636.0000000000
16650 -635.0000000000
16655 -634.0000000000
16680 -633.0000000000
16698 -632.0000000000
16700 -631.0000000000
16733 -630.0000000000
16760 -629.0000000000
16770 -628.0000000000
16782 -627.0000000000
16808 -625.0000000000
16835 -623.0000000000
16865 -621.0000000000
16903 -620.0000000000
16965 -618.0000000000
17011 -617.0000000000
17050 -616.0000000000
17057 -615.0000000000
17066 -614.0000000000
17102 -613.0000000000
17121 -612.0000000000
17171 -611.0000000000
17240 -610.0000000000
17247 -609.0000000000
17269 -608.0000000000
17301 -607.0000000000
17312 -606.0000000000
17343 -605.0000000000
17363 -603.0000000000
17401 -602.0000000000
17424 -601.0000000000
17446 -599.0000000000
17486 -598.0000000000
17495 -596.0000000000
17549 -595.0000000000
17571 -594.0000000000
17598 -593.0000000000
17612 -592.0000000000
17618 -591.0000000000
17627 -589.0000000000
17661 -588.0000000000
17728 -587.0000000000
17764 -586.0000000000
17797 -583.0000000000
17817 -581.0000000000
17841 -580.0000000000
17853 -579.0000000000
17907 -578.0000000000
17930 -577.0000000000
17941 -576.0000000000
17964 -575.0000000000
17979 -574.0000000000
18023 -572.0000000000
18031 -570.0000000000
18086 -569.0000000000
18111 -566.0000000000
18164 -565.0000000000
18172 -564.0000000000
18186 -562.0000000000
18221 -561.0000000000
18223 -560.0000000000
18258 -558.0000000000
18306 -557.0000000000
18322 -556.0000000000
18386 -555.0000000000
18425 -554.0000000000
18443 -553.0000000000
18446 -552.0000000000
18472 -551.0000000000
18476 -550.0000000000
18478 -549.0000000000
18505 -548.0000000000
18577 -547.0000000000
18582 -546.0000000000
18630 -545.0000000000
18689 -543.0000000000
18741 -539.0000000000
18827 -538.0000000000
18840 -537.0000000000
18853 -536.0000000000
18884 -535.0000000000
18901 -533.0000000000
18921 -532.0000000000
18966 -531.0000000000
18993 -530.0000000000
19002 -529.0000000000
19029 -528.0000000000
19072 -527.0000000000
19116 -526.0000000000
19136 -525.0000000000
19147 -524.0000000000
19182 -523.0000000000
19203 -522.0000000000
19222 -521.0000000000
19275 -520.0000000000
19291 -517.0000000000
19340 -516.0000000000
19381 -515.0000000000
19399 -514.0000000000
19406 -513.0000000000
19442 -511.0000000000
19464 -510.0000000000
19483 -508.0000000000
19510 -507.0000000000
19513 -506.0000000000
19540 -505.0000000000
19562 -504.0000000000
19620 -503.0000000000
19629 -502.0000000000
19664 -500.0000000000
19665 -499.0000000000
19682 -497.0000000000
19724 -496.0000000000
19741 -495.0000000000
19781 -493.0000000000
19822 -491.0000000000
19857 -490.0000000000
19905 -489.0000000000
19944 -488.0000000000
19983 -486.0000000000
20027 -483.0000000000
20041 -482.0000000000
20079 -481.0000000000
20083 -480.0000000000
20113 -479.0000000000
20124 -478.0000000000
20144 -477.0000000000
20161 -475.0000000000
20194 -474.0000000000
20217 -473.0000000000
20220 -472.0000000000
20232 -471.0000000000
20255 -470.0000000000
20276 -469.0000000000
20293 -468.0000000000
20299 -467.0000000000
20311 -466.0000000000
20325 -465.0000000000
20371 -464.0000000000
20398 -462.0000000000
20424 -460.0000000000
20489 -459.0000000000
20526 -458.0000000000
20537 -457.0000000000
20597 -455.0000000000
20610 -454.0000000000
20641 -453.0000000000
20691 -452.0000000000
20701 -449.0000000000
20732 -447.0000000000
20764 -446.0000000000
20789 -444.0000000000
20821 -443.0000000000
20847 -442.0000000000
20884 -441.0000000000
20913 -440.0000000000
20939 -439.0000000000
20964 -438.0000000000
21002 -437.0000000000
21017 -435.0000000000
21048 -434.0000000000
21066 -433.0000000000
21079 -432.0000000000
21104 -431.0000000000
21130 -430.0000000000
21151 -429.0000000000
21181 -427.0000000000
21204 -425.0000000000
21289 -424.0000000000
21306 -422.0000000000
21347 -421.0000000000
21363 -420.0000000000
21419 -419.0000000000
21424 -418.0000000000
21523 -417.0000000000
21531 -416.0000000000
21558 -415.0000000000
21573 -414.0000000000
21613 -413.0000000000
21624 -412.0000000000
21643 -411.0000000000
21686 -410.0000000000
21725 -409.0000000000
21772 -408.0000000000
21802 -407.0000000000
21884 -406.0000000000
21939 -405.0000000000
21973 -404.0000000000
22002 -402.0000000000
22047 -401.0000000000
22081 -400.0000000000
22105 -399.0000000000
22148 -398.0000000000
22204 -397.0000000000
22254 -396.0000000000
22286 -395.0000000000
22289 -394.0000000000
22359 -393.0000000000
22412 -392.0000000000
22442 -391.0000000000
22497 -390.0000000000
22517 -389.0000000000
22574 -388.0000000000
22593 -387.0000000000
22609 -386.0000000000
22637 -384.0000000000
22689 -383.0000000000
22736 -382.0000000000
22744 -381.0000000000
22824 -380.0000000000
22843 -378.0000000000
22885 -377.0000000000
22905 -376.0000000000
22921 -375.0000000000
22941 -374.0000000000
22983 -372.0000000000
23066 -371.0000000000
23094 -370.0000000000
23098 -369.0000000000
23103 -368.0000000000
23174 -367.0000000000
23202 -366.0000000000
23243 -364.0000000000
23298 -363.0000000000
23336 -362.0000000000
23421 -361.0000000000
23460 -360.0000000000
23508 -359.0000000000
23522 -358.0000000000
23534 -357.0000000000
23580 -356.0000000000
23596 -355.0000000000
23668 -354.0000000000
23700 -353.0000000000
23727 -352.0000000000
23769 -351.0000000000
23784 -350.0000000000
23790 -349.0000000000
23807 -347.0000000000
23866 -346.0000000000
23904 -345.0000000000
23943 -344.0000000000
23979 -343.0000000000
24018 -342.0000000000
24056 -341.0000000000
24083 -340.0000000000
24102 -339.0000000000
24123 -338.0000000000
24173 -337.0000000000
24245 -336.0000000000
24256 -335.0000000000
24312 -334.0000000000
24330 -333.0000000000
24351 -332.0000000000
24353 -331.0000000000
24403 -330.0000000000
24460 -328.0000000000
24482 -327.0000000000
24505 -326.0000000000
24549 -325.0000000000
24584 -324.0000000000
24620 -322.0000000000
24672 -321.0000000000
24696 -320.0000000000
24706 -319.0000000000
24780 -318.0000000000
24786 -317.0000000000
24838 -316.0000000000
24910 -315.0000000000
24919 -314.0000000000
24962 -313.0000000000
24973 -312.0000000000
25005 -309.0000000000
25093 -308.0000000000
25094 -307.0000000000
25101 -306.0000000000
25138 -305.0000000000
25145 -304.0000000000
25162 -303.0000000000
25220 -302.0000000000
25239 -301.0000000000
25266 -300.0000000000
25269 -299.0000000000
25304 -298.0000000000
25321 -297.0000000000
25328 -296.0000000000
25431 -295.0000000000
25477 -294.0000000000
25491 -293.0000000000
25573 -292.0000000000
25605 -291.0000000000
25662 -290.0000000000
25666 -288.0000000000
25743 -287.0000000000
25789 -286.0000000000
25821 -285.0000000000
25847 -284.0000000000
25889 -283.0000000000
25974 -282.0000000000
26050 -281.0000000000
26130 -280.0000000000
26164 -279.0000000000
26186 -278.0000000000
26294 -276.0000000000
26350 -275.0000000000
26374 -274.0000000000
26462 -273.0000000000
26481 -272.0000000000
26544 -270.0000000000
26643 -269.0000000000
26652 -268.0000000000
26681 -267.0000000000
26702 -266.0000000000
26721 -265.0000000000
26769 -264.0000000000
26813 -263.0000000000
26843 -262.0000000000
26870 -261.0000000000
26888 -260.0000000000
26910 -259.0000000000
26962 -258.0000000000
27002 -257.0000000000
27014 -256.0000000000
27035 -255.0000000000
27064 -254.0000000000
27083 -253.0000000000
27118 -252.0000000000
27135 -250.0000000000
27211 -249.0000000000
27241 -247.0000000000
27307 -245.0000000000
27365 -244.0000000000
27396 -243.0000000000
27415 -242.0000000000
27449 -241.0000000000
27473 -240.0000000000
27492 -239.0000000000
27526 -238.0000000000
27558 -237.0000000000
27600 -236.0000000000
27656 -235.0000000000
27665 -234.0000000000
27683 -233.0000000000
27776 -231.0000000000
27814 -230.0000000000
27855 -229.0000000000
27887 -228.0000000000
27962 -227.0000000000
27969 -226.0000000000
28018 -225.0000000000
28044 -224.0000000000
28047 -223.0000000000
28148 -222.0000000000
28201 -221.0000000000
28226 -220.0000000000
28288 -218.0000000000
28327 -217.0000000000
28385 -216.0000000000
28402 -215.0000000000
28433 -214.0000000000
28458 -213.0000000000
28472 -212.0000000000
28515 -211.0000000000
28529 -210.0000000000
28578 -209.0000000000
28617 -208.0000000000
28662 -207.0000000000
28691 -206.0000000000
28782 -205.0000000000
28832 -204.0000000000
28897 -203.0000000000
28904 -202.0000000000
29007 -201.0000000000
29066 -199.0000000000
29151 -198.0000000000
29198 -197.0000000000
29218 -196.0000000000
29239 -195.0000000000
29289 -194.0000000000
29329 -193.0000000000
29396 -192.0000000000
29442 -191.0000000000
29511 -190.0000000000
29599 -189.0000000000
29625 -188.0000000000
29669 -187.0000000000
29803 -186.0000000000
29862 -185.0000000000
29911 -184.0000000000
29922 -183.0000000000
29950 -181.0000000000
30056 -180.0000000000
30144 -179.0000000000
30214 -178.0000000000
30232 -177.0000000000
30275 -176.0000000000
30323 -175.0000000000
30355 -174.0000000000
30397 -173.0000000000
30402 -172.0000000000
30425 -171.0000000000
30465 -170.0000000000
30517 -169.0000000000
30596 -168.0000000000
30646 -167.0000000000
30732 -166.0000000000
30744 -165.0000000000
30822 -164.0000000000
30906 -163.0000000000
30992 -162.0000000000
31012 -161.0000000000
31061 -160.0000000000
31094 -159.0000000000
31162 -158.0000000000
31224 -157.0000000000
31241 -156.0000000000
31300 -155.0000000000
31364 -154.0000000000
31377 -153.0000000000
31419 -152.0000000000
31450 -151.0000000000
31489 -150.0000000000
31542 -149.0000000000
31582 -148.0000000000
31612 -146.0000000000
31631 -145.0000000000
31645 -144.0000000000
31708 -143.0000000000
31725 -142.0000000000
31786 -141.0000000000
31881 -140.0000000000
31943 -139.0000000000
31993 -138.0000000000
32003 -137.0000000000
32081 -136.0000000000
32134 -135.0000000000
32148 -134.0000000000
32216 -133.0000000000
32268 -132.0000000000
32359 -131.0000000000
32430 -130.0000000000
32521 -129.0000000000
32541 -128.0000000000
32578 -126.0000000000
32688 -125.0000000000
32760 -124.0000000000
32808 -123.0000000000
32843 -122.0000000000
32857 -121.0000000000
32955 -120.0000000000
33013 -119.0000000000
33163 -118.0000000000
33187 -117.0000000000
33215 -116.0000000000
33334 -115.0000000000
33379 -114.0000000000
33439 -113.0000000000
33481 -112.0000000000
33566 -111.0000000000
33614 -110.0000000000
33681 -109.0000000000
33799 -108.0000000000
33858 -107.0000000000
33861 -106.0000000000
33921 -105.0000000000
33998 -104.0000000000
34073 -103.0000000000
34162 -102.0000000000
34201 -101.0000000000
34244 -100.0000000000
34344 -99.0000000000
34355 -98.0000000000
34403 -97.0000000000
34511 -96.0000000000
34568 -95.0000000000
34679 -94.0000000000
34721 -93.0000000000
34825 -92.0000000000
34867 -91.0000000000
34971 -90.0000000000
35027 -89.0000000000
35084 -88.0000000000
35143 -87.0000000000
35224 -85.0000000000
35273 -84.0000000000
35376 -83.0000000000
35618 -82.0000000000
35664 -81.0000000000
35764 -80.0000000000
35873 -79.0000000000
35969 -78.0000000000
36117 -77.0000000000
36210 -76.0000000000
36241 -75.0000000000
36292 -74.0000000000
36313 -73.0000000000
36383 -72.0000000000
36446 -71.0000000000
36479 -70.0000000000
36504 -69.0000000000
36529 -67.0000000000
36548 -66.0000000000
36581 -65.0000000000
36638 -64.0000000000
36764 -63.0000000000
36858 -62.0000000000
36877 -61.0000000000
36943 -60.0000000000
37017 -59.0000000000
37072 -58.0000000000
37122 -57.0000000000
37214 -56.0000000000
37263 -55.0000000000
37332 -54.0000000000
37427 -53.0000000000
37530 -52.0000000000
37590 -51.0000000000
37711 -50.0000000000
37787 -49.0000000000
38199 -48.0000000000
38350 -47.0000000000
38464 -46.0000000000
38629 -45.0000000000
38643 -44.0000000000
38720 -43.0000000000
38830 -42.0000000000
38905 -41.0000000000
38966 -40.0000000000
38983 -39.0000000000
39044 -38.0000000000
39184 -37.0000000000
39267 -36.0000000000
39364 -35.0000000000
39426 -34.0000000000
39448 -33.0000000000
39821 -32.0000000000
40189 -31.0000000000
40346 -30.0000000000
40433 -29.0000000000
40577 -28.0000000000
40618 -27.0000000000
40635 -26.0000000000
40753 -25.0000000000
40793 -24.0000000000
40966 -23.0000000000
41071 -22.0000000000
41349 -21.0000000000
41441 -20.0000000000
41528 -18.0000000000
41723 -17.0000000000
41831 -16.0000000000
42045 -15.0000000000
42112 -14.0000000000
42822 -13.0000000000
43000 -12.0000000000
43151 -11.0000000000
43354 -10.0000000000
43449 -9.0000000000
43860 -8.0000000000
43989 -7.0000000000
44067 -6.0000000000
44185 -5.0000000000
44276 -4.0000000000
44624 -3.0000000000
44835 -2.0000000000
45053 -1.0000000000
45272 341.9900000000
45302 357.5300000000
45327 361.5800000000
45349 362.8200000000
45371 364.7700000000
45532 366.5300000000
45682 367.8800000000
45693 374.9000000000
46405 378.6200000000
48470 380.4100000000
48716 385.9600000000
49384 387.4600000000
49558 437.9600000000
49575 438.0900000000
49581 441.3500000000
49591 443.0400000000
49613 443.2500000000
49646 471.2500000000
50812 474.8100000000
52351 476.6500000000
52661 481.5700000000
52721 579.0800000000
52813 582.9500000000
52901 586.2500000000
52947 587.4600000000
53007 595.3700000000
53297 597.3600000000
53611 600.0800000000
53776 601.1400000000
54002 607.3100000000
54484 610.1200000000
63928 612.1200000000
77342 703.2800000000
77455 705.8700000000
77467 715.4500000000
78174 722.8100000000
78191 728.6800000000
83454 730.0100000000
100000 -1.0000000000
