evaluations raw_y
1 -1886.0000000000
2 -1856.0000000000
3 -1852.0000000000
22 -1847.0000000000
34 -1823.0000000000
57 -1819.0000000000
71 -1804.0000000000
82 -1788.0000000000
111 -1762.0000000000
132 -1761.0000000000
137 -1751.0000000000
154 -1739.0000000000
184 -1732.0000000000
198 -1728.0000000000
203 -1724.0000000000
241 -1723.0000000000
248 -1722.0000000000
249 -1721.0000000000
261 -1720.0000000000
272 -1717.0000000000
275 -1716.0000000000
279 -1715.0000000000
285 -1714.0000000000
292 -1712.0000000000
301 -1705.0000000000
308 -1699.0000000000
323 -1698.0000000000
329 -1693.0000000000
341 -1692.0000000000
350 -1689.0000000000
362 -1688.0000000000
370 -1684.0000000000
374 -1681.0000000000
394 -1679.0000000000
411 -1677.0000000000
423 -1671.0000000000
463 -1668.0000000000
471 -1664.0000000000
488 -1661.0000000000
505 -1654.0000000000
542 -1653.0000000000
546 -1652.0000000000
548 -1650.0000000000
565 -1648.0000000000
575 -1644.0000000000
603 -1639.0000000000
650 -1637.0000000000
659 -1636.0000000000
667 -1635.0000000000
694 -1634.0000000000
697 -1633.0000000000
704 -1630.0000000000
729 -1629.0000000000
755 -1627.0000000000
781 -1626.0000000000
787 -1624.0000000000
818 -1623.0000000000
833 -1622.0000000000
842 -1621.0000000000
866 -1620.0000000000
872 -1619.0000000000
881 -1618.0000000000
903 -1615.0000000000
928 -1614.0000000000
962 -1612.0000000000
987 -1611.0000000000
1006 -1610.0000000000
1023 -1606.0000000000
1075 -1605.0000000000
1089 -1604.0000000000
1108 -1603.0000000000
1109 -1602.0000000000
1123 -1599.0000000000
1144 -1597.0000000000
1176 -1595.0000000000
1185 -1594.0000000000
1205 -1592.0000000000
1235 -1590.0000000000
1262 -1587.0000000000
1285 -1586.0000000000
1302 -1582.0000000000
1345 -1581.0000000000
1349 -1579.0000000000
1386 -1578.0000000000
1392 -1576.0000000000
1404 -1573.0000000000
1430 -1572.0000000000
1461 -1569.0000000000
1503 -1568.0000000000
1518 -1567.0000000000
1559 -1566.0000000000
1561 -1565.0000000000
1563 -1564.0000000000
1582 -1563.0000000000
1586 -1561.0000000000
1609 -1560.0000000000
1619 -1559.0000000000
1622 -1558.0000000000
1646 -1557.0000000000
1663 -1555.0000000000
1673 -1553.0000000000
1697 -1552.0000000000
1703 -1551.0000000000
1718 -1550.0000000000
1721 -1549.0000000000
1727 -1548.0000000000
1743 -1547.0000000000
1745 -1546.0000000000
1776 -1544.0000000000
1793 -1542.0000000000
1817 -1540.0000000000
1818 -1538.0000000000
1857 -1537.0000000000
1863 -1535.0000000000
1892 -1533.0000000000
1897 -1532.0000000000
1907 -1531.0000000000
1911 -1527.0000000000
1925 -1525.0000000000
1959 -1524.0000000000
1967 -1521.0000000000
1982 -1520.0000000000
1998 -1519.0000000000
2011 -1518.0000000000
2022 -1517.0000000000
2036 -1516.0000000000
2048 -1514.0000000000
2063 -1513.0000000000
2065 -1512.0000000000
2084 -1511.0000000000
2091 -1509.0000000000
2104 -1507.0000000000
2122 -1505.0000000000
2151 -1504.0000000000
2161 -1503.0000000000
2202 -1502.0000000000
2217 -1501.0000000000
2228 -1500.0000000000
2242 -1499.0000000000
2243 -1498.0000000000
2268 -1497.0000000000
2281 -1495.0000000000
2342 -1494.0000000000
2349 -1492.0000000000
2375 -1489.0000000000
2397 -1488.0000000000
2419 -1486.0000000000
2444 -1485.0000000000
2448 -1484.0000000000
2486 -1483.0000000000
2505 -1482.0000000000
2521 -1481.0000000000
2527 -1480.0000000000
2547 -1479.0000000000
2551 -1478.0000000000
2574 -1477.0000000000
2594 -1476.0000000000
2607 -1475.0000000000
2611 -1474.0000000000
2616 -1473.0000000000
2633 -1471.0000000000
2642 -1469.0000000000
2657 -1468.0000000000
2666 -1467.0000000000
2686 -1465.0000000000
2703 -1462.0000000000
2707 -1461.0000000000
2732 -1460.0000000000
2741 -1459.0000000000
2761 -1458.0000000000
2767 -1457.0000000000
2787 -1456.0000000000
2793 -1455.0000000000
2820 -1454.0000000000
2821 -1453.0000000000
2844 -1452.0000000000
2861 -1449.0000000000
2883 -1448.0000000000
2911 -1444.0000000000
2929 -1442.0000000000
2967 -1441.0000000000
2976 -1440.0000000000
2981 -1438.0000000000
3011 -1437.0000000000
3017 -1436.0000000000
3026 -1434.0000000000
3066 -1432.0000000000
3081 -1429.0000000000
3129 -1428.0000000000
3134 -1426.0000000000
3165 -1425.0000000000
3187 -1423.0000000000
3192 -1422.0000000000
3203 -1421.0000000000
3219 -1419.0000000000
3246 -1418.0000000000
3263 -1417.0000000000
3264 -1415.0000000000
3299 -1414.0000000000
3327 -1412.0000000000
3343 -1411.0000000000
3362 -1410.0000000000
3380 -1409.0000000000
3385 -1408.0000000000
3387 -1407.0000000000
3415 -1405.0000000000
3421 -1403.0000000000
3436 -1402.0000000000
3460 -1400.0000000000
3466 -1399.0000000000
3486 -1398.0000000000
3487 -1397.0000000000
3501 -1395.0000000000
3517 -1392.0000000000
3524 -1391.0000000000
3560 -1390.0000000000
3564 -1389.0000000000
3584 -1388.0000000000
3604 -1387.0000000000
3605 -1385.0000000000
3623 -1383.0000000000
3659 -1382.0000000000
3660 -1379.0000000000
3697 -1378.0000000000
3702 -1376.0000000000
3704 -1375.0000000000
3722 -1373.0000000000
3728 -1372.0000000000
3761 -1369.0000000000
3784 -1368.0000000000
3790 -1366.0000000000
3801 -1365.0000000000
3826 -1364.0000000000
3827 -1361.0000000000
3861 -1360.0000000000
3871 -1359.0000000000
3882 -1357.0000000000
3905 -1356.0000000000
3927 -1355.0000000000
3942 -1354.0000000000
3963 -1353.0000000000
3970 -1352.0000000000
3995 -1351.0000000000
4001 -1350.0000000000
4017 -1349.0000000000
4024 -1348.0000000000
4044 -1346.0000000000
4067 -1344.0000000000
4081 -1343.0000000000
4091 -1342.0000000000
4101 -1341.0000000000
4140 -1340.0000000000
4143 -1339.0000000000
4150 -1338.0000000000
4188 -1336.0000000000
4210 -1333.0000000000
4230 -1330.0000000000
4263 -1328.0000000000
4265 -1326.0000000000
4309 -1325.0000000000
4317 -1322.0000000000
4328 -1321.0000000000
4362 -1319.0000000000
4403 -1317.0000000000
4425 -1315.0000000000
4446 -1314.0000000000
4461 -1313.0000000000
4476 -1312.0000000000
4487 -1311.0000000000
4520 -1310.0000000000
4527 -1309.0000000000
4544 -1308.0000000000
4575 -1305.0000000000
4611 -1303.0000000000
4621 -1302.0000000000
4646 -1299.0000000000
4661 -1298.0000000000
4683 -1297.0000000000
4707 -1296.0000000000
4731 -1295.0000000000
4734 -1294.0000000000
4775 -1293.0000000000
4779 -1291.0000000000
4792 -1290.0000000000
4801 -1289.0000000000
4807 -1287.0000000000
4856 -1285.0000000000
4877 -1284.0000000000
4890 -1283.0000000000
4907 -1282.0000000000
4923 -1281.0000000000
4946 -1280.0000000000
4947 -1279.0000000000
4977 -1277.0000000000
4985 -1276.0000000000
4995 -1275.0000000000
5025 -1274.0000000000
5042 -1273.0000000000
5049 -1272.0000000000
5078 -1271.0000000000
5106 -1269.0000000000
5124 -1268.0000000000
5128 -1267.0000000000
5144 -1266.0000000000
5177 -1264.0000000000
5195 -1263.0000000000
5206 -1262.0000000000
5234 -1261.0000000000
5249 -1260.0000000000
5274 -1259.0000000000
5302 -1258.0000000000
5304 -1257.0000000000
5311 -1256.0000000000
5312 -1255.0000000000
5329 -1254.0000000000
5336 -1253.0000000000
5363 -1252.0000000000
5374 -1251.0000000000
5384 -1250.0000000000
5409 -1247.0000000000
5443 -1246.0000000000
5444 -1245.0000000000
5474 -1244.0000000000
5484 -1241.0000000000
5509 -1240.0000000000
5520 -1239.0000000000
5526 -1238.0000000000
5542 -1236.0000000000
5561 -1232.0000000000
5584 -1231.0000000000
5601 -1229.0000000000
5627 -1228.0000000000
5642 -1227.0000000000
5644 -1225.0000000000
5681 -1224.0000000000
5682 -1223.0000000000
5719 -1222.0000000000
5742 -1220.0000000000
5752 -1219.0000000000
5762 -1218.0000000000
5772 -1217.0000000000
5801 -1212.0000000000
5835 -1211.0000000000
5850 -1210.0000000000
5869 -1209.0000000000
5890 -1208.0000000000
5903 -1207.0000000000
5924 -1205.0000000000
5956 -1203.0000000000
5969 -1201.0000000000
6000 -1200.0000000000
6002 -1199.0000000000
6003 -1198.0000000000
6032 -1197.0000000000
6047 -1196.0000000000
6063 -1195.0000000000
6069 -1193.0000000000
6120 -1192.0000000000
6124 -1191.0000000000
6142 -1190.0000000000
6153 -1189.0000000000
6169 -1188.0000000000
6181 -1187.0000000000
6204 -1186.0000000000
6221 -1185.0000000000
6247 -1182.0000000000
6262 -1181.0000000000
6281 -1179.0000000000
6303 -1178.0000000000
6333 -1177.0000000000
6354 -1175.0000000000
6370 -1174.0000000000
6393 -1173.0000000000
6394 -1171.0000000000
6422 -1170.0000000000
6440 -1169.0000000000
6442 -1168.0000000000
6452 -1167.0000000000
6461 -1166.0000000000
6473 -1164.0000000000
6484 -1163.0000000000
6511 -1159.0000000000
6549 -1158.0000000000
6562 -1156.0000000000
6583 -1155.0000000000
6588 -1153.0000000000
6626 -1152.0000000000
6647 -1151.0000000000
6662 -1150.0000000000
6670 -1149.0000000000
6681 -1147.0000000000
6710 -1146.0000000000
6725 -1145.0000000000
6730 -1144.0000000000
6761 -1143.0000000000
6775 -1142.0000000000
6803 -1141.0000000000
6823 -1140.0000000000
6869 -1139.0000000000
6894 -1138.0000000000
6918 -1136.0000000000
6922 -1134.0000000000
6947 -1133.0000000000
6961 -1131.0000000000
6998 -1129.0000000000
7041 -1127.0000000000
7104 -1126.0000000000
7131 -1123.0000000000
7142 -1122.0000000000
7166 -1120.0000000000
7211 -1118.0000000000
7236 -1117.0000000000
7242 -1116.0000000000
7277 -1115.0000000000
7282 -1113.0000000000
7310 -1112.0000000000
7342 -1111.0000000000
7355 -1110.0000000000
7377 -1109.0000000000
7397 -1108.0000000000
7424 -1107.0000000000
7431 -1106.0000000000
7466 -1103.0000000000
7491 -1100.0000000000
7524 -1099.0000000000
7565 -1097.0000000000
7601 -1095.0000000000
7625 -1094.0000000000
7634 -1093.0000000000
7642 -1092.0000000000
7676 -1091.0000000000
7700 -1090.0000000000
7716 -1089.0000000000
7727 -1087.0000000000
7749 -1086.0000000000
7770 -1084.0000000000
7785 -1082.0000000000
7827 -1081.0000000000
7849 -1080.0000000000
7864 -1078.0000000000
7889 -1076.0000000000
7904 -1075.0000000000
7910 -1074.0000000000
7923 -1073.0000000000
7944 -1071.0000000000
7971 -1070.0000000000
7988 -1068.0000000000
8004 -1067.0000000000
8046 -1066.0000000000
8048 -1065.0000000000
8061 -1064.0000000000
8079 -1063.0000000000
8086 -1062.0000000000
8104 -1061.0000000000
8106 -1059.0000000000
8157 -1058.0000000000
8164 -1057.0000000000
8188 -1055.0000000000
8213 -1053.0000000000
8236 -1052.0000000000
8242 -1051.0000000000
8280 -1049.0000000000
8294 -1048.0000000000
8330 -1047.0000000000
8337 -1044.0000000000
8381 -1043.0000000000
8397 -1042.0000000000
8417 -1041.0000000000
8451 -1040.0000000000
8480 -1039.0000000000
8481 -1038.0000000000
8521 -1036.0000000000
8571 -1033.0000000000
8601 -1032.0000000000
8602 -1030.0000000000
8626 -1029.0000000000
8647 -1027.0000000000
8666 -1024.0000000000
8688 -1023.0000000000
8725 -1022.0000000000
8726 -1021.0000000000
8728 -1020.0000000000
8738 -1019.0000000000
8748 -1018.0000000000
8766 -1017.0000000000
8782 -1016.0000000000
8817 -1015.0000000000
8829 -1014.0000000000
8841 -1013.0000000000
8866 -1012.0000000000
8894 -1011.0000000000
8896 -1010.0000000000
8902 -1009.0000000000
8923 -1008.0000000000
8934 -1007.0000000000
8938 -1006.0000000000
8943 -1004.0000000000
8974 -1003.0000000000
8991 -1002.0000000000
9013 -1001.0000000000
9036 -999.0000000000
9043 -997.0000000000
9087 -996.0000000000
9088 -994.0000000000
9106 -992.0000000000
9123 -991.0000000000
9129 -990.0000000000
9141 -989.0000000000
9170 -988.0000000000
9197 -986.0000000000
9212 -985.0000000000
9242 -984.0000000000
9259 -982.0000000000
9271 -980.0000000000
9292 -979.0000000000
9309 -978.0000000000
9339 -977.0000000000
9344 -976.0000000000
9372 -974.0000000000
9392 -973.0000000000
9424 -971.0000000000
9477 -970.0000000000
9511 -969.0000000000
9517 -968.0000000000
9538 -966.0000000000
9562 -965.0000000000
9601 -964.0000000000
9625 -963.0000000000
9626 -961.0000000000
9657 -957.0000000000
9704 -956.0000000000
9715 -955.0000000000
9736 -953.0000000000
9758 -952.0000000000
9785 -950.0000000000
9791 -948.0000000000
9805 -946.0000000000
9841 -945.0000000000
9853 -943.0000000000
9861 -942.0000000000
9930 -941.0000000000
9937 -940.0000000000
9946 -938.0000000000
9979 -937.0000000000
9984 -936.0000000000
10008 -935.0000000000
10024 -934.0000000000
10027 -933.0000000000
10065 -932.0000000000
10078 -931.0000000000
10087 -930.0000000000
10122 -929.0000000000
10167 -928.0000000000
10185 -927.0000000000
10206 -925.0000000000
10237 -923.0000000000
10243 -922.0000000000
10284 -921.0000000000
10324 -920.0000000000
10348 -919.0000000000
10359 -918.0000000000
10367 -917.0000000000
10382 -916.0000000000
10421 -915.0000000000
10449 -914.0000000000
10495 -913.0000000000
10500 -912.0000000000
10501 -911.0000000000
10541 -910.0000000000
10552 -908.0000000000
10582 -905.0000000000
10638 -904.0000000000
10655 -903.0000000000
10660 -902.0000000000
10708 -899.0000000000
10732 -897.0000000000
10775 -896.0000000000
10785 -895.0000000000
10806 -894.0000000000
10825 -892.0000000000
10879 -891.0000000000
10929 -890.0000000000
10935 -888.0000000000
10938 -887.0000000000
10950 -886.0000000000
10983 -884.0000000000
11008 -883.0000000000
11012 -882.0000000000
11055 -881.0000000000
11069 -879.0000000000
11104 -877.0000000000
11128 -876.0000000000
11155 -874.0000000000
11186 -873.0000000000
11192 -870.0000000000
11245 -869.0000000000
11261 -868.0000000000
11310 -867.0000000000
11323 -866.0000000000
11335 -864.0000000000
11375 -863.0000000000
11378 -862.0000000000
11384 -861.0000000000
11423 -860.0000000000
11439 -859.0000000000
11450 -858.0000000000
11465 -857.0000000000
11474 -856.0000000000
11501 -855.0000000000
11528 -854.0000000000
11547 -852.0000000000
11562 -851.0000000000
11570 -849.0000000000
11599 -848.0000000000
11603 -847.0000000000
11644 -846.0000000000
11664 -845.0000000000
11710 -843.0000000000
11716 -842.0000000000
11736 -841.0000000000
11749 -836.0000000000
11770 -835.0000000000
11841 -834.0000000000
11843 -833.0000000000
11901 -831.0000000000
11911 -830.0000000000
11946 -829.0000000000
11981 -828.0000000000
12003 -827.0000000000
12006 -826.0000000000
12041 -825.0000000000
12070 -824.0000000000
12082 -823.0000000000
12101 -822.0000000000
12143 -820.0000000000
12159 -819.0000000000
12184 -818.0000000000
12202 -817.0000000000
12221 -816.0000000000
12240 -815.0000000000
12242 -814.0000000000
12268 -813.0000000000
12301 -812.0000000000
12305 -810.0000000000
12324 -809.0000000000
12357 -808.0000000000
12371 -804.0000000000
12381 -802.0000000000
12423 -801.0000000000
12486 -800.0000000000
12498 -799.0000000000
12520 -798.0000000000
12527 -797.0000000000
12544 -796.0000000000
12568 -795.0000000000
12593 -794.0000000000
12605 -792.0000000000
12645 -791.0000000000
12669 -789.0000000000
12685 -788.0000000000
12721 -787.0000000000
12730 -786.0000000000
12761 -785.0000000000
12781 -784.0000000000
12802 -783.0000000000
12822 -781.0000000000
12829 -780.0000000000
12857 -779.0000000000
12882 -777.0000000000
12921 -776.0000000000
12931 -775.0000000000
12945 -773.0000000000
12981 -771.0000000000
12998 -770.0000000000
13031 -769.0000000000
13046 -767.0000000000
13075 -766.0000000000
13093 -765.0000000000
13108 -764.0000000000
13111 -763.0000000000
13144 -761.0000000000
13171 -760.0000000000
13197 -759.0000000000
13211 -758.0000000000
13241 -757.0000000000
13268 -756.0000000000
13277 -755.0000000000
13288 -754.0000000000
13301 -753.0000000000
13310 -752.0000000000
13321 -751.0000000000
13336 -749.0000000000
13382 -748.0000000000
13415 -746.0000000000
13458 -745.0000000000
13463 -744.0000000000
13497 -743.0000000000
13510 -742.0000000000
13522 -741.0000000000
13523 -740.0000000000
13564 -739.0000000000
13567 -738.0000000000
13606 -737.0000000000
13625 -736.0000000000
13654 -735.0000000000
13660 -734.0000000000
13666 -732.0000000000
13686 -731.0000000000
13704 -730.0000000000
13723 -729.0000000000
13757 -724.0000000000
13817 -722.0000000000
13876 -720.0000000000
13925 -719.0000000000
13932 -718.0000000000
13966 -717.0000000000
13975 -716.0000000000
14022 -714.0000000000
14074 -713.0000000000
14114 -712.0000000000
14123 -711.0000000000
14157 -710.0000000000
14198 -707.0000000000
14218 -706.0000000000
14262 -705.0000000000
14292 -704.0000000000
14304 -703.0000000000
14312 -701.0000000000
14346 -700.0000000000
14361 -699.0000000000
14381 -698.0000000000
14409 -697.0000000000
14421 -694.0000000000
14452 -692.0000000000
14462 -690.0000000000
14491 -689.0000000000
14501 -688.0000000000
14510 -687.0000000000
14522 -686.0000000000
14547 -685.0000000000
14564 -684.0000000000
14589 -683.0000000000
14621 -682.0000000000
14641 -681.0000000000
14678 -680.0000000000
14688 -678.0000000000
14739 -677.0000000000
14777 -676.0000000000
14790 -674.0000000000
14817 -673.0000000000
14828 -672.0000000000
14863 -671.0000000000
14865 -670.0000000000
14908 -669.0000000000
14911 -667.0000000000
14956 -666.0000000000
14963 -665.0000000000
14987 -664.0000000000
15007 -663.0000000000
15052 -662.0000000000
15054 -661.0000000000
15071 -660.0000000000
15081 -659.0000000000
15114 -656.0000000000
15145 -655.0000000000
15168 -654.0000000000
15174 -653.0000000000
15207 -652.0000000000
15210 -651.0000000000
15225 -650.0000000000
15254 -649.0000000000
15262 -648.0000000000
15322 -647.0000000000
15331 -646.0000000000
15364 -645.0000000000
15368 -644.0000000000
15395 -643.0000000000
15427 -642.0000000000
15446 -641.0000000000
15482 -640.0000000000
15485 -639.0000000000
15527 -638.0000000000
15534 -637.0000000000
15568 -635.0000000000
15603 -634.0000000000
15610 -633.0000000000
15631 -632.0000000000
15681 -631.0000000000
15686 -629.0000000000
15732 -628.0000000000
15756 -627.0000000000
15773 -626.0000000000
15814 -625.0000000000
15836 -623.0000000000
15873 -622.0000000000
15887 -621.0000000000
15898 -619.0000000000
15911 -618.0000000000
15937 -617.0000000000
15969 -615.0000000000
16015 -614.0000000000
16029 -613.0000000000
16068 -612.0000000000
16069 -611.0000000000
16104 -609.0000000000
16143 -608.0000000000
16167 -607.0000000000
16182 -606.0000000000
16208 -605.0000000000
16212 -604.0000000000
16226 -603.0000000000
16241 -602.0000000000
16261 -601.0000000000
16281 -600.0000000000
16302 -599.0000000000
16326 -597.0000000000
16364 -596.0000000000
16384 -595.0000000000
16408 -594.0000000000
16421 -593.0000000000
16434 -592.0000000000
16445 -591.0000000000
16491 -590.0000000000
16504 -588.0000000000
16524 -585.0000000000
16541 -584.0000000000
16566 -583.0000000000
16575 -582.0000000000
16587 -580.0000000000
16621 -579.0000000000
16641 -578.0000000000
16665 -577.0000000000
16702 -576.0000000000
16731 -575.0000000000
16732 -574.0000000000
16760 -573.0000000000
16787 -572.0000000000
16796 -571.0000000000
16845 -570.0000000000
16858 -569.0000000000
16862 -568.0000000000
16880 -567.0000000000
16922 -566.0000000000
16925 -565.0000000000
16964 -563.0000000000
17006 -560.0000000000
17066 -559.0000000000
17069 -558.0000000000
17111 -555.0000000000
17143 -554.0000000000
17163 -553.0000000000
17185 -552.0000000000
17224 -550.0000000000
17272 -549.0000000000
17294 -548.0000000000
17302 -546.0000000000
17351 -544.0000000000
17378 -543.0000000000
17409 -542.0000000000
17433 -541.0000000000
17456 -540.0000000000
17467 -539.0000000000
17525 -538.0000000000
17543 -537.0000000000
17564 -536.0000000000
17569 -535.0000000000
17634 -534.0000000000
17670 -533.0000000000
17709 -532.0000000000
17722 -530.0000000000
17742 -529.0000000000
17788 -528.0000000000
17797 -527.0000000000
17822 -526.0000000000
17850 -525.0000000000
17887 -523.0000000000
17925 -522.0000000000
17955 -521.0000000000
18013 -520.0000000000
18053 -519.0000000000
18068 -518.0000000000
18096 -517.0000000000
18140 -516.0000000000
18159 -515.0000000000
18183 -514.0000000000
18194 -513.0000000000
18224 -511.0000000000
18248 -510.0000000000
18322 -509.0000000000
18344 -508.0000000000
18401 -507.0000000000
18407 -506.0000000000
18424 -504.0000000000
18488 -503.0000000000
18571 -502.0000000000
18614 -501.0000000000
18656 -500.0000000000
18702 -498.0000000000
18721 -497.0000000000
18762 -495.0000000000
18799 -494.0000000000
18826 -493.0000000000
18835 -492.0000000000
18873 -491.0000000000
18882 -487.0000000000
18926 -486.0000000000
18989 -485.0000000000
18992 -484.0000000000
19045 -483.0000000000
19050 -482.0000000000
19087 -481.0000000000
19090 -480.0000000000
19114 -479.0000000000
19116 -478.0000000000
19161 -476.0000000000
19207 -475.0000000000
19221 -474.0000000000
19261 -473.0000000000
19282 -471.0000000000
19339 -470.0000000000
19345 -469.0000000000
19349 -468.0000000000
19374 -467.0000000000
19406 -466.0000000000
19424 -465.0000000000
19469 -463.0000000000
19513 -462.0000000000
19522 -460.0000000000
19545 -459.0000000000
19570 -458.0000000000
19587 -457.0000000000
19635 -456.0000000000
19656 -455.0000000000
19669 -453.0000000000
19687 -452.0000000000
19718 -451.0000000000
19744 -449.0000000000
19765 -448.0000000000
19803 -446.0000000000
19823 -445.0000000000
19863 -444.0000000000
19875 -442.0000000000
19904 -441.0000000000
19925 -439.0000000000
19932 -438.0000000000
19966 -436.0000000000
19984 -435.0000000000
20001 -433.0000000000
20036 -432.0000000000
20056 -431.0000000000
20091 -429.0000000000
20120 -427.0000000000
20172 -426.0000000000
20187 -425.0000000000
20210 -424.0000000000
20252 -423.0000000000
20260 -422.0000000000
20261 -421.0000000000
20299 -420.0000000000
20319 -418.0000000000
20326 -417.0000000000
20388 -416.0000000000
20430 -415.0000000000
20441 -414.0000000000
20522 -413.0000000000
20551 -412.0000000000
20628 -411.0000000000
20631 -410.0000000000
20656 -409.0000000000
20690 -408.0000000000
20730 -407.0000000000
20792 -406.0000000000
20799 -405.0000000000
20822 -404.0000000000
20861 -403.0000000000
20890 -402.0000000000
20895 -401.0000000000
20948 -400.0000000000
20981 -399.0000000000
21008 -398.0000000000
21022 -396.0000000000
21067 -393.0000000000
21134 -389.0000000000
21197 -388.0000000000
21267 -386.0000000000
21313 -385.0000000000
21317 -384.0000000000
21339 -383.0000000000
21388 -380.0000000000
21458 -379.0000000000
21507 -378.0000000000
21545 -377.0000000000
21566 -376.0000000000
21617 -375.0000000000
21644 -374.0000000000
21664 -373.0000000000
21667 -372.0000000000
21701 -371.0000000000
21768 -370.0000000000
21802 -369.0000000000
21825 -368.0000000000
21855 -367.0000000000
21881 -366.0000000000
21925 -365.0000000000
21949 -363.0000000000
21965 -362.0000000000
22021 -361.0000000000
22053 -360.0000000000
22100 -359.0000000000
22110 -358.0000000000
22124 -357.0000000000
22182 -355.0000000000
22185 -354.0000000000
22220 -353.0000000000
22234 -351.0000000000
22261 -349.0000000000
22293 -347.0000000000
22323 -345.0000000000
22411 -344.0000000000
22426 -343.0000000000
22468 -342.0000000000
22509 -341.0000000000
22563 -340.0000000000
22608 -339.0000000000
22641 -338.0000000000
22703 -337.0000000000
22711 -336.0000000000
22721 -335.0000000000
22769 -332.0000000000
22802 -331.0000000000
22852 -329.0000000000
22904 -327.0000000000
22928 -326.0000000000
22946 -325.0000000000
22981 -324.0000000000
23004 -323.0000000000
23005 -322.0000000000
23041 -321.0000000000
23066 -320.0000000000
23106 -319.0000000000
23145 -318.0000000000
23202 -317.0000000000
23222 -316.0000000000
23261 -314.0000000000
23285 -313.0000000000
23324 -312.0000000000
23355 -311.0000000000
23389 -310.0000000000
23434 -309.0000000000
23482 -308.0000000000
23501 -307.0000000000
23527 -306.0000000000
23606 -305.0000000000
23622 -304.0000000000
23658 -303.0000000000
23692 -302.0000000000
23697 -301.0000000000
23715 -300.0000000000
23729 -299.0000000000
23751 -298.0000000000
23773 -297.0000000000
23831 -296.0000000000
23867 -295.0000000000
23916 -294.0000000000
23936 -293.0000000000
23954 -292.0000000000
23975 -291.0000000000
24008 -290.0000000000
24026 -289.0000000000
24069 -287.0000000000
24099 -285.0000000000
24124 -284.0000000000
24157 -282.0000000000
24199 -281.0000000000
24246 -280.0000000000
24284 -279.0000000000
24341 -278.0000000000
24372 -277.0000000000
24401 -276.0000000000
24421 -275.0000000000
24431 -274.0000000000
24471 -271.0000000000
24547 -270.0000000000
24570 -269.0000000000
24604 -268.0000000000
24662 -266.0000000000
24717 -265.0000000000
24793 -264.0000000000
24821 -263.0000000000
24889 -261.0000000000
24958 -260.0000000000
24968 -259.0000000000
24998 -258.0000000000
25003 -257.0000000000
25112 -256.0000000000
25160 -255.0000000000
25207 -254.0000000000
25243 -253.0000000000
25251 -252.0000000000
25288 -251.0000000000
25311 -250.0000000000
25353 -249.0000000000
25379 -248.0000000000
25382 -247.0000000000
25432 -245.0000000000
25487 -244.0000000000
25552 -243.0000000000
25615 -242.0000000000
25625 -241.0000000000
25663 -240.0000000000
25707 -239.0000000000
25708 -238.0000000000
25796 -237.0000000000
25797 -236.0000000000
25831 -234.0000000000
25880 -233.0000000000
25933 -232.0000000000
25990 -231.0000000000
26027 -230.0000000000
26065 -229.0000000000
26125 -225.0000000000
26204 -224.0000000000
26226 -223.0000000000
26271 -221.0000000000
26284 -220.0000000000
26385 -218.0000000000
26449 -217.0000000000
26544 -216.0000000000
26567 -215.0000000000
26625 -213.0000000000
26663 -212.0000000000
26715 -210.0000000000
26745 -209.0000000000
26837 -208.0000000000
26852 -207.0000000000
26923 -206.0000000000
26965 -205.0000000000
27009 -204.0000000000
27061 -203.0000000000
27118 -202.0000000000
27139 -201.0000000000
27141 -200.0000000000
27194 -199.0000000000
27226 -198.0000000000
27267 -197.0000000000
27319 -196.0000000000
27327 -195.0000000000
27362 -194.0000000000
27385 -193.0000000000
27421 -192.0000000000
27434 -191.0000000000
27501 -189.0000000000
27577 -188.0000000000
27582 -186.0000000000
27632 -185.0000000000
27665 -184.0000000000
27716 -183.0000000000
27751 -182.0000000000
27803 -181.0000000000
27826 -180.0000000000
27844 -179.0000000000
27865 -178.0000000000
27887 -177.0000000000
27941 -176.0000000000
27982 -175.0000000000
28103 -174.0000000000
28166 -173.0000000000
28220 -172.0000000000
28221 -171.0000000000
28245 -170.0000000000
28264 -169.0000000000
28291 -168.0000000000
28359 -167.0000000000
28367 -166.0000000000
28407 -165.0000000000
28470 -164.0000000000
28514 -163.0000000000
28564 -162.0000000000
28570 -161.0000000000
28604 -160.0000000000
28650 -159.0000000000
28656 -158.0000000000
28703 -157.0000000000
28739 -156.0000000000
28745 -155.0000000000
28777 -154.0000000000
28812 -153.0000000000
28827 -152.0000000000
28941 -150.0000000000
29007 -149.0000000000
29076 -148.0000000000
29108 -147.0000000000
29164 -146.0000000000
29193 -145.0000000000
29255 -144.0000000000
29286 -143.0000000000
29352 -142.0000000000
29362 -141.0000000000
29366 -140.0000000000
29403 -139.0000000000
29427 -138.0000000000
29465 -137.0000000000
29470 -136.0000000000
29536 -135.0000000000
29605 -134.0000000000
29655 -133.0000000000
29692 -131.0000000000
29775 -128.0000000000
29862 -127.0000000000
29929 -126.0000000000
29968 -125.0000000000
30017 -124.0000000000
30062 -123.0000000000
30124 -122.0000000000
30201 -121.0000000000
30312 -120.0000000000
30367 -119.0000000000
30386 -117.0000000000
30478 -115.0000000000
30527 -113.0000000000
30558 -112.0000000000
30667 -110.0000000000
30728 -109.0000000000
30783 -108.0000000000
30874 -107.0000000000
30957 -106.0000000000
31061 -105.0000000000
31084 -104.0000000000
31115 -103.0000000000
31181 -102.0000000000
31263 -101.0000000000
31338 -100.0000000000
31395 -99.0000000000
31521 -98.0000000000
31615 -97.0000000000
31669 -96.0000000000
31743 -95.0000000000
31810 -94.0000000000
31818 -93.0000000000
31866 -92.0000000000
31927 -91.0000000000
31970 -90.0000000000
31983 -89.0000000000
32027 -88.0000000000
32039 -86.0000000000
32078 -85.0000000000
32126 -84.0000000000
32211 -83.0000000000
32241 -82.0000000000
32302 -81.0000000000
32306 -80.0000000000
32428 -79.0000000000
32464 -78.0000000000
32503 -77.0000000000
32563 -76.0000000000
32647 -75.0000000000
32708 -73.0000000000
32812 -72.0000000000
32845 -71.0000000000
32924 -70.0000000000
32981 -69.0000000000
33012 -68.0000000000
33049 -67.0000000000
33074 -66.0000000000
33129 -65.0000000000
33239 -64.0000000000
33332 -63.0000000000
33387 -62.0000000000
33412 -61.0000000000
33454 -60.0000000000
33506 -59.0000000000
33549 -58.0000000000
33601 -57.0000000000
33717 -56.0000000000
33802 -55.0000000000
33993 -54.0000000000
34155 -53.0000000000
34252 -52.0000000000
34310 -51.0000000000
34325 -50.0000000000
34364 -49.0000000000
34457 -48.0000000000
34621 -47.0000000000
34662 -46.0000000000
34724 -45.0000000000
34746 -44.0000000000
34802 -43.0000000000
34864 -42.0000000000
34892 -41.0000000000
34949 -40.0000000000
35073 -39.0000000000
35094 -38.0000000000
35151 -37.0000000000
35302 -36.0000000000
35354 -35.0000000000
35397 -34.0000000000
35404 -33.0000000000
35465 -32.0000000000
35521 -31.0000000000
35609 -30.0000000000
35751 -29.0000000000
35855 -28.0000000000
35872 -27.0000000000
35942 -26.0000000000
36030 -25.0000000000
36083 -24.0000000000
36132 -22.0000000000
36241 -21.0000000000
36330 -20.0000000000
36416 -19.0000000000
36431 -18.0000000000
36527 -17.0000000000
36686 -16.0000000000
36808 -15.0000000000
36947 -14.0000000000
37024 -13.0000000000
37087 -12.0000000000
37118 -11.0000000000
37164 -10.0000000000
37310 -9.0000000000
37362 -8.0000000000
37494 -7.0000000000
37535 -6.0000000000
37596 -5.0000000000
37669 -4.0000000000
37703 -3.0000000000
37751 -2.0000000000
37788 -1.0000000000
37842 668.3200000000
37863 675.2100000000
37880 675.5400000000
37898 676.1300000000
37909 688.3000000000
37914 688.8700000000
38058 691.4500000000
38270 695.2700000000
40592 695.3800000000
40910 706.5500000000
50493 706.5600000000
52686 712.2400000000
54422 782.1700000000
54533 795.3100000000
54733 798.7200000000
54760 799.0800000000
55129 799.4800000000
55546 803.7900000000
57552 809.3400000000
57877 813.4000000000
66755 876.9700000000
66902 877.3100000000
66941 879.7800000000
66970 880.6200000000
66993 887.3300000000
67145 890.5100000000
68363 891.3000000000
70271 891.5400000000
70629 898.0400000000
74156 901.1800000000
82248 915.5700000000
82576 925.2400000000
82722 927.3100000000
84088 997.7900000000
84164 1018.1700000000
84188 1019.6500000000
84238 1020.5600000000
84354 1021.0300000000
84494 1021.4600000000
84539 1021.6800000000
84624 1025.8800000000
84692 1026.5600000000
86238 1031.5100000000
86483 1033.1400000000
86571 1044.1300000000
86715 1055.2200000000
87220 1058.7300000000
92763 1061.7000000000
93105 1064.9000000000
100000 -1.0000000000
