evaluations raw_y
1 -384.0000000000
4 -382.0000000000
5 -379.0000000000
90 -377.0000000000
305 -376.0000000000
319 -375.0000000000
531 -374.0000000000
1124 -373.0000000000
2694 -372.0000000000
4015 -371.0000000000
8184 -369.0000000000
8829 -368.0000000000
10000 -385.0000000000
evaluations raw_y
1 -351.0000000000
15 -349.0000000000
26 -348.0000000000
80 -347.0000000000
94 -346.0000000000
134 -345.0000000000
847 -344.0000000000
948 -343.0000000000
1019 -342.0000000000
1868 -341.0000000000
7588 -340.0000000000
10000 -354.0000000000
evaluations raw_y
1 -369.0000000000
3 -368.0000000000
5 -367.0000000000
6 -366.0000000000
9 -365.0000000000
84 -364.0000000000
112 -363.0000000000
255 -362.0000000000
319 -361.0000000000
603 -360.0000000000
1054 -359.0000000000
1176 -358.0000000000
1999 -357.0000000000
10000 -369.0000000000
evaluations raw_y
1 -340.0000000000
5 -339.0000000000
31 -338.0000000000
34 -337.0000000000
47 -336.0000000000
155 -335.0000000000
179 -334.0000000000
359 -333.0000000000
1849 -332.0000000000
4511 -330.0000000000
10000 -336.0000000000
evaluations raw_y
1 -380.0000000000
4 -379.0000000000
6 -378.0000000000
36 -376.0000000000
125 -375.0000000000
181 -374.0000000000
397 -373.0000000000
427 -372.0000000000
1331 -371.0000000000
1683 -370.0000000000
7093 -369.0000000000
10000 -377.0000000000
evaluations raw_y
1 -377.0000000000
2 -376.0000000000
6 -375.0000000000
8 -374.0000000000
34 -371.0000000000
169 -370.0000000000
180 -369.0000000000
392 -367.0000000000
1911 -366.0000000000
3651 -365.0000000000
4601 -364.0000000000
10000 -378.0000000000
evaluations raw_y
1 -370.0000000000
2 -368.0000000000
24 -367.0000000000
59 -366.0000000000
151 -364.0000000000
1063 -363.0000000000
1374 -361.0000000000
1701 -360.0000000000
7475 -359.0000000000
9996 -358.0000000000
10000 -368.0000000000
evaluations raw_y
1 -361.0000000000
2 -360.0000000000
3 -359.0000000000
5 -357.0000000000
31 -356.0000000000
48 -354.0000000000
139 -353.0000000000
289 -352.0000000000
496 -351.0000000000
673 -350.0000000000
5231 -349.0000000000
5525 -347.0000000000
10000 -352.0000000000
evaluations raw_y
1 -376.0000000000
5 -375.0000000000
27 -374.0000000000
54 -373.0000000000
223 -372.0000000000
648 -371.0000000000
1584 -370.0000000000
2419 -369.0000000000
10000 -377.0000000000
evaluations raw_y
1 -367.0000000000
2 -365.0000000000
4 -363.0000000000
9 -362.0000000000
34 -361.0000000000
281 -360.0000000000
597 -359.0000000000
1630 -358.0000000000
2549 -355.0000000000
6974 -354.0000000000
10000 -370.0000000000
evaluations raw_y
1 -355.0000000000
3 -352.0000000000
34 -351.0000000000
55 -350.0000000000
202 -349.0000000000
263 -348.0000000000
394 -347.0000000000
824 -345.0000000000
5961 -344.0000000000
10000 -353.0000000000
evaluations raw_y
1 -368.0000000000
4 -367.0000000000
20 -366.0000000000
104 -365.0000000000
139 -364.0000000000
540 -363.0000000000
675 -362.0000000000
1084 -361.0000000000
1709 -360.0000000000
8062 -358.0000000000
10000 -367.0000000000
evaluations raw_y
1 -368.0000000000
3 -366.0000000000
7 -365.0000000000
12 -364.0000000000
63 -363.0000000000
240 -362.0000000000
885 -361.0000000000
1530 -360.0000000000
3658 -359.0000000000
8480 -358.0000000000
10000 -371.0000000000
evaluations raw_y
1 -352.0000000000
11 -351.0000000000
34 -350.0000000000
233 -349.0000000000
610 -348.0000000000
1258 -347.0000000000
3036 -345.0000000000
6115 -344.0000000000
10000 -350.0000000000
evaluations raw_y
1 -390.0000000000
3 -389.0000000000
8 -388.0000000000
24 -387.0000000000
28 -385.0000000000
74 -384.0000000000
142 -383.0000000000
207 -382.0000000000
451 -381.0000000000
1503 -380.0000000000
3741 -379.0000000000
4357 -378.0000000000
7401 -377.0000000000
10000 -381.0000000000
evaluations raw_y
1 -388.0000000000
3 -386.0000000000
6 -385.0000000000
19 -384.0000000000
30 -383.0000000000
75 -382.0000000000
419 -380.0000000000
1136 -379.0000000000
1756 -378.0000000000
3166 -377.0000000000
4591 -376.0000000000
10000 -388.0000000000
evaluations raw_y
1 -370.0000000000
8 -369.0000000000
22 -367.0000000000
84 -366.0000000000
431 -365.0000000000
481 -364.0000000000
680 -363.0000000000
2090 -362.0000000000
5388 -361.0000000000
9445 -360.0000000000
10000 -371.0000000000
evaluations raw_y
1 -388.0000000000
2 -387.0000000000
8 -386.0000000000
27 -385.0000000000
53 -384.0000000000
88 -383.0000000000
292 -381.0000000000
517 -380.0000000000
621 -378.0000000000
1354 -377.0000000000
3551 -376.0000000000
5950 -374.0000000000
10000 -389.0000000000
evaluations raw_y
1 -365.0000000000
20 -364.0000000000
23 -362.0000000000
614 -361.0000000000
637 -360.0000000000
736 -359.0000000000
2724 -358.0000000000
10000 -367.0000000000
evaluations raw_y
1 -388.0000000000
2 -387.0000000000
3 -386.0000000000
5 -385.0000000000
49 -384.0000000000
149 -383.0000000000
333 -381.0000000000
499 -380.0000000000
531 -379.0000000000
645 -378.0000000000
997 -377.0000000000
2072 -375.0000000000
10000 -385.0000000000
evaluations raw_y
1 -367.0000000000
3 -366.0000000000
9 -365.0000000000
31 -364.0000000000
79 -363.0000000000
91 -362.0000000000
254 -360.0000000000
623 -359.0000000000
948 -357.0000000000
10000 -365.0000000000
evaluations raw_y
1 -384.0000000000
4 -383.0000000000
9 -382.0000000000
18 -381.0000000000
75 -379.0000000000
264 -378.0000000000
1087 -377.0000000000
1533 -376.0000000000
4277 -374.0000000000
6365 -372.0000000000
7880 -371.0000000000
10000 -384.0000000000
evaluations raw_y
1 -387.0000000000
8 -386.0000000000
13 -385.0000000000
69 -384.0000000000
122 -383.0000000000
567 -382.0000000000
1002 -381.0000000000
1466 -380.0000000000
8308 -379.0000000000
8393 -378.0000000000
10000 -390.0000000000
evaluations raw_y
1 -376.0000000000
3 -375.0000000000
21 -374.0000000000
75 -373.0000000000
98 -372.0000000000
292 -371.0000000000
425 -370.0000000000
1458 -368.0000000000
2434 -367.0000000000
3625 -366.0000000000
6636 -365.0000000000
10000 -373.0000000000
evaluations raw_y
1 -372.0000000000
14 -371.0000000000
18 -369.0000000000
80 -368.0000000000
351 -367.0000000000
773 -366.0000000000
1323 -364.0000000000
5994 -363.0000000000
10000 -372.0000000000
evaluations raw_y
1 -353.0000000000
5 -351.0000000000
8 -350.0000000000
20 -349.0000000000
129 -348.0000000000
147 -347.0000000000
507 -346.0000000000
1317 -345.0000000000
1586 -344.0000000000
4080 -343.0000000000
10000 -352.0000000000
evaluations raw_y
1 -357.0000000000
6 -356.0000000000
31 -355.0000000000
58 -354.0000000000
68 -353.0000000000
110 -352.0000000000
487 -350.0000000000
4809 -347.0000000000
10000 -358.0000000000
evaluations raw_y
1 -363.0000000000
10 -362.0000000000
20 -361.0000000000
66 -359.0000000000
395 -358.0000000000
416 -357.0000000000
654 -356.0000000000
2371 -355.0000000000
3499 -354.0000000000
6460 -353.0000000000
10000 -360.0000000000
evaluations raw_y
1 -362.0000000000
2 -361.0000000000
10 -360.0000000000
35 -359.0000000000
46 -358.0000000000
96 -357.0000000000
650 -355.0000000000
1497 -354.0000000000
8282 -353.0000000000
10000 -360.0000000000
evaluations raw_y
1 -365.0000000000
2 -364.0000000000
5 -363.0000000000
10 -362.0000000000
102 -361.0000000000
265 -360.0000000000
1003 -359.0000000000
2295 -358.0000000000
4906 -357.0000000000
7288 -355.0000000000
10000 -364.0000000000
