evaluations raw_y
1 -237.0000000000
2 -225.0000000000
3 -211.0000000000
9 -182.0000000000
52 -181.0000000000
60 -180.0000000000
73 -179.0000000000
83 -178.0000000000
95 -176.0000000000
103 -175.0000000000
114 -172.0000000000
143 -171.0000000000
144 -170.0000000000
154 -169.0000000000
156 -168.0000000000
171 -167.0000000000
188 -166.0000000000
196 -162.0000000000
223 -160.0000000000
233 -159.0000000000
246 -156.0000000000
263 -155.0000000000
271 -154.0000000000
290 -150.0000000000
313 -149.0000000000
318 -147.0000000000
326 -146.0000000000
346 -144.0000000000
356 -142.0000000000
374 -140.0000000000
386 -139.0000000000
405 -138.0000000000
435 -137.0000000000
460 -135.0000000000
483 -134.0000000000
485 -133.0000000000
495 -132.0000000000
507 -131.0000000000
509 -130.0000000000
513 -129.0000000000
520 -128.0000000000
537 -126.0000000000
551 -124.0000000000
561 -122.0000000000
582 -121.0000000000
590 -120.0000000000
609 -119.0000000000
615 -117.0000000000
621 -114.0000000000
633 -113.0000000000
651 -112.0000000000
662 -111.0000000000
666 -110.0000000000
671 -109.0000000000
677 -106.0000000000
686 -105.0000000000
697 -104.0000000000
711 -103.0000000000
723 -102.0000000000
729 -100.0000000000
753 -99.0000000000
768 -96.0000000000
800 -95.0000000000
822 -93.0000000000
861 -91.0000000000
886 -90.0000000000
927 -89.0000000000
938 -88.0000000000
966 -85.0000000000
973 -84.0000000000
995 -82.0000000000
1022 -81.0000000000
1045 -80.0000000000
1062 -79.0000000000
1076 -77.0000000000
1110 -76.0000000000
1117 -75.0000000000
1130 -74.0000000000
1135 -73.0000000000
1153 -71.0000000000
1181 -70.0000000000
1195 -69.0000000000
1207 -68.0000000000
1227 -66.0000000000
1232 -65.0000000000
1258 -64.0000000000
1276 -63.0000000000
1293 -62.0000000000
1312 -61.0000000000
1339 -60.0000000000
1358 -59.0000000000
1363 -58.0000000000
1365 -57.0000000000
1406 -56.0000000000
1418 -55.0000000000
1435 -54.0000000000
1440 -52.0000000000
1453 -51.0000000000
1535 -50.0000000000
1539 -49.0000000000
1551 -48.0000000000
1552 -46.0000000000
1562 -45.0000000000
1585 -44.0000000000
1608 -43.0000000000
1614 -42.0000000000
1636 -39.0000000000
1672 -38.0000000000
1694 -37.0000000000
1713 -36.0000000000
1721 -35.0000000000
1754 -34.0000000000
1818 -33.0000000000
1849 -32.0000000000
1854 -31.0000000000
1857 -30.0000000000
1882 -29.0000000000
1921 -28.0000000000
1926 -27.0000000000
1940 -26.0000000000
1961 -24.0000000000
2013 -21.0000000000
2095 -20.0000000000
2119 -18.0000000000
2152 -16.0000000000
2212 -15.0000000000
2250 -14.0000000000
2263 -13.0000000000
2339 -12.0000000000
2373 -11.0000000000
2398 -10.0000000000
2443 -9.0000000000
2463 -8.0000000000
2510 -7.0000000000
2605 -6.0000000000
2679 -5.0000000000
2701 -4.0000000000
2712 -3.0000000000
2761 -2.0000000000
2833 -1.0000000000
2877 371.0000000000
2889 383.0000000000
2893 388.0000000000
2897 392.0000000000
2917 397.0000000000
2952 402.0000000000
2982 405.0000000000
3058 407.0000000000
3099 410.0000000000
3164 416.0000000000
3450 418.0000000000
3615 419.0000000000
3939 421.0000000000
4142 427.0000000000
4522 429.0000000000
4877 431.0000000000
6090 432.0000000000
6976 433.0000000000
7453 435.0000000000
10248 436.0000000000
100000 -2.0000000000
evaluations raw_y
1 -216.0000000000
2 -196.0000000000
18 -195.0000000000
26 -190.0000000000
58 -182.0000000000
62 -181.0000000000
75 -180.0000000000
77 -178.0000000000
88 -177.0000000000
101 -174.0000000000
125 -173.0000000000
130 -170.0000000000
142 -168.0000000000
156 -166.0000000000
162 -164.0000000000
182 -163.0000000000
188 -161.0000000000
205 -157.0000000000
219 -156.0000000000
223 -155.0000000000
231 -154.0000000000
239 -153.0000000000
244 -152.0000000000
250 -151.0000000000
264 -150.0000000000
276 -149.0000000000
292 -148.0000000000
298 -147.0000000000
305 -146.0000000000
312 -145.0000000000
318 -144.0000000000
341 -143.0000000000
344 -141.0000000000
351 -140.0000000000
356 -138.0000000000
376 -137.0000000000
382 -136.0000000000
399 -135.0000000000
403 -134.0000000000
409 -133.0000000000
438 -131.0000000000
443 -127.0000000000
471 -126.0000000000
484 -125.0000000000
494 -123.0000000000
504 -122.0000000000
513 -120.0000000000
539 -118.0000000000
544 -117.0000000000
556 -115.0000000000
576 -114.0000000000
591 -113.0000000000
605 -112.0000000000
625 -109.0000000000
656 -108.0000000000
666 -107.0000000000
676 -106.0000000000
679 -105.0000000000
703 -104.0000000000
719 -103.0000000000
732 -102.0000000000
746 -101.0000000000
751 -100.0000000000
768 -99.0000000000
810 -98.0000000000
811 -96.0000000000
847 -95.0000000000
850 -94.0000000000
862 -92.0000000000
881 -91.0000000000
898 -90.0000000000
919 -89.0000000000
939 -88.0000000000
941 -87.0000000000
956 -85.0000000000
975 -83.0000000000
1013 -82.0000000000
1048 -81.0000000000
1062 -80.0000000000
1071 -79.0000000000
1082 -78.0000000000
1108 -77.0000000000
1117 -76.0000000000
1125 -75.0000000000
1157 -74.0000000000
1163 -73.0000000000
1193 -72.0000000000
1224 -71.0000000000
1254 -67.0000000000
1265 -65.0000000000
1295 -64.0000000000
1340 -62.0000000000
1344 -60.0000000000
1352 -59.0000000000
1383 -58.0000000000
1397 -57.0000000000
1409 -55.0000000000
1432 -53.0000000000
1448 -52.0000000000
1453 -50.0000000000
1487 -49.0000000000
1515 -48.0000000000
1537 -47.0000000000
1544 -46.0000000000
1553 -45.0000000000
1563 -43.0000000000
1583 -42.0000000000
1625 -41.0000000000
1660 -40.0000000000
1673 -39.0000000000
1676 -38.0000000000
1686 -37.0000000000
1698 -36.0000000000
1708 -35.0000000000
1773 -34.0000000000
1804 -32.0000000000
1813 -31.0000000000
1853 -30.0000000000
1869 -28.0000000000
1897 -27.0000000000
1940 -26.0000000000
1960 -25.0000000000
1982 -24.0000000000
2013 -22.0000000000
2045 -21.0000000000
2107 -20.0000000000
2114 -19.0000000000
2135 -18.0000000000
2155 -17.0000000000
2188 -16.0000000000
2265 -15.0000000000
2311 -14.0000000000
2362 -13.0000000000
2407 -12.0000000000
2438 -11.0000000000
2469 -8.0000000000
2554 -7.0000000000
2625 -6.0000000000
2679 -5.0000000000
2745 -4.0000000000
2832 -3.0000000000
2867 -2.0000000000
2983 -1.0000000000
3038 400.0000000000
3081 403.0000000000
3111 408.0000000000
3380 413.0000000000
3537 414.0000000000
4598 415.0000000000
4614 417.0000000000
5098 421.0000000000
5132 422.0000000000
5245 423.0000000000
6034 430.0000000000
6650 432.0000000000
6942 433.0000000000
7715 434.0000000000
18086 435.0000000000
100000 -2.0000000000
evaluations raw_y
1 -235.0000000000
2 -204.0000000000
6 -200.0000000000
21 -199.0000000000
24 -195.0000000000
35 -189.0000000000
53 -187.0000000000
62 -182.0000000000
70 -181.0000000000
77 -180.0000000000
87 -179.0000000000
89 -175.0000000000
102 -174.0000000000
107 -173.0000000000
113 -172.0000000000
115 -171.0000000000
122 -167.0000000000
142 -165.0000000000
170 -164.0000000000
172 -163.0000000000
178 -162.0000000000
194 -160.0000000000
209 -159.0000000000
211 -158.0000000000
212 -156.0000000000
222 -155.0000000000
234 -154.0000000000
246 -153.0000000000
258 -152.0000000000
265 -151.0000000000
281 -150.0000000000
288 -148.0000000000
292 -147.0000000000
312 -146.0000000000
322 -144.0000000000
332 -143.0000000000
337 -141.0000000000
353 -139.0000000000
365 -138.0000000000
382 -137.0000000000
385 -136.0000000000
394 -135.0000000000
406 -134.0000000000
417 -133.0000000000
419 -132.0000000000
427 -131.0000000000
442 -129.0000000000
453 -128.0000000000
458 -126.0000000000
467 -125.0000000000
472 -124.0000000000
480 -123.0000000000
494 -122.0000000000
509 -120.0000000000
525 -119.0000000000
539 -118.0000000000
551 -117.0000000000
570 -115.0000000000
584 -114.0000000000
602 -113.0000000000
608 -111.0000000000
612 -109.0000000000
638 -107.0000000000
658 -106.0000000000
666 -105.0000000000
682 -104.0000000000
696 -103.0000000000
729 -102.0000000000
743 -100.0000000000
764 -99.0000000000
765 -97.0000000000
777 -96.0000000000
778 -94.0000000000
806 -93.0000000000
827 -89.0000000000
843 -88.0000000000
874 -87.0000000000
881 -85.0000000000
904 -84.0000000000
925 -83.0000000000
942 -80.0000000000
987 -78.0000000000
995 -77.0000000000
1023 -76.0000000000
1033 -75.0000000000
1057 -72.0000000000
1085 -71.0000000000
1117 -69.0000000000
1125 -66.0000000000
1147 -65.0000000000
1168 -63.0000000000
1209 -62.0000000000
1215 -61.0000000000
1233 -59.0000000000
1251 -58.0000000000
1257 -55.0000000000
1270 -54.0000000000
1319 -53.0000000000
1328 -52.0000000000
1353 -51.0000000000
1368 -50.0000000000
1386 -49.0000000000
1392 -48.0000000000
1401 -46.0000000000
1433 -44.0000000000
1491 -42.0000000000
1541 -40.0000000000
1591 -39.0000000000
1633 -37.0000000000
1661 -36.0000000000
1685 -35.0000000000
1692 -34.0000000000
1711 -33.0000000000
1733 -32.0000000000
1741 -31.0000000000
1771 -30.0000000000
1783 -29.0000000000
1792 -28.0000000000
1811 -27.0000000000
1833 -26.0000000000
1841 -25.0000000000
1871 -24.0000000000
1940 -23.0000000000
1948 -22.0000000000
1957 -20.0000000000
1996 -19.0000000000
2044 -18.0000000000
2081 -17.0000000000
2117 -16.0000000000
2184 -15.0000000000
2212 -13.0000000000
2261 -12.0000000000
2269 -11.0000000000
2312 -10.0000000000
2360 -8.0000000000
2398 -7.0000000000
2452 -5.0000000000
2471 -4.0000000000
2518 -3.0000000000
2592 -2.0000000000
2699 -1.0000000000
2705 379.0000000000
2943 383.0000000000
2980 387.0000000000
2998 391.0000000000
3064 397.0000000000
3248 398.0000000000
3661 399.0000000000
4157 403.0000000000
4259 405.0000000000
4309 407.0000000000
4408 408.0000000000
4501 410.0000000000
4563 412.0000000000
4611 414.0000000000
4695 415.0000000000
4910 416.0000000000
5295 418.0000000000
5965 421.0000000000
6030 424.0000000000
6202 428.0000000000
7490 429.0000000000
7828 432.0000000000
7833 434.0000000000
9562 436.0000000000
11833 437.0000000000
12006 438.0000000000
13314 439.0000000000
14127 440.0000000000
16993 441.0000000000
100000 -1.0000000000
evaluations raw_y
1 -220.0000000000
4 -202.0000000000
5 -201.0000000000
8 -200.0000000000
13 -197.0000000000
24 -189.0000000000
40 -188.0000000000
53 -185.0000000000
71 -183.0000000000
90 -181.0000000000
97 -180.0000000000
102 -175.0000000000
120 -168.0000000000
137 -167.0000000000
146 -165.0000000000
159 -164.0000000000
168 -163.0000000000
181 -160.0000000000
187 -159.0000000000
195 -158.0000000000
203 -157.0000000000
210 -156.0000000000
215 -155.0000000000
219 -154.0000000000
227 -152.0000000000
246 -150.0000000000
262 -149.0000000000
282 -145.0000000000
308 -144.0000000000
312 -141.0000000000
345 -140.0000000000
349 -139.0000000000
353 -138.0000000000
368 -135.0000000000
375 -134.0000000000
381 -132.0000000000
404 -131.0000000000
407 -130.0000000000
427 -129.0000000000
445 -128.0000000000
448 -127.0000000000
451 -126.0000000000
470 -125.0000000000
472 -124.0000000000
483 -123.0000000000
503 -122.0000000000
508 -120.0000000000
514 -119.0000000000
533 -118.0000000000
552 -117.0000000000
559 -116.0000000000
562 -115.0000000000
575 -113.0000000000
594 -111.0000000000
620 -110.0000000000
629 -109.0000000000
639 -107.0000000000
651 -106.0000000000
695 -105.0000000000
696 -104.0000000000
701 -103.0000000000
713 -102.0000000000
724 -101.0000000000
725 -100.0000000000
744 -98.0000000000
761 -96.0000000000
775 -95.0000000000
792 -93.0000000000
809 -92.0000000000
830 -90.0000000000
832 -89.0000000000
869 -87.0000000000
873 -85.0000000000
887 -84.0000000000
920 -83.0000000000
924 -82.0000000000
925 -81.0000000000
955 -79.0000000000
993 -78.0000000000
1006 -77.0000000000
1011 -76.0000000000
1021 -75.0000000000
1033 -74.0000000000
1074 -73.0000000000
1081 -71.0000000000
1118 -70.0000000000
1139 -69.0000000000
1166 -68.0000000000
1182 -66.0000000000
1201 -65.0000000000
1219 -64.0000000000
1225 -63.0000000000
1256 -61.0000000000
1276 -60.0000000000
1295 -58.0000000000
1338 -56.0000000000
1343 -55.0000000000
1345 -53.0000000000
1403 -52.0000000000
1423 -51.0000000000
1450 -49.0000000000
1491 -48.0000000000
1492 -47.0000000000
1517 -46.0000000000
1550 -45.0000000000
1555 -41.0000000000
1581 -40.0000000000
1613 -39.0000000000
1639 -38.0000000000
1643 -37.0000000000
1670 -36.0000000000
1713 -35.0000000000
1722 -34.0000000000
1761 -33.0000000000
1769 -31.0000000000
1776 -29.0000000000
1806 -28.0000000000
1878 -27.0000000000
1913 -26.0000000000
1946 -25.0000000000
1953 -24.0000000000
1981 -23.0000000000
1996 -22.0000000000
2038 -21.0000000000
2056 -20.0000000000
2092 -19.0000000000
2148 -18.0000000000
2212 -17.0000000000
2235 -16.0000000000
2264 -15.0000000000
2271 -14.0000000000
2320 -13.0000000000
2396 -11.0000000000
2446 -10.0000000000
2502 -9.0000000000
2541 -8.0000000000
2602 -7.0000000000
2657 -5.0000000000
2677 -4.0000000000
2842 -3.0000000000
2887 -1.0000000000
2941 392.0000000000
2993 394.0000000000
3026 395.0000000000
3033 396.0000000000
3041 399.0000000000
3069 402.0000000000
3247 406.0000000000
3252 407.0000000000
3365 412.0000000000
3486 413.0000000000
3702 419.0000000000
4009 420.0000000000
4074 422.0000000000
4128 423.0000000000
4646 424.0000000000
5237 425.0000000000
5722 426.0000000000
5816 429.0000000000
7185 430.0000000000
9351 431.0000000000
10088 434.0000000000
11577 436.0000000000
12210 437.0000000000
13186 438.0000000000
24791 439.0000000000
27042 441.0000000000
100000 -1.0000000000
evaluations raw_y
1 -214.0000000000
3 -202.0000000000
9 -186.0000000000
17 -185.0000000000
22 -181.0000000000
27 -180.0000000000
47 -178.0000000000
60 -177.0000000000
68 -175.0000000000
70 -173.0000000000
84 -169.0000000000
92 -168.0000000000
100 -167.0000000000
101 -166.0000000000
112 -164.0000000000
136 -163.0000000000
142 -162.0000000000
146 -159.0000000000
162 -157.0000000000
172 -156.0000000000
183 -155.0000000000
193 -153.0000000000
204 -152.0000000000
217 -151.0000000000
229 -149.0000000000
259 -147.0000000000
265 -146.0000000000
277 -145.0000000000
297 -141.0000000000
301 -140.0000000000
306 -138.0000000000
328 -137.0000000000
332 -136.0000000000
349 -134.0000000000
360 -133.0000000000
361 -132.0000000000
381 -130.0000000000
394 -128.0000000000
402 -127.0000000000
415 -126.0000000000
422 -125.0000000000
435 -123.0000000000
452 -122.0000000000
463 -121.0000000000
469 -120.0000000000
474 -119.0000000000
483 -118.0000000000
517 -117.0000000000
525 -116.0000000000
530 -115.0000000000
534 -114.0000000000
538 -113.0000000000
557 -112.0000000000
571 -111.0000000000
573 -110.0000000000
585 -109.0000000000
599 -108.0000000000
603 -107.0000000000
621 -106.0000000000
652 -105.0000000000
655 -104.0000000000
663 -103.0000000000
683 -102.0000000000
702 -101.0000000000
704 -99.0000000000
726 -98.0000000000
744 -97.0000000000
747 -96.0000000000
763 -95.0000000000
781 -94.0000000000
785 -93.0000000000
795 -92.0000000000
806 -90.0000000000
825 -88.0000000000
841 -87.0000000000
862 -86.0000000000
863 -85.0000000000
875 -84.0000000000
911 -82.0000000000
932 -81.0000000000
944 -80.0000000000
957 -79.0000000000
964 -78.0000000000
989 -77.0000000000
994 -76.0000000000
1008 -74.0000000000
1016 -73.0000000000
1036 -72.0000000000
1040 -71.0000000000
1060 -70.0000000000
1088 -68.0000000000
1104 -67.0000000000
1134 -66.0000000000
1138 -65.0000000000
1162 -62.0000000000
1200 -61.0000000000
1204 -60.0000000000
1232 -57.0000000000
1297 -56.0000000000
1300 -55.0000000000
1325 -53.0000000000
1364 -51.0000000000
1428 -50.0000000000
1458 -49.0000000000
1490 -48.0000000000
1506 -47.0000000000
1520 -46.0000000000
1551 -45.0000000000
1558 -44.0000000000
1564 -43.0000000000
1586 -42.0000000000
1599 -41.0000000000
1631 -40.0000000000
1683 -38.0000000000
1732 -35.0000000000
1801 -34.0000000000
1831 -33.0000000000
1859 -32.0000000000
1863 -31.0000000000
1892 -30.0000000000
1926 -29.0000000000
1952 -28.0000000000
1964 -27.0000000000
1984 -26.0000000000
2007 -25.0000000000
2026 -24.0000000000
2034 -23.0000000000
2038 -22.0000000000
2051 -21.0000000000
2084 -20.0000000000
2119 -19.0000000000
2158 -18.0000000000
2229 -16.0000000000
2294 -15.0000000000
2334 -14.0000000000
2343 -13.0000000000
2455 -12.0000000000
2492 -10.0000000000
2528 -8.0000000000
2561 -7.0000000000
2608 -6.0000000000
2673 -5.0000000000
2677 -4.0000000000
2717 -3.0000000000
2718 -1.0000000000
2795 371.0000000000
2817 375.0000000000
2834 379.0000000000
2848 381.0000000000
2896 394.0000000000
2926 396.0000000000
2968 400.0000000000
2998 401.0000000000
3157 408.0000000000
3317 412.0000000000
3381 413.0000000000
3419 418.0000000000
4000 425.0000000000
4981 431.0000000000
5316 433.0000000000
8985 435.0000000000
9742 436.0000000000
17863 437.0000000000
18391 440.0000000000
100000 -1.0000000000
evaluations raw_y
1 -234.0000000000
2 -217.0000000000
3 -203.0000000000
23 -198.0000000000
36 -191.0000000000
59 -186.0000000000
69 -183.0000000000
72 -182.0000000000
76 -180.0000000000
81 -178.0000000000
93 -176.0000000000
106 -175.0000000000
114 -174.0000000000
117 -167.0000000000
131 -166.0000000000
144 -165.0000000000
151 -163.0000000000
164 -162.0000000000
169 -161.0000000000
175 -159.0000000000
186 -158.0000000000
203 -157.0000000000
208 -155.0000000000
216 -154.0000000000
218 -153.0000000000
221 -152.0000000000
237 -151.0000000000
248 -149.0000000000
261 -148.0000000000
262 -144.0000000000
296 -143.0000000000
297 -142.0000000000
317 -141.0000000000
331 -140.0000000000
342 -138.0000000000
365 -137.0000000000
366 -136.0000000000
377 -135.0000000000
383 -133.0000000000
405 -132.0000000000
426 -130.0000000000
435 -129.0000000000
447 -128.0000000000
464 -127.0000000000
487 -126.0000000000
497 -124.0000000000
513 -122.0000000000
534 -121.0000000000
535 -119.0000000000
558 -118.0000000000
572 -117.0000000000
583 -116.0000000000
616 -114.0000000000
634 -112.0000000000
649 -111.0000000000
687 -110.0000000000
693 -109.0000000000
712 -107.0000000000
733 -105.0000000000
742 -104.0000000000
748 -103.0000000000
764 -102.0000000000
796 -100.0000000000
812 -98.0000000000
831 -97.0000000000
862 -96.0000000000
879 -95.0000000000
900 -94.0000000000
910 -92.0000000000
954 -90.0000000000
964 -89.0000000000
986 -88.0000000000
1009 -87.0000000000
1039 -86.0000000000
1052 -85.0000000000
1081 -84.0000000000
1082 -82.0000000000
1099 -81.0000000000
1117 -80.0000000000
1143 -78.0000000000
1173 -77.0000000000
1202 -76.0000000000
1205 -74.0000000000
1221 -73.0000000000
1229 -72.0000000000
1231 -71.0000000000
1258 -70.0000000000
1295 -69.0000000000
1311 -67.0000000000
1354 -66.0000000000
1367 -64.0000000000
1385 -63.0000000000
1409 -62.0000000000
1418 -61.0000000000
1425 -60.0000000000
1438 -59.0000000000
1445 -58.0000000000
1453 -57.0000000000
1479 -56.0000000000
1510 -54.0000000000
1532 -52.0000000000
1545 -51.0000000000
1556 -50.0000000000
1578 -49.0000000000
1588 -48.0000000000
1636 -45.0000000000
1668 -43.0000000000
1702 -41.0000000000
1748 -40.0000000000
1763 -39.0000000000
1765 -38.0000000000
1797 -36.0000000000
1836 -35.0000000000
1872 -34.0000000000
1885 -33.0000000000
1932 -32.0000000000
1946 -30.0000000000
1987 -29.0000000000
2002 -26.0000000000
2029 -25.0000000000
2052 -24.0000000000
2084 -23.0000000000
2098 -22.0000000000
2121 -21.0000000000
2145 -20.0000000000
2172 -19.0000000000
2193 -18.0000000000
2213 -17.0000000000
2244 -16.0000000000
2251 -15.0000000000
2298 -14.0000000000
2353 -13.0000000000
2368 -12.0000000000
2374 -10.0000000000
2385 -9.0000000000
2428 -7.0000000000
2486 -6.0000000000
2519 -5.0000000000
2563 -4.0000000000
2615 -3.0000000000
2627 -2.0000000000
2631 -1.0000000000
2712 400.0000000000
2724 404.0000000000
2842 413.0000000000
2900 415.0000000000
2975 427.0000000000
3133 428.0000000000
3153 429.0000000000
3217 432.0000000000
5419 434.0000000000
13015 435.0000000000
15971 439.0000000000
100000 -1.0000000000
evaluations raw_y
1 -219.0000000000
2 -205.0000000000
4 -191.0000000000
23 -190.0000000000
36 -188.0000000000
40 -187.0000000000
42 -186.0000000000
44 -183.0000000000
52 -182.0000000000
63 -180.0000000000
68 -177.0000000000
83 -176.0000000000
84 -175.0000000000
92 -174.0000000000
102 -169.0000000000
117 -168.0000000000
121 -166.0000000000
141 -165.0000000000
154 -164.0000000000
158 -162.0000000000
163 -160.0000000000
188 -159.0000000000
193 -158.0000000000
194 -155.0000000000
209 -154.0000000000
211 -148.0000000000
233 -147.0000000000
238 -145.0000000000
245 -144.0000000000
256 -143.0000000000
259 -142.0000000000
263 -141.0000000000
274 -140.0000000000
284 -139.0000000000
295 -138.0000000000
302 -137.0000000000
307 -136.0000000000
313 -135.0000000000
323 -133.0000000000
342 -132.0000000000
358 -131.0000000000
373 -130.0000000000
380 -129.0000000000
386 -128.0000000000
402 -125.0000000000
411 -124.0000000000
423 -123.0000000000
438 -122.0000000000
454 -121.0000000000
462 -120.0000000000
472 -119.0000000000
481 -117.0000000000
494 -116.0000000000
499 -115.0000000000
512 -114.0000000000
522 -113.0000000000
535 -111.0000000000
560 -109.0000000000
563 -108.0000000000
571 -107.0000000000
582 -106.0000000000
593 -105.0000000000
614 -102.0000000000
618 -101.0000000000
626 -100.0000000000
643 -99.0000000000
671 -98.0000000000
680 -97.0000000000
686 -95.0000000000
726 -94.0000000000
732 -90.0000000000
743 -89.0000000000
752 -88.0000000000
762 -87.0000000000
792 -86.0000000000
823 -84.0000000000
842 -83.0000000000
868 -82.0000000000
873 -81.0000000000
909 -80.0000000000
918 -79.0000000000
919 -78.0000000000
934 -77.0000000000
952 -76.0000000000
969 -74.0000000000
972 -73.0000000000
1001 -72.0000000000
1009 -71.0000000000
1025 -68.0000000000
1086 -64.0000000000
1126 -63.0000000000
1154 -62.0000000000
1172 -60.0000000000
1216 -59.0000000000
1255 -58.0000000000
1270 -57.0000000000
1291 -55.0000000000
1316 -54.0000000000
1357 -52.0000000000
1380 -51.0000000000
1401 -50.0000000000
1418 -49.0000000000
1433 -48.0000000000
1464 -45.0000000000
1518 -42.0000000000
1555 -41.0000000000
1562 -40.0000000000
1583 -39.0000000000
1620 -38.0000000000
1631 -37.0000000000
1654 -35.0000000000
1671 -34.0000000000
1674 -33.0000000000
1708 -32.0000000000
1740 -31.0000000000
1748 -30.0000000000
1783 -29.0000000000
1797 -27.0000000000
1830 -25.0000000000
1831 -24.0000000000
1885 -23.0000000000
1935 -22.0000000000
1981 -21.0000000000
2015 -20.0000000000
2037 -19.0000000000
2104 -18.0000000000
2123 -17.0000000000
2136 -16.0000000000
2152 -15.0000000000
2166 -13.0000000000
2212 -12.0000000000
2228 -10.0000000000
2353 -9.0000000000
2366 -7.0000000000
2411 -6.0000000000
2502 -5.0000000000
2513 -4.0000000000
2576 -3.0000000000
2602 -2.0000000000
2656 -1.0000000000
2684 385.0000000000
2951 391.0000000000
2968 395.0000000000
3028 402.0000000000
3080 406.0000000000
3205 408.0000000000
3248 411.0000000000
3577 412.0000000000
3991 417.0000000000
4137 418.0000000000
4239 420.0000000000
4257 421.0000000000
4460 422.0000000000
4621 423.0000000000
4643 424.0000000000
5079 425.0000000000
5185 426.0000000000
5495 428.0000000000
5531 431.0000000000
6441 432.0000000000
8678 433.0000000000
8745 435.0000000000
8856 436.0000000000
9564 438.0000000000
11779 440.0000000000
12446 441.0000000000
100000 437.0000000000
evaluations raw_y
1 -222.0000000000
2 -198.0000000000
12 -193.0000000000
14 -189.0000000000
27 -186.0000000000
39 -179.0000000000
48 -175.0000000000
68 -174.0000000000
73 -171.0000000000
81 -169.0000000000
84 -167.0000000000
92 -166.0000000000
105 -164.0000000000
111 -163.0000000000
115 -162.0000000000
121 -161.0000000000
135 -160.0000000000
144 -158.0000000000
160 -156.0000000000
164 -155.0000000000
197 -154.0000000000
212 -152.0000000000
228 -151.0000000000
240 -150.0000000000
258 -148.0000000000
266 -147.0000000000
274 -146.0000000000
283 -144.0000000000
307 -142.0000000000
330 -141.0000000000
336 -140.0000000000
342 -139.0000000000
351 -137.0000000000
370 -134.0000000000
384 -133.0000000000
397 -132.0000000000
412 -131.0000000000
418 -128.0000000000
435 -125.0000000000
461 -124.0000000000
472 -123.0000000000
487 -122.0000000000
502 -120.0000000000
511 -119.0000000000
540 -118.0000000000
551 -117.0000000000
561 -114.0000000000
575 -113.0000000000
584 -112.0000000000
614 -110.0000000000
618 -109.0000000000
631 -108.0000000000
637 -107.0000000000
642 -106.0000000000
665 -103.0000000000
707 -102.0000000000
709 -101.0000000000
731 -100.0000000000
747 -99.0000000000
771 -98.0000000000
778 -97.0000000000
785 -96.0000000000
795 -95.0000000000
804 -94.0000000000
811 -92.0000000000
821 -90.0000000000
850 -89.0000000000
851 -88.0000000000
865 -87.0000000000
881 -86.0000000000
889 -85.0000000000
919 -84.0000000000
934 -83.0000000000
942 -81.0000000000
951 -77.0000000000
987 -75.0000000000
1001 -74.0000000000
1037 -73.0000000000
1077 -71.0000000000
1100 -70.0000000000
1107 -69.0000000000
1112 -66.0000000000
1159 -65.0000000000
1161 -64.0000000000
1168 -63.0000000000
1186 -62.0000000000
1210 -61.0000000000
1223 -60.0000000000
1244 -59.0000000000
1254 -58.0000000000
1315 -56.0000000000
1367 -55.0000000000
1369 -54.0000000000
1392 -53.0000000000
1409 -52.0000000000
1418 -50.0000000000
1460 -49.0000000000
1476 -48.0000000000
1503 -45.0000000000
1571 -44.0000000000
1575 -42.0000000000
1605 -41.0000000000
1628 -40.0000000000
1637 -38.0000000000
1685 -37.0000000000
1695 -36.0000000000
1717 -35.0000000000
1722 -33.0000000000
1776 -32.0000000000
1792 -31.0000000000
1833 -28.0000000000
1881 -27.0000000000
1905 -26.0000000000
1909 -25.0000000000
1994 -24.0000000000
2061 -23.0000000000
2105 -19.0000000000
2201 -18.0000000000
2234 -17.0000000000
2253 -16.0000000000
2305 -14.0000000000
2316 -13.0000000000
2340 -12.0000000000
2357 -11.0000000000
2379 -9.0000000000
2474 -8.0000000000
2479 -7.0000000000
2482 -6.0000000000
2605 -5.0000000000
2716 -3.0000000000
2836 -2.0000000000
2979 -1.0000000000
2982 386.0000000000
3026 389.0000000000
3032 399.0000000000
3125 401.0000000000
3390 404.0000000000
3407 408.0000000000
3605 410.0000000000
3767 415.0000000000
3829 418.0000000000
3931 423.0000000000
4033 426.0000000000
4058 427.0000000000
8032 428.0000000000
8312 429.0000000000
8490 431.0000000000
10308 433.0000000000
10447 434.0000000000
11587 435.0000000000
11611 436.0000000000
11704 438.0000000000
12015 440.0000000000
100000 -1.0000000000
evaluations raw_y
1 -214.0000000000
2 -200.0000000000
15 -199.0000000000
32 -197.0000000000
44 -192.0000000000
49 -191.0000000000
58 -190.0000000000
67 -187.0000000000
71 -183.0000000000
88 -182.0000000000
91 -181.0000000000
98 -179.0000000000
115 -173.0000000000
128 -172.0000000000
137 -171.0000000000
147 -170.0000000000
155 -169.0000000000
162 -168.0000000000
168 -165.0000000000
190 -163.0000000000
197 -162.0000000000
202 -161.0000000000
219 -160.0000000000
233 -159.0000000000
245 -157.0000000000
252 -154.0000000000
269 -153.0000000000
280 -152.0000000000
295 -150.0000000000
302 -148.0000000000
328 -147.0000000000
346 -146.0000000000
351 -145.0000000000
353 -144.0000000000
365 -142.0000000000
394 -141.0000000000
407 -137.0000000000
424 -136.0000000000
441 -135.0000000000
451 -134.0000000000
473 -133.0000000000
496 -132.0000000000
505 -131.0000000000
525 -130.0000000000
548 -129.0000000000
550 -128.0000000000
567 -127.0000000000
570 -126.0000000000
575 -125.0000000000
578 -123.0000000000
585 -122.0000000000
612 -120.0000000000
621 -119.0000000000
638 -118.0000000000
646 -117.0000000000
671 -116.0000000000
678 -114.0000000000
686 -113.0000000000
704 -112.0000000000
728 -108.0000000000
750 -107.0000000000
755 -105.0000000000
775 -104.0000000000
789 -103.0000000000
824 -102.0000000000
845 -101.0000000000
862 -99.0000000000
888 -98.0000000000
895 -97.0000000000
901 -96.0000000000
911 -95.0000000000
932 -92.0000000000
973 -90.0000000000
1000 -89.0000000000
1012 -88.0000000000
1019 -87.0000000000
1037 -85.0000000000
1060 -83.0000000000
1061 -82.0000000000
1087 -81.0000000000
1103 -80.0000000000
1142 -79.0000000000
1163 -78.0000000000
1195 -77.0000000000
1203 -75.0000000000
1214 -74.0000000000
1243 -73.0000000000
1250 -71.0000000000
1278 -69.0000000000
1285 -68.0000000000
1300 -67.0000000000
1304 -65.0000000000
1317 -64.0000000000
1338 -62.0000000000
1354 -61.0000000000
1368 -60.0000000000
1381 -59.0000000000
1423 -58.0000000000
1439 -57.0000000000
1458 -56.0000000000
1476 -55.0000000000
1520 -54.0000000000
1525 -53.0000000000
1559 -52.0000000000
1576 -51.0000000000
1586 -49.0000000000
1632 -48.0000000000
1647 -47.0000000000
1682 -46.0000000000
1702 -45.0000000000
1748 -44.0000000000
1780 -43.0000000000
1786 -42.0000000000
1827 -41.0000000000
1839 -40.0000000000
1895 -37.0000000000
1910 -35.0000000000
1928 -34.0000000000
1929 -33.0000000000
1943 -32.0000000000
1958 -31.0000000000
1981 -29.0000000000
2029 -28.0000000000
2053 -27.0000000000
2101 -25.0000000000
2131 -24.0000000000
2174 -23.0000000000
2218 -21.0000000000
2225 -20.0000000000
2258 -19.0000000000
2282 -17.0000000000
2335 -16.0000000000
2338 -15.0000000000
2417 -14.0000000000
2429 -13.0000000000
2481 -12.0000000000
2533 -11.0000000000
2571 -10.0000000000
2582 -9.0000000000
2616 -8.0000000000
2658 -7.0000000000
2755 -6.0000000000
2820 -5.0000000000
2884 -3.0000000000
2918 -2.0000000000
2998 378.0000000000
3002 389.0000000000
3096 393.0000000000
3106 396.0000000000
3122 398.0000000000
3155 402.0000000000
3202 405.0000000000
3203 406.0000000000
3222 408.0000000000
3569 409.0000000000
3715 410.0000000000
3716 418.0000000000
4265 422.0000000000
4350 423.0000000000
4359 424.0000000000
4938 426.0000000000
4940 433.0000000000
5475 434.0000000000
7741 435.0000000000
10972 436.0000000000
20198 437.0000000000
20545 438.0000000000
100000 -2.0000000000
evaluations raw_y
1 -204.0000000000
11 -199.0000000000
21 -197.0000000000
32 -191.0000000000
44 -188.0000000000
51 -187.0000000000
57 -186.0000000000
61 -183.0000000000
64 -176.0000000000
78 -175.0000000000
80 -173.0000000000
84 -172.0000000000
93 -170.0000000000
95 -169.0000000000
102 -166.0000000000
111 -163.0000000000
132 -162.0000000000
135 -159.0000000000
141 -157.0000000000
152 -152.0000000000
165 -151.0000000000
166 -150.0000000000
189 -148.0000000000
222 -146.0000000000
233 -145.0000000000
242 -144.0000000000
246 -143.0000000000
266 -140.0000000000
276 -139.0000000000
289 -138.0000000000
297 -137.0000000000
303 -135.0000000000
325 -134.0000000000
342 -133.0000000000
357 -129.0000000000
373 -126.0000000000
384 -125.0000000000
404 -123.0000000000
416 -121.0000000000
446 -120.0000000000
451 -119.0000000000
463 -116.0000000000
494 -115.0000000000
516 -112.0000000000
576 -111.0000000000
587 -110.0000000000
603 -106.0000000000
623 -105.0000000000
633 -104.0000000000
654 -102.0000000000
669 -101.0000000000
677 -100.0000000000
693 -99.0000000000
716 -98.0000000000
727 -97.0000000000
742 -96.0000000000
761 -95.0000000000
781 -94.0000000000
806 -92.0000000000
838 -91.0000000000
842 -90.0000000000
867 -89.0000000000
871 -88.0000000000
882 -85.0000000000
900 -81.0000000000
931 -78.0000000000
951 -76.0000000000
999 -75.0000000000
1003 -72.0000000000
1033 -71.0000000000
1040 -69.0000000000
1042 -67.0000000000
1064 -66.0000000000
1083 -65.0000000000
1108 -64.0000000000
1116 -61.0000000000
1141 -59.0000000000
1167 -58.0000000000
1193 -57.0000000000
1203 -56.0000000000
1216 -55.0000000000
1221 -53.0000000000
1251 -52.0000000000
1265 -51.0000000000
1290 -50.0000000000
1301 -49.0000000000
1322 -48.0000000000
1323 -47.0000000000
1351 -46.0000000000
1367 -45.0000000000
1371 -44.0000000000
1397 -42.0000000000
1448 -41.0000000000
1459 -40.0000000000
1479 -39.0000000000
1487 -38.0000000000
1544 -37.0000000000
1562 -36.0000000000
1563 -35.0000000000
1625 -33.0000000000
1640 -32.0000000000
1655 -31.0000000000
1689 -30.0000000000
1750 -29.0000000000
1762 -28.0000000000
1795 -27.0000000000
1804 -23.0000000000
1878 -22.0000000000
1918 -21.0000000000
1923 -19.0000000000
1955 -18.0000000000
2005 -15.0000000000
2076 -14.0000000000
2094 -13.0000000000
2119 -12.0000000000
2187 -10.0000000000
2235 -9.0000000000
2246 -8.0000000000
2311 -6.0000000000
2414 -4.0000000000
2451 -3.0000000000
2529 -2.0000000000
2656 -1.0000000000
2804 383.0000000000
2906 385.0000000000
2920 392.0000000000
2926 403.0000000000
2992 408.0000000000
3180 411.0000000000
3214 413.0000000000
3215 414.0000000000
3543 416.0000000000
3962 420.0000000000
4032 421.0000000000
4233 423.0000000000
4332 425.0000000000
6204 427.0000000000
6591 428.0000000000
7837 430.0000000000
9060 431.0000000000
9211 433.0000000000
9939 435.0000000000
10414 436.0000000000
25989 438.0000000000
100000 -1.0000000000
evaluations raw_y
1 -217.0000000000
2 -186.0000000000
20 -185.0000000000
30 -183.0000000000
46 -181.0000000000
56 -180.0000000000
80 -179.0000000000
83 -176.0000000000
103 -172.0000000000
122 -171.0000000000
128 -170.0000000000
131 -168.0000000000
159 -166.0000000000
163 -164.0000000000
174 -161.0000000000
191 -159.0000000000
201 -158.0000000000
216 -156.0000000000
227 -155.0000000000
246 -154.0000000000
256 -153.0000000000
270 -152.0000000000
287 -151.0000000000
308 -150.0000000000
321 -149.0000000000
336 -148.0000000000
346 -145.0000000000
367 -144.0000000000
382 -142.0000000000
384 -140.0000000000
397 -139.0000000000
413 -138.0000000000
422 -137.0000000000
423 -136.0000000000
454 -135.0000000000
473 -134.0000000000
482 -131.0000000000
497 -130.0000000000
501 -129.0000000000
513 -128.0000000000
520 -126.0000000000
522 -124.0000000000
551 -123.0000000000
562 -122.0000000000
566 -121.0000000000
573 -120.0000000000
593 -119.0000000000
606 -118.0000000000
620 -116.0000000000
639 -115.0000000000
641 -114.0000000000
651 -113.0000000000
662 -108.0000000000
688 -107.0000000000
720 -106.0000000000
734 -105.0000000000
736 -103.0000000000
755 -102.0000000000
794 -98.0000000000
832 -97.0000000000
852 -96.0000000000
864 -94.0000000000
891 -92.0000000000
935 -91.0000000000
943 -90.0000000000
966 -87.0000000000
992 -84.0000000000
1009 -83.0000000000
1027 -82.0000000000
1032 -81.0000000000
1042 -80.0000000000
1055 -79.0000000000
1065 -78.0000000000
1073 -77.0000000000
1077 -76.0000000000
1091 -75.0000000000
1112 -72.0000000000
1160 -71.0000000000
1166 -70.0000000000
1189 -69.0000000000
1197 -68.0000000000
1227 -67.0000000000
1233 -66.0000000000
1255 -64.0000000000
1272 -63.0000000000
1284 -62.0000000000
1320 -60.0000000000
1337 -59.0000000000
1355 -56.0000000000
1368 -55.0000000000
1380 -54.0000000000
1390 -53.0000000000
1411 -52.0000000000
1421 -51.0000000000
1428 -50.0000000000
1461 -49.0000000000
1485 -48.0000000000
1530 -47.0000000000
1541 -46.0000000000
1579 -45.0000000000
1587 -44.0000000000
1605 -43.0000000000
1643 -42.0000000000
1654 -41.0000000000
1689 -38.0000000000
1719 -37.0000000000
1733 -36.0000000000
1755 -34.0000000000
1767 -33.0000000000
1796 -32.0000000000
1823 -31.0000000000
1838 -30.0000000000
1897 -28.0000000000
1939 -27.0000000000
1968 -26.0000000000
1998 -25.0000000000
2009 -24.0000000000
2088 -23.0000000000
2128 -22.0000000000
2167 -21.0000000000
2175 -20.0000000000
2182 -19.0000000000
2242 -17.0000000000
2292 -16.0000000000
2321 -15.0000000000
2354 -14.0000000000
2373 -13.0000000000
2401 -12.0000000000
2473 -11.0000000000
2503 -10.0000000000
2543 -9.0000000000
2603 -8.0000000000
2636 -7.0000000000
2651 -6.0000000000
2707 -5.0000000000
2756 -4.0000000000
2872 -3.0000000000
2958 -2.0000000000
3008 -1.0000000000
3040 362.0000000000
3044 372.0000000000
3056 378.0000000000
3068 388.0000000000
3118 390.0000000000
3210 395.0000000000
3300 401.0000000000
3332 402.0000000000
3354 408.0000000000
3428 416.0000000000
4004 417.0000000000
4112 418.0000000000
4332 420.0000000000
4423 421.0000000000
4448 423.0000000000
4571 429.0000000000
7442 431.0000000000
11656 432.0000000000
19032 433.0000000000
55691 434.0000000000
62827 435.0000000000
68713 437.0000000000
100000 -3.0000000000
evaluations raw_y
1 -225.0000000000
2 -218.0000000000
3 -197.0000000000
14 -195.0000000000
17 -186.0000000000
36 -185.0000000000
41 -184.0000000000
44 -181.0000000000
55 -180.0000000000
67 -179.0000000000
73 -178.0000000000
81 -175.0000000000
91 -172.0000000000
102 -169.0000000000
118 -168.0000000000
132 -167.0000000000
137 -165.0000000000
145 -163.0000000000
154 -162.0000000000
161 -160.0000000000
174 -159.0000000000
188 -158.0000000000
190 -157.0000000000
201 -156.0000000000
220 -153.0000000000
256 -152.0000000000
257 -151.0000000000
266 -150.0000000000
272 -149.0000000000
276 -148.0000000000
282 -146.0000000000
304 -144.0000000000
321 -143.0000000000
324 -142.0000000000
336 -141.0000000000
350 -140.0000000000
353 -139.0000000000
371 -138.0000000000
389 -137.0000000000
396 -136.0000000000
423 -135.0000000000
431 -134.0000000000
444 -133.0000000000
452 -132.0000000000
464 -129.0000000000
486 -126.0000000000
494 -125.0000000000
502 -124.0000000000
531 -123.0000000000
542 -121.0000000000
552 -119.0000000000
590 -118.0000000000
597 -117.0000000000
603 -115.0000000000
611 -114.0000000000
625 -113.0000000000
653 -111.0000000000
673 -110.0000000000
680 -109.0000000000
712 -107.0000000000
743 -106.0000000000
748 -105.0000000000
752 -104.0000000000
765 -103.0000000000
770 -101.0000000000
782 -100.0000000000
783 -99.0000000000
811 -98.0000000000
826 -97.0000000000
831 -96.0000000000
851 -95.0000000000
869 -94.0000000000
882 -93.0000000000
899 -91.0000000000
932 -89.0000000000
955 -87.0000000000
963 -85.0000000000
999 -83.0000000000
1009 -82.0000000000
1013 -80.0000000000
1035 -79.0000000000
1054 -78.0000000000
1079 -77.0000000000
1109 -76.0000000000
1110 -75.0000000000
1142 -74.0000000000
1151 -73.0000000000
1169 -72.0000000000
1171 -71.0000000000
1203 -67.0000000000
1213 -66.0000000000
1221 -65.0000000000
1276 -63.0000000000
1312 -62.0000000000
1324 -61.0000000000
1351 -60.0000000000
1358 -59.0000000000
1398 -58.0000000000
1420 -56.0000000000
1431 -53.0000000000
1445 -52.0000000000
1473 -51.0000000000
1476 -50.0000000000
1502 -49.0000000000
1509 -48.0000000000
1545 -47.0000000000
1562 -46.0000000000
1594 -42.0000000000
1701 -41.0000000000
1738 -39.0000000000
1766 -38.0000000000
1772 -36.0000000000
1839 -35.0000000000
1850 -34.0000000000
1871 -33.0000000000
1884 -32.0000000000
1943 -31.0000000000
1997 -30.0000000000
2014 -28.0000000000
2070 -27.0000000000
2104 -26.0000000000
2144 -23.0000000000
2171 -22.0000000000
2181 -21.0000000000
2247 -20.0000000000
2265 -19.0000000000
2272 -18.0000000000
2283 -17.0000000000
2354 -16.0000000000
2407 -15.0000000000
2414 -14.0000000000
2505 -12.0000000000
2515 -11.0000000000
2651 -10.0000000000
2723 -9.0000000000
2828 -8.0000000000
2882 -6.0000000000
2982 -4.0000000000
3052 -3.0000000000
3098 -2.0000000000
3128 -1.0000000000
3165 382.0000000000
3175 389.0000000000
3207 391.0000000000
3285 393.0000000000
3402 398.0000000000
3425 399.0000000000
3574 409.0000000000
3677 411.0000000000
3719 421.0000000000
3863 422.0000000000
4024 423.0000000000
4407 424.0000000000
4417 425.0000000000
4618 427.0000000000
5024 429.0000000000
8191 430.0000000000
9794 431.0000000000
10280 432.0000000000
10603 435.0000000000
20712 436.0000000000
23659 437.0000000000
24597 438.0000000000
42536 439.0000000000
47285 441.0000000000
100000 -2.0000000000
evaluations raw_y
1 -223.0000000000
2 -190.0000000000
24 -189.0000000000
25 -177.0000000000
50 -176.0000000000
53 -175.0000000000
62 -172.0000000000
91 -168.0000000000
102 -167.0000000000
112 -161.0000000000
141 -160.0000000000
153 -156.0000000000
171 -154.0000000000
192 -153.0000000000
205 -152.0000000000
211 -151.0000000000
220 -150.0000000000
226 -149.0000000000
233 -146.0000000000
255 -142.0000000000
264 -141.0000000000
273 -140.0000000000
290 -139.0000000000
300 -138.0000000000
305 -136.0000000000
326 -134.0000000000
346 -133.0000000000
347 -132.0000000000
365 -130.0000000000
370 -129.0000000000
376 -128.0000000000
391 -126.0000000000
406 -125.0000000000
410 -124.0000000000
426 -123.0000000000
442 -121.0000000000
464 -120.0000000000
465 -119.0000000000
483 -118.0000000000
498 -114.0000000000
522 -113.0000000000
534 -111.0000000000
544 -110.0000000000
546 -109.0000000000
558 -108.0000000000
577 -107.0000000000
582 -106.0000000000
603 -105.0000000000
623 -104.0000000000
633 -103.0000000000
648 -101.0000000000
664 -100.0000000000
685 -99.0000000000
704 -98.0000000000
727 -97.0000000000
740 -94.0000000000
754 -92.0000000000
787 -89.0000000000
804 -88.0000000000
823 -86.0000000000
846 -85.0000000000
854 -84.0000000000
861 -83.0000000000
895 -82.0000000000
902 -81.0000000000
926 -80.0000000000
962 -79.0000000000
965 -78.0000000000
1013 -77.0000000000
1027 -76.0000000000
1031 -75.0000000000
1066 -74.0000000000
1077 -73.0000000000
1093 -72.0000000000
1142 -71.0000000000
1167 -70.0000000000
1186 -69.0000000000
1204 -68.0000000000
1225 -67.0000000000
1262 -66.0000000000
1283 -65.0000000000
1286 -64.0000000000
1301 -60.0000000000
1345 -59.0000000000
1348 -58.0000000000
1352 -57.0000000000
1372 -55.0000000000
1391 -54.0000000000
1396 -53.0000000000
1425 -52.0000000000
1450 -51.0000000000
1474 -50.0000000000
1498 -49.0000000000
1517 -48.0000000000
1521 -47.0000000000
1534 -46.0000000000
1553 -45.0000000000
1568 -44.0000000000
1573 -43.0000000000
1601 -42.0000000000
1616 -41.0000000000
1639 -37.0000000000
1653 -36.0000000000
1705 -35.0000000000
1712 -34.0000000000
1737 -33.0000000000
1770 -32.0000000000
1779 -31.0000000000
1828 -30.0000000000
1853 -29.0000000000
1889 -28.0000000000
1922 -26.0000000000
1936 -24.0000000000
1986 -23.0000000000
2020 -22.0000000000
2071 -20.0000000000
2102 -19.0000000000
2128 -18.0000000000
2180 -17.0000000000
2182 -16.0000000000
2233 -15.0000000000
2276 -14.0000000000
2397 -13.0000000000
2426 -11.0000000000
2470 -10.0000000000
2503 -9.0000000000
2532 -8.0000000000
2600 -7.0000000000
2602 -6.0000000000
2700 -5.0000000000
2732 -4.0000000000
2755 -3.0000000000
2792 -2.0000000000
2832 -1.0000000000
3134 385.0000000000
3203 390.0000000000
3209 396.0000000000
3303 399.0000000000
3357 401.0000000000
3430 404.0000000000
3528 408.0000000000
3531 413.0000000000
3722 415.0000000000
3789 416.0000000000
4427 417.0000000000
4505 418.0000000000
4674 420.0000000000
4756 423.0000000000
5299 427.0000000000
5663 429.0000000000
6210 430.0000000000
7062 435.0000000000
48899 436.0000000000
50205 437.0000000000
51551 439.0000000000
100000 -2.0000000000
evaluations raw_y
1 -239.0000000000
2 -228.0000000000
3 -224.0000000000
4 -211.0000000000
6 -202.0000000000
14 -200.0000000000
38 -199.0000000000
51 -197.0000000000
64 -192.0000000000
73 -189.0000000000
84 -186.0000000000
93 -184.0000000000
112 -183.0000000000
126 -182.0000000000
136 -180.0000000000
146 -178.0000000000
166 -177.0000000000
182 -176.0000000000
186 -175.0000000000
197 -174.0000000000
205 -173.0000000000
214 -172.0000000000
219 -171.0000000000
221 -170.0000000000
222 -169.0000000000
233 -168.0000000000
243 -166.0000000000
252 -164.0000000000
262 -163.0000000000
275 -162.0000000000
289 -161.0000000000
292 -160.0000000000
305 -158.0000000000
315 -157.0000000000
325 -156.0000000000
333 -154.0000000000
342 -153.0000000000
360 -151.0000000000
366 -150.0000000000
375 -149.0000000000
382 -147.0000000000
408 -144.0000000000
419 -143.0000000000
438 -142.0000000000
440 -141.0000000000
462 -140.0000000000
465 -139.0000000000
468 -138.0000000000
495 -137.0000000000
514 -136.0000000000
524 -135.0000000000
530 -134.0000000000
540 -133.0000000000
541 -132.0000000000
551 -131.0000000000
561 -130.0000000000
572 -128.0000000000
604 -127.0000000000
615 -126.0000000000
620 -125.0000000000
624 -124.0000000000
642 -121.0000000000
665 -117.0000000000
691 -116.0000000000
697 -115.0000000000
727 -114.0000000000
734 -111.0000000000
736 -110.0000000000
747 -109.0000000000
758 -108.0000000000
766 -107.0000000000
780 -104.0000000000
803 -103.0000000000
834 -102.0000000000
848 -101.0000000000
849 -100.0000000000
864 -99.0000000000
888 -98.0000000000
897 -97.0000000000
906 -96.0000000000
912 -95.0000000000
919 -92.0000000000
946 -91.0000000000
954 -90.0000000000
973 -89.0000000000
982 -86.0000000000
1002 -85.0000000000
1011 -82.0000000000
1028 -81.0000000000
1041 -80.0000000000
1062 -79.0000000000
1091 -78.0000000000
1104 -76.0000000000
1133 -75.0000000000
1156 -74.0000000000
1168 -73.0000000000
1183 -71.0000000000
1200 -67.0000000000
1217 -66.0000000000
1222 -65.0000000000
1248 -64.0000000000
1260 -63.0000000000
1269 -62.0000000000
1286 -61.0000000000
1291 -60.0000000000
1323 -59.0000000000
1365 -57.0000000000
1391 -54.0000000000
1402 -53.0000000000
1440 -51.0000000000
1448 -50.0000000000
1476 -48.0000000000
1487 -47.0000000000
1511 -46.0000000000
1534 -45.0000000000
1561 -44.0000000000
1564 -43.0000000000
1571 -42.0000000000
1602 -41.0000000000
1620 -40.0000000000
1629 -39.0000000000
1643 -38.0000000000
1651 -37.0000000000
1697 -36.0000000000
1725 -35.0000000000
1736 -34.0000000000
1775 -33.0000000000
1798 -32.0000000000
1807 -31.0000000000
1841 -30.0000000000
1844 -29.0000000000
1859 -28.0000000000
1861 -27.0000000000
1884 -25.0000000000
1901 -24.0000000000
1923 -23.0000000000
1961 -22.0000000000
1981 -21.0000000000
2044 -20.0000000000
2074 -19.0000000000
2080 -18.0000000000
2086 -16.0000000000
2136 -14.0000000000
2155 -13.0000000000
2194 -11.0000000000
2261 -10.0000000000
2299 -9.0000000000
2353 -8.0000000000
2381 -7.0000000000
2444 -6.0000000000
2520 -5.0000000000
2606 -4.0000000000
2673 -3.0000000000
2698 -2.0000000000
2757 -1.0000000000
2834 327.0000000000
2845 351.0000000000
2932 365.0000000000
3082 376.0000000000
3099 381.0000000000
3279 382.0000000000
3340 385.0000000000
3550 388.0000000000
3897 391.0000000000
3986 392.0000000000
4090 396.0000000000
4097 399.0000000000
4138 401.0000000000
4175 403.0000000000
4310 404.0000000000
4386 406.0000000000
4619 412.0000000000
4642 416.0000000000
4669 418.0000000000
5228 419.0000000000
5370 421.0000000000
5417 424.0000000000
5629 426.0000000000
5662 428.0000000000
7190 429.0000000000
7464 430.0000000000
8194 431.0000000000
20057 435.0000000000
100000 -1.0000000000
evaluations raw_y
1 -218.0000000000
3 -212.0000000000
5 -196.0000000000
13 -192.0000000000
15 -191.0000000000
23 -182.0000000000
36 -180.0000000000
48 -176.0000000000
53 -175.0000000000
57 -173.0000000000
64 -168.0000000000
76 -167.0000000000
82 -165.0000000000
85 -164.0000000000
98 -163.0000000000
108 -162.0000000000
110 -159.0000000000
136 -156.0000000000
164 -154.0000000000
167 -153.0000000000
177 -151.0000000000
183 -149.0000000000
190 -148.0000000000
199 -147.0000000000
220 -146.0000000000
228 -144.0000000000
244 -142.0000000000
254 -141.0000000000
282 -140.0000000000
304 -138.0000000000
311 -137.0000000000
321 -135.0000000000
330 -134.0000000000
359 -133.0000000000
368 -132.0000000000
374 -130.0000000000
392 -127.0000000000
403 -126.0000000000
407 -125.0000000000
419 -124.0000000000
425 -123.0000000000
444 -121.0000000000
471 -120.0000000000
474 -119.0000000000
487 -118.0000000000
494 -117.0000000000
509 -116.0000000000
515 -114.0000000000
549 -113.0000000000
569 -112.0000000000
583 -111.0000000000
594 -110.0000000000
601 -109.0000000000
615 -106.0000000000
619 -105.0000000000
638 -104.0000000000
663 -101.0000000000
700 -100.0000000000
707 -98.0000000000
720 -97.0000000000
750 -96.0000000000
759 -95.0000000000
765 -94.0000000000
787 -93.0000000000
796 -92.0000000000
810 -91.0000000000
814 -90.0000000000
833 -89.0000000000
847 -88.0000000000
855 -86.0000000000
868 -85.0000000000
883 -83.0000000000
905 -82.0000000000
908 -80.0000000000
928 -79.0000000000
939 -77.0000000000
949 -76.0000000000
976 -75.0000000000
984 -74.0000000000
997 -73.0000000000
1017 -72.0000000000
1029 -71.0000000000
1053 -68.0000000000
1097 -67.0000000000
1119 -65.0000000000
1143 -63.0000000000
1160 -62.0000000000
1187 -61.0000000000
1243 -60.0000000000
1262 -59.0000000000
1263 -58.0000000000
1267 -57.0000000000
1279 -55.0000000000
1294 -54.0000000000
1303 -53.0000000000
1334 -52.0000000000
1343 -50.0000000000
1375 -49.0000000000
1393 -48.0000000000
1412 -47.0000000000
1418 -46.0000000000
1425 -45.0000000000
1473 -44.0000000000
1494 -43.0000000000
1513 -42.0000000000
1523 -41.0000000000
1525 -39.0000000000
1541 -38.0000000000
1569 -37.0000000000
1598 -36.0000000000
1603 -35.0000000000
1635 -34.0000000000
1658 -33.0000000000
1691 -31.0000000000
1754 -30.0000000000
1772 -29.0000000000
1783 -28.0000000000
1820 -27.0000000000
1832 -26.0000000000
1843 -25.0000000000
1915 -24.0000000000
1933 -23.0000000000
1961 -22.0000000000
1993 -21.0000000000
2016 -19.0000000000
2025 -17.0000000000
2069 -16.0000000000
2072 -15.0000000000
2126 -14.0000000000
2138 -13.0000000000
2188 -12.0000000000
2220 -11.0000000000
2247 -10.0000000000
2268 -9.0000000000
2277 -8.0000000000
2371 -7.0000000000
2483 -6.0000000000
2565 -5.0000000000
2631 -4.0000000000
2671 -3.0000000000
2684 -2.0000000000
2743 -1.0000000000
2801 405.0000000000
2847 410.0000000000
2892 412.0000000000
2955 417.0000000000
3367 420.0000000000
5263 421.0000000000
5436 422.0000000000
5571 424.0000000000
5587 426.0000000000
10455 427.0000000000
10968 430.0000000000
14728 431.0000000000
17460 433.0000000000
24947 434.0000000000
25109 435.0000000000
25145 436.0000000000
25661 438.0000000000
32450 439.0000000000
56871 440.0000000000
100000 -1.0000000000
evaluations raw_y
1 -210.0000000000
3 -200.0000000000
8 -191.0000000000
16 -190.0000000000
30 -186.0000000000
31 -184.0000000000
51 -181.0000000000
63 -180.0000000000
69 -179.0000000000
74 -178.0000000000
76 -173.0000000000
90 -171.0000000000
97 -170.0000000000
102 -169.0000000000
113 -168.0000000000
114 -164.0000000000
123 -163.0000000000
127 -161.0000000000
135 -160.0000000000
146 -159.0000000000
165 -158.0000000000
175 -157.0000000000
180 -156.0000000000
201 -155.0000000000
214 -154.0000000000
223 -153.0000000000
238 -152.0000000000
246 -150.0000000000
272 -149.0000000000
278 -148.0000000000
297 -147.0000000000
321 -146.0000000000
332 -145.0000000000
341 -144.0000000000
360 -143.0000000000
368 -142.0000000000
373 -140.0000000000
391 -139.0000000000
407 -138.0000000000
414 -137.0000000000
425 -135.0000000000
432 -134.0000000000
435 -133.0000000000
454 -131.0000000000
484 -130.0000000000
491 -129.0000000000
501 -127.0000000000
511 -125.0000000000
520 -124.0000000000
547 -123.0000000000
548 -122.0000000000
556 -121.0000000000
573 -120.0000000000
585 -118.0000000000
593 -115.0000000000
631 -114.0000000000
635 -111.0000000000
658 -110.0000000000
669 -109.0000000000
693 -107.0000000000
707 -106.0000000000
708 -105.0000000000
725 -104.0000000000
757 -102.0000000000
763 -100.0000000000
781 -98.0000000000
794 -97.0000000000
801 -96.0000000000
803 -93.0000000000
838 -92.0000000000
851 -91.0000000000
861 -89.0000000000
903 -88.0000000000
933 -87.0000000000
951 -86.0000000000
962 -85.0000000000
971 -84.0000000000
997 -83.0000000000
1020 -81.0000000000
1022 -80.0000000000
1040 -79.0000000000
1043 -77.0000000000
1059 -76.0000000000
1061 -75.0000000000
1077 -73.0000000000
1086 -72.0000000000
1109 -71.0000000000
1120 -70.0000000000
1134 -69.0000000000
1141 -68.0000000000
1162 -67.0000000000
1173 -66.0000000000
1177 -65.0000000000
1197 -64.0000000000
1231 -63.0000000000
1232 -62.0000000000
1242 -61.0000000000
1266 -60.0000000000
1291 -59.0000000000
1301 -58.0000000000
1329 -57.0000000000
1334 -56.0000000000
1365 -55.0000000000
1373 -53.0000000000
1426 -52.0000000000
1432 -51.0000000000
1463 -50.0000000000
1464 -49.0000000000
1475 -48.0000000000
1479 -47.0000000000
1499 -46.0000000000
1508 -45.0000000000
1560 -44.0000000000
1569 -43.0000000000
1592 -42.0000000000
1602 -41.0000000000
1618 -40.0000000000
1632 -38.0000000000
1659 -37.0000000000
1662 -36.0000000000
1710 -35.0000000000
1727 -34.0000000000
1760 -32.0000000000
1777 -31.0000000000
1822 -30.0000000000
1850 -29.0000000000
1872 -28.0000000000
1875 -27.0000000000
1914 -25.0000000000
1961 -24.0000000000
1992 -23.0000000000
2013 -22.0000000000
2039 -21.0000000000
2050 -20.0000000000
2071 -17.0000000000
2113 -16.0000000000
2123 -15.0000000000
2137 -14.0000000000
2180 -13.0000000000
2213 -12.0000000000
2232 -11.0000000000
2291 -10.0000000000
2348 -9.0000000000
2365 -8.0000000000
2444 -7.0000000000
2451 -6.0000000000
2483 -5.0000000000
2568 -4.0000000000
2581 -3.0000000000
2602 -1.0000000000
2826 378.0000000000
2845 383.0000000000
2880 386.0000000000
2909 392.0000000000
2972 402.0000000000
3033 405.0000000000
3084 413.0000000000
3209 414.0000000000
3880 415.0000000000
3906 418.0000000000
3918 419.0000000000
4020 420.0000000000
4165 421.0000000000
4403 428.0000000000
5165 429.0000000000
8212 430.0000000000
19193 431.0000000000
19255 433.0000000000
100000 -2.0000000000
evaluations raw_y
1 -224.0000000000
3 -221.0000000000
6 -202.0000000000
7 -195.0000000000
13 -186.0000000000
20 -181.0000000000
39 -180.0000000000
41 -179.0000000000
51 -178.0000000000
56 -174.0000000000
59 -173.0000000000
72 -168.0000000000
80 -167.0000000000
82 -163.0000000000
108 -162.0000000000
118 -157.0000000000
138 -155.0000000000
142 -154.0000000000
163 -153.0000000000
178 -152.0000000000
183 -151.0000000000
202 -146.0000000000
237 -145.0000000000
238 -143.0000000000
241 -142.0000000000
254 -141.0000000000
257 -140.0000000000
277 -139.0000000000
305 -136.0000000000
310 -134.0000000000
324 -128.0000000000
350 -126.0000000000
362 -125.0000000000
373 -124.0000000000
378 -123.0000000000
404 -121.0000000000
414 -120.0000000000
423 -117.0000000000
450 -116.0000000000
454 -114.0000000000
483 -111.0000000000
496 -110.0000000000
525 -109.0000000000
542 -107.0000000000
573 -105.0000000000
598 -103.0000000000
624 -102.0000000000
644 -100.0000000000
671 -98.0000000000
704 -96.0000000000
706 -95.0000000000
737 -93.0000000000
745 -92.0000000000
763 -91.0000000000
783 -90.0000000000
791 -89.0000000000
801 -87.0000000000
836 -86.0000000000
843 -85.0000000000
855 -84.0000000000
884 -82.0000000000
895 -81.0000000000
918 -80.0000000000
926 -77.0000000000
964 -76.0000000000
983 -75.0000000000
1005 -74.0000000000
1017 -73.0000000000
1035 -72.0000000000
1054 -71.0000000000
1068 -70.0000000000
1078 -69.0000000000
1128 -65.0000000000
1150 -64.0000000000
1184 -63.0000000000
1193 -62.0000000000
1197 -61.0000000000
1220 -60.0000000000
1254 -59.0000000000
1285 -58.0000000000
1297 -57.0000000000
1304 -56.0000000000
1326 -54.0000000000
1368 -52.0000000000
1385 -51.0000000000
1415 -49.0000000000
1465 -46.0000000000
1505 -45.0000000000
1532 -44.0000000000
1544 -43.0000000000
1573 -41.0000000000
1668 -40.0000000000
1673 -39.0000000000
1698 -38.0000000000
1723 -37.0000000000
1766 -36.0000000000
1784 -35.0000000000
1824 -34.0000000000
1837 -33.0000000000
1848 -32.0000000000
1922 -31.0000000000
1936 -30.0000000000
1968 -29.0000000000
1987 -28.0000000000
1989 -27.0000000000
2025 -26.0000000000
2054 -25.0000000000
2066 -24.0000000000
2117 -22.0000000000
2149 -21.0000000000
2190 -19.0000000000
2218 -18.0000000000
2241 -16.0000000000
2330 -15.0000000000
2356 -14.0000000000
2391 -13.0000000000
2461 -12.0000000000
2487 -11.0000000000
2497 -10.0000000000
2560 -9.0000000000
2645 -8.0000000000
2670 -7.0000000000
2837 -6.0000000000
2868 -4.0000000000
2924 -3.0000000000
2925 -2.0000000000
2949 -1.0000000000
3017 391.0000000000
3123 392.0000000000
3167 399.0000000000
3287 400.0000000000
3513 405.0000000000
3555 412.0000000000
3806 418.0000000000
3978 420.0000000000
4011 421.0000000000
4058 422.0000000000
4181 423.0000000000
4263 425.0000000000
5187 426.0000000000
5701 427.0000000000
6044 429.0000000000
6254 430.0000000000
6924 434.0000000000
7601 435.0000000000
16663 436.0000000000
19427 439.0000000000
100000 -3.0000000000
evaluations raw_y
1 -221.0000000000
2 -210.0000000000
6 -207.0000000000
9 -193.0000000000
11 -187.0000000000
15 -181.0000000000
31 -176.0000000000
36 -175.0000000000
43 -168.0000000000
51 -166.0000000000
62 -158.0000000000
79 -156.0000000000
95 -155.0000000000
104 -149.0000000000
124 -148.0000000000
127 -147.0000000000
131 -145.0000000000
151 -144.0000000000
159 -143.0000000000
183 -140.0000000000
203 -139.0000000000
211 -135.0000000000
223 -134.0000000000
257 -133.0000000000
274 -132.0000000000
275 -131.0000000000
279 -130.0000000000
293 -129.0000000000
302 -128.0000000000
311 -127.0000000000
332 -126.0000000000
342 -125.0000000000
349 -124.0000000000
352 -123.0000000000
362 -122.0000000000
374 -121.0000000000
386 -120.0000000000
392 -119.0000000000
405 -118.0000000000
425 -117.0000000000
426 -116.0000000000
435 -114.0000000000
449 -113.0000000000
456 -111.0000000000
477 -110.0000000000
493 -107.0000000000
501 -105.0000000000
524 -103.0000000000
538 -102.0000000000
542 -99.0000000000
585 -98.0000000000
591 -97.0000000000
592 -95.0000000000
604 -94.0000000000
612 -93.0000000000
621 -92.0000000000
663 -91.0000000000
674 -90.0000000000
684 -89.0000000000
695 -88.0000000000
722 -87.0000000000
737 -84.0000000000
753 -83.0000000000
762 -82.0000000000
783 -81.0000000000
806 -79.0000000000
842 -78.0000000000
866 -77.0000000000
879 -76.0000000000
905 -75.0000000000
926 -72.0000000000
952 -71.0000000000
975 -69.0000000000
996 -67.0000000000
1008 -66.0000000000
1031 -65.0000000000
1036 -64.0000000000
1040 -63.0000000000
1051 -62.0000000000
1054 -61.0000000000
1074 -60.0000000000
1117 -59.0000000000
1125 -58.0000000000
1127 -57.0000000000
1143 -56.0000000000
1154 -55.0000000000
1161 -52.0000000000
1185 -51.0000000000
1218 -50.0000000000
1235 -49.0000000000
1253 -48.0000000000
1288 -47.0000000000
1309 -45.0000000000
1333 -44.0000000000
1369 -43.0000000000
1395 -41.0000000000
1414 -40.0000000000
1429 -38.0000000000
1444 -34.0000000000
1490 -33.0000000000
1540 -30.0000000000
1547 -28.0000000000
1619 -27.0000000000
1654 -26.0000000000
1689 -25.0000000000
1725 -24.0000000000
1770 -23.0000000000
1788 -22.0000000000
1801 -21.0000000000
1837 -20.0000000000
1847 -19.0000000000
1888 -18.0000000000
1959 -17.0000000000
2023 -16.0000000000
2062 -15.0000000000
2082 -14.0000000000
2113 -12.0000000000
2145 -11.0000000000
2167 -10.0000000000
2244 -9.0000000000
2271 -8.0000000000
2314 -7.0000000000
2385 -6.0000000000
2449 -5.0000000000
2504 -4.0000000000
2552 -2.0000000000
2615 -1.0000000000
2661 383.0000000000
2693 391.0000000000
2719 394.0000000000
2860 397.0000000000
2908 401.0000000000
2979 402.0000000000
3009 405.0000000000
3305 414.0000000000
3921 416.0000000000
3969 418.0000000000
4019 420.0000000000
5185 422.0000000000
5933 426.0000000000
6471 428.0000000000
7180 429.0000000000
7442 431.0000000000
7684 432.0000000000
9553 433.0000000000
12692 435.0000000000
29870 436.0000000000
30084 439.0000000000
34060 440.0000000000
100000 -1.0000000000
evaluations raw_y
1 -209.0000000000
4 -201.0000000000
9 -195.0000000000
10 -193.0000000000
18 -191.0000000000
39 -187.0000000000
40 -182.0000000000
66 -181.0000000000
69 -179.0000000000
73 -177.0000000000
101 -174.0000000000
114 -171.0000000000
125 -170.0000000000
143 -169.0000000000
148 -168.0000000000
153 -164.0000000000
197 -163.0000000000
209 -161.0000000000
235 -160.0000000000
239 -158.0000000000
252 -157.0000000000
256 -156.0000000000
280 -155.0000000000
291 -153.0000000000
313 -151.0000000000
321 -150.0000000000
327 -149.0000000000
333 -146.0000000000
345 -145.0000000000
348 -143.0000000000
351 -142.0000000000
355 -141.0000000000
372 -140.0000000000
386 -139.0000000000
403 -137.0000000000
407 -136.0000000000
414 -135.0000000000
432 -134.0000000000
434 -133.0000000000
442 -132.0000000000
446 -129.0000000000
488 -126.0000000000
494 -125.0000000000
522 -123.0000000000
533 -122.0000000000
542 -121.0000000000
551 -118.0000000000
574 -117.0000000000
576 -116.0000000000
585 -114.0000000000
614 -112.0000000000
636 -110.0000000000
640 -109.0000000000
664 -107.0000000000
689 -106.0000000000
694 -105.0000000000
707 -104.0000000000
721 -103.0000000000
728 -102.0000000000
734 -100.0000000000
739 -99.0000000000
775 -95.0000000000
785 -94.0000000000
812 -92.0000000000
833 -91.0000000000
840 -90.0000000000
851 -89.0000000000
874 -88.0000000000
889 -87.0000000000
898 -85.0000000000
906 -84.0000000000
921 -83.0000000000
935 -82.0000000000
944 -81.0000000000
981 -80.0000000000
982 -78.0000000000
1021 -77.0000000000
1048 -76.0000000000
1065 -74.0000000000
1088 -73.0000000000
1104 -72.0000000000
1114 -71.0000000000
1135 -69.0000000000
1178 -68.0000000000
1202 -67.0000000000
1206 -66.0000000000
1221 -65.0000000000
1244 -64.0000000000
1256 -62.0000000000
1261 -61.0000000000
1302 -60.0000000000
1318 -59.0000000000
1348 -57.0000000000
1355 -55.0000000000
1396 -54.0000000000
1437 -52.0000000000
1462 -51.0000000000
1480 -50.0000000000
1503 -49.0000000000
1522 -48.0000000000
1548 -46.0000000000
1628 -45.0000000000
1638 -44.0000000000
1694 -43.0000000000
1705 -40.0000000000
1715 -39.0000000000
1748 -38.0000000000
1760 -37.0000000000
1771 -36.0000000000
1774 -35.0000000000
1801 -34.0000000000
1823 -33.0000000000
1859 -32.0000000000
1865 -31.0000000000
1881 -29.0000000000
1894 -28.0000000000
1912 -27.0000000000
1922 -26.0000000000
1947 -25.0000000000
1974 -24.0000000000
2006 -23.0000000000
2011 -22.0000000000
2030 -21.0000000000
2043 -20.0000000000
2064 -19.0000000000
2083 -18.0000000000
2094 -16.0000000000
2120 -14.0000000000
2181 -13.0000000000
2202 -12.0000000000
2248 -10.0000000000
2281 -9.0000000000
2313 -8.0000000000
2374 -7.0000000000
2375 -6.0000000000
2441 -4.0000000000
2482 -3.0000000000
2544 -2.0000000000
2573 379.0000000000
2644 381.0000000000
2658 388.0000000000
2684 400.0000000000
2826 402.0000000000
2947 403.0000000000
3295 411.0000000000
3322 413.0000000000
3379 421.0000000000
3841 423.0000000000
3887 425.0000000000
4088 428.0000000000
4876 430.0000000000
5403 433.0000000000
8371 434.0000000000
14546 435.0000000000
16108 436.0000000000
16698 437.0000000000
29305 438.0000000000
29666 439.0000000000
100000 -1.0000000000
evaluations raw_y
1 -206.0000000000
2 -205.0000000000
4 -190.0000000000
30 -189.0000000000
42 -188.0000000000
53 -187.0000000000
72 -186.0000000000
80 -185.0000000000
82 -184.0000000000
94 -183.0000000000
106 -181.0000000000
117 -180.0000000000
130 -179.0000000000
131 -177.0000000000
136 -175.0000000000
151 -173.0000000000
167 -172.0000000000
171 -169.0000000000
193 -168.0000000000
202 -164.0000000000
213 -163.0000000000
215 -162.0000000000
224 -161.0000000000
232 -157.0000000000
252 -155.0000000000
283 -154.0000000000
284 -153.0000000000
287 -152.0000000000
293 -150.0000000000
310 -149.0000000000
322 -148.0000000000
340 -147.0000000000
342 -146.0000000000
354 -145.0000000000
379 -143.0000000000
384 -142.0000000000
402 -141.0000000000
413 -140.0000000000
430 -139.0000000000
442 -138.0000000000
443 -137.0000000000
457 -135.0000000000
466 -134.0000000000
502 -133.0000000000
512 -131.0000000000
525 -130.0000000000
527 -128.0000000000
571 -126.0000000000
598 -124.0000000000
617 -122.0000000000
627 -120.0000000000
644 -118.0000000000
672 -117.0000000000
688 -112.0000000000
721 -110.0000000000
734 -109.0000000000
739 -108.0000000000
742 -106.0000000000
756 -105.0000000000
770 -104.0000000000
789 -101.0000000000
806 -99.0000000000
821 -98.0000000000
843 -97.0000000000
854 -95.0000000000
873 -94.0000000000
876 -93.0000000000
882 -92.0000000000
897 -91.0000000000
904 -90.0000000000
921 -89.0000000000
925 -88.0000000000
952 -87.0000000000
971 -86.0000000000
992 -85.0000000000
1008 -81.0000000000
1061 -80.0000000000
1073 -79.0000000000
1093 -77.0000000000
1114 -76.0000000000
1131 -75.0000000000
1137 -74.0000000000
1151 -73.0000000000
1161 -72.0000000000
1189 -70.0000000000
1207 -69.0000000000
1215 -68.0000000000
1227 -67.0000000000
1255 -66.0000000000
1265 -64.0000000000
1288 -63.0000000000
1292 -61.0000000000
1327 -59.0000000000
1348 -58.0000000000
1356 -57.0000000000
1375 -56.0000000000
1379 -54.0000000000
1406 -53.0000000000
1410 -52.0000000000
1423 -51.0000000000
1449 -50.0000000000
1463 -49.0000000000
1500 -48.0000000000
1556 -47.0000000000
1566 -46.0000000000
1589 -45.0000000000
1648 -44.0000000000
1669 -43.0000000000
1691 -42.0000000000
1730 -41.0000000000
1748 -40.0000000000
1757 -39.0000000000
1768 -38.0000000000
1774 -37.0000000000
1794 -36.0000000000
1819 -35.0000000000
1836 -34.0000000000
1854 -33.0000000000
1864 -31.0000000000
1872 -30.0000000000
1884 -29.0000000000
1932 -28.0000000000
1957 -27.0000000000
1961 -26.0000000000
1983 -25.0000000000
2033 -24.0000000000
2061 -23.0000000000
2086 -20.0000000000
2147 -19.0000000000
2209 -16.0000000000
2257 -15.0000000000
2264 -14.0000000000
2290 -13.0000000000
2328 -12.0000000000
2349 -11.0000000000
2377 -10.0000000000
2431 -9.0000000000
2466 -8.0000000000
2560 -7.0000000000
2599 -6.0000000000
2700 -5.0000000000
2767 -4.0000000000
2801 -3.0000000000
2921 -2.0000000000
3038 -1.0000000000
3431 400.0000000000
3459 405.0000000000
3498 411.0000000000
4016 416.0000000000
4598 419.0000000000
4696 420.0000000000
5090 421.0000000000
5304 422.0000000000
5344 425.0000000000
5605 426.0000000000
5637 427.0000000000
8340 428.0000000000
8765 429.0000000000
10090 432.0000000000
10969 433.0000000000
11566 434.0000000000
12609 435.0000000000
18683 436.0000000000
100000 -1.0000000000
evaluations raw_y
1 -204.0000000000
13 -203.0000000000
21 -202.0000000000
22 -191.0000000000
39 -189.0000000000
41 -188.0000000000
49 -186.0000000000
56 -182.0000000000
69 -178.0000000000
83 -177.0000000000
87 -174.0000000000
91 -172.0000000000
93 -169.0000000000
115 -168.0000000000
121 -167.0000000000
136 -166.0000000000
142 -165.0000000000
172 -164.0000000000
182 -163.0000000000
191 -162.0000000000
198 -160.0000000000
211 -159.0000000000
226 -158.0000000000
228 -157.0000000000
236 -156.0000000000
259 -155.0000000000
262 -152.0000000000
272 -151.0000000000
281 -150.0000000000
285 -149.0000000000
301 -147.0000000000
329 -146.0000000000
332 -144.0000000000
341 -142.0000000000
342 -141.0000000000
373 -140.0000000000
384 -139.0000000000
393 -138.0000000000
400 -137.0000000000
412 -136.0000000000
423 -134.0000000000
456 -133.0000000000
460 -132.0000000000
466 -130.0000000000
478 -129.0000000000
479 -128.0000000000
489 -126.0000000000
503 -125.0000000000
511 -124.0000000000
559 -123.0000000000
568 -122.0000000000
573 -118.0000000000
610 -116.0000000000
640 -115.0000000000
641 -114.0000000000
661 -113.0000000000
675 -111.0000000000
699 -110.0000000000
709 -108.0000000000
728 -107.0000000000
750 -106.0000000000
760 -102.0000000000
785 -100.0000000000
796 -98.0000000000
838 -97.0000000000
841 -96.0000000000
853 -93.0000000000
868 -92.0000000000
907 -89.0000000000
939 -88.0000000000
945 -86.0000000000
963 -84.0000000000
983 -83.0000000000
991 -82.0000000000
1016 -81.0000000000
1022 -80.0000000000
1033 -79.0000000000
1059 -78.0000000000
1081 -76.0000000000
1103 -75.0000000000
1104 -74.0000000000
1129 -73.0000000000
1145 -72.0000000000
1158 -71.0000000000
1166 -69.0000000000
1192 -67.0000000000
1202 -66.0000000000
1212 -64.0000000000
1227 -63.0000000000
1246 -62.0000000000
1299 -61.0000000000
1302 -60.0000000000
1315 -57.0000000000
1332 -56.0000000000
1343 -55.0000000000
1359 -51.0000000000
1413 -50.0000000000
1465 -49.0000000000
1482 -48.0000000000
1491 -47.0000000000
1510 -45.0000000000
1538 -44.0000000000
1551 -42.0000000000
1592 -41.0000000000
1626 -40.0000000000
1637 -38.0000000000
1664 -37.0000000000
1684 -36.0000000000
1697 -35.0000000000
1723 -34.0000000000
1731 -32.0000000000
1768 -29.0000000000
1793 -28.0000000000
1812 -26.0000000000
1847 -25.0000000000
1882 -24.0000000000
1884 -22.0000000000
1929 -20.0000000000
1977 -19.0000000000
2002 -16.0000000000
2064 -15.0000000000
2125 -13.0000000000
2186 -12.0000000000
2196 -11.0000000000
2207 -10.0000000000
2222 -9.0000000000
2254 -8.0000000000
2292 -7.0000000000
2378 -6.0000000000
2427 -5.0000000000
2527 -4.0000000000
2548 -3.0000000000
2678 -2.0000000000
2687 -1.0000000000
2793 396.0000000000
2876 405.0000000000
3151 406.0000000000
3185 409.0000000000
3600 416.0000000000
4063 417.0000000000
4141 418.0000000000
4276 420.0000000000
4378 421.0000000000
4893 423.0000000000
8263 427.0000000000
9053 429.0000000000
9399 431.0000000000
9916 432.0000000000
16302 433.0000000000
34358 434.0000000000
100000 -3.0000000000
evaluations raw_y
1 -220.0000000000
2 -200.0000000000
25 -199.0000000000
28 -198.0000000000
29 -194.0000000000
38 -189.0000000000
62 -188.0000000000
67 -184.0000000000
75 -180.0000000000
88 -178.0000000000
95 -176.0000000000
103 -175.0000000000
115 -172.0000000000
121 -171.0000000000
131 -169.0000000000
135 -168.0000000000
142 -167.0000000000
160 -165.0000000000
175 -164.0000000000
177 -163.0000000000
182 -162.0000000000
199 -159.0000000000
215 -156.0000000000
228 -155.0000000000
247 -153.0000000000
254 -151.0000000000
264 -150.0000000000
272 -148.0000000000
280 -147.0000000000
297 -146.0000000000
303 -145.0000000000
306 -144.0000000000
321 -143.0000000000
335 -141.0000000000
345 -140.0000000000
363 -139.0000000000
367 -138.0000000000
371 -136.0000000000
381 -135.0000000000
384 -134.0000000000
392 -133.0000000000
413 -131.0000000000
422 -129.0000000000
443 -128.0000000000
459 -127.0000000000
463 -126.0000000000
482 -123.0000000000
493 -122.0000000000
511 -121.0000000000
519 -118.0000000000
531 -117.0000000000
547 -116.0000000000
554 -115.0000000000
585 -113.0000000000
593 -112.0000000000
611 -111.0000000000
625 -110.0000000000
633 -109.0000000000
640 -108.0000000000
671 -107.0000000000
675 -106.0000000000
684 -104.0000000000
692 -103.0000000000
702 -102.0000000000
707 -100.0000000000
726 -99.0000000000
731 -97.0000000000
751 -96.0000000000
768 -94.0000000000
793 -93.0000000000
829 -92.0000000000
832 -91.0000000000
844 -90.0000000000
871 -89.0000000000
886 -88.0000000000
900 -87.0000000000
911 -85.0000000000
922 -83.0000000000
955 -81.0000000000
962 -80.0000000000
977 -79.0000000000
995 -77.0000000000
1020 -76.0000000000
1047 -74.0000000000
1083 -72.0000000000
1108 -71.0000000000
1114 -70.0000000000
1133 -69.0000000000
1151 -68.0000000000
1155 -67.0000000000
1158 -63.0000000000
1192 -59.0000000000
1220 -58.0000000000
1261 -57.0000000000
1274 -56.0000000000
1283 -54.0000000000
1315 -53.0000000000
1324 -51.0000000000
1377 -50.0000000000
1396 -49.0000000000
1408 -47.0000000000
1426 -46.0000000000
1437 -45.0000000000
1452 -44.0000000000
1480 -43.0000000000
1501 -41.0000000000
1531 -40.0000000000
1567 -39.0000000000
1572 -38.0000000000
1578 -36.0000000000
1628 -34.0000000000
1642 -33.0000000000
1661 -32.0000000000
1683 -31.0000000000
1713 -28.0000000000
1754 -27.0000000000
1769 -26.0000000000
1791 -24.0000000000
1838 -23.0000000000
1883 -21.0000000000
1931 -18.0000000000
1978 -17.0000000000
2045 -16.0000000000
2077 -14.0000000000
2106 -12.0000000000
2171 -11.0000000000
2263 -10.0000000000
2347 -9.0000000000
2382 -8.0000000000
2446 -7.0000000000
2477 -6.0000000000
2486 -5.0000000000
2492 -3.0000000000
2562 -2.0000000000
2693 371.0000000000
2734 388.0000000000
2760 389.0000000000
2802 390.0000000000
2811 393.0000000000
2831 394.0000000000
2868 397.0000000000
3127 401.0000000000
3552 402.0000000000
3783 405.0000000000
3812 406.0000000000
3956 407.0000000000
3957 409.0000000000
4047 414.0000000000
4104 415.0000000000
4334 416.0000000000
4385 419.0000000000
4424 424.0000000000
5469 426.0000000000
5748 428.0000000000
6232 431.0000000000
7104 432.0000000000
7564 434.0000000000
7897 437.0000000000
17511 438.0000000000
100000 433.0000000000
evaluations raw_y
1 -214.0000000000
5 -209.0000000000
10 -204.0000000000
17 -201.0000000000
31 -200.0000000000
40 -197.0000000000
48 -194.0000000000
58 -193.0000000000
64 -190.0000000000
77 -186.0000000000
83 -181.0000000000
99 -179.0000000000
119 -178.0000000000
127 -176.0000000000
135 -174.0000000000
149 -173.0000000000
152 -172.0000000000
162 -171.0000000000
171 -169.0000000000
194 -165.0000000000
225 -164.0000000000
239 -162.0000000000
241 -160.0000000000
255 -159.0000000000
278 -158.0000000000
286 -157.0000000000
288 -156.0000000000
315 -154.0000000000
322 -153.0000000000
346 -152.0000000000
347 -151.0000000000
367 -150.0000000000
392 -148.0000000000
403 -147.0000000000
421 -143.0000000000
441 -142.0000000000
444 -141.0000000000
455 -140.0000000000
464 -139.0000000000
468 -138.0000000000
488 -137.0000000000
504 -136.0000000000
512 -135.0000000000
516 -134.0000000000
528 -133.0000000000
530 -132.0000000000
541 -131.0000000000
548 -130.0000000000
563 -128.0000000000
584 -126.0000000000
597 -124.0000000000
605 -123.0000000000
612 -121.0000000000
623 -120.0000000000
634 -119.0000000000
638 -118.0000000000
641 -117.0000000000
652 -116.0000000000
662 -115.0000000000
666 -114.0000000000
673 -111.0000000000
685 -110.0000000000
691 -107.0000000000
710 -105.0000000000
725 -104.0000000000
733 -102.0000000000
747 -101.0000000000
754 -98.0000000000
775 -96.0000000000
792 -95.0000000000
808 -94.0000000000
837 -93.0000000000
853 -91.0000000000
870 -90.0000000000
871 -89.0000000000
886 -88.0000000000
891 -86.0000000000
907 -85.0000000000
913 -84.0000000000
941 -82.0000000000
942 -81.0000000000
967 -79.0000000000
1004 -77.0000000000
1069 -76.0000000000
1082 -73.0000000000
1093 -72.0000000000
1104 -71.0000000000
1123 -69.0000000000
1167 -68.0000000000
1173 -67.0000000000
1182 -66.0000000000
1244 -65.0000000000
1265 -64.0000000000
1292 -63.0000000000
1329 -61.0000000000
1347 -60.0000000000
1349 -59.0000000000
1364 -58.0000000000
1390 -57.0000000000
1403 -56.0000000000
1434 -55.0000000000
1446 -53.0000000000
1471 -52.0000000000
1485 -51.0000000000
1511 -50.0000000000
1559 -46.0000000000
1595 -45.0000000000
1608 -44.0000000000
1616 -43.0000000000
1624 -42.0000000000
1629 -41.0000000000
1650 -40.0000000000
1657 -38.0000000000
1683 -37.0000000000
1737 -36.0000000000
1769 -35.0000000000
1779 -33.0000000000
1800 -32.0000000000
1812 -31.0000000000
1890 -30.0000000000
1918 -28.0000000000
1958 -27.0000000000
1973 -25.0000000000
2007 -24.0000000000
2024 -22.0000000000
2059 -21.0000000000
2135 -20.0000000000
2169 -19.0000000000
2187 -18.0000000000
2273 -16.0000000000
2289 -15.0000000000
2346 -14.0000000000
2436 -13.0000000000
2438 -12.0000000000
2484 -11.0000000000
2544 -9.0000000000
2659 -8.0000000000
2687 -7.0000000000
2725 -6.0000000000
2728 -5.0000000000
2760 -4.0000000000
2776 -3.0000000000
2860 -2.0000000000
2984 -1.0000000000
3011 392.0000000000
3141 395.0000000000
3216 396.0000000000
3233 398.0000000000
3293 400.0000000000
3370 402.0000000000
3480 406.0000000000
3551 409.0000000000
3564 411.0000000000
3608 415.0000000000
3636 417.0000000000
3888 418.0000000000
3897 419.0000000000
4009 422.0000000000
4362 423.0000000000
4412 424.0000000000
4419 429.0000000000
5948 431.0000000000
7048 432.0000000000
9384 436.0000000000
52184 437.0000000000
100000 -2.0000000000
evaluations raw_y
1 -184.0000000000
20 -183.0000000000
24 -175.0000000000
41 -174.0000000000
61 -173.0000000000
64 -171.0000000000
83 -170.0000000000
101 -169.0000000000
106 -168.0000000000
112 -167.0000000000
122 -166.0000000000
125 -165.0000000000
132 -164.0000000000
153 -163.0000000000
154 -161.0000000000
171 -159.0000000000
181 -158.0000000000
185 -156.0000000000
197 -154.0000000000
212 -153.0000000000
221 -152.0000000000
222 -151.0000000000
234 -149.0000000000
268 -147.0000000000
276 -146.0000000000
282 -144.0000000000
294 -142.0000000000
304 -141.0000000000
321 -140.0000000000
332 -138.0000000000
341 -137.0000000000
342 -136.0000000000
355 -133.0000000000
374 -131.0000000000
395 -128.0000000000
404 -127.0000000000
424 -126.0000000000
432 -125.0000000000
442 -124.0000000000
458 -123.0000000000
467 -122.0000000000
484 -121.0000000000
489 -120.0000000000
493 -118.0000000000
517 -117.0000000000
523 -116.0000000000
546 -114.0000000000
562 -113.0000000000
565 -110.0000000000
584 -109.0000000000
603 -108.0000000000
617 -106.0000000000
628 -104.0000000000
631 -103.0000000000
667 -101.0000000000
675 -100.0000000000
699 -99.0000000000
710 -97.0000000000
711 -96.0000000000
721 -95.0000000000
738 -94.0000000000
741 -92.0000000000
769 -91.0000000000
775 -90.0000000000
794 -89.0000000000
803 -86.0000000000
824 -85.0000000000
844 -84.0000000000
867 -83.0000000000
895 -82.0000000000
916 -80.0000000000
934 -78.0000000000
962 -76.0000000000
979 -75.0000000000
982 -74.0000000000
1003 -73.0000000000
1005 -72.0000000000
1019 -71.0000000000
1035 -69.0000000000
1109 -68.0000000000
1139 -67.0000000000
1164 -66.0000000000
1166 -65.0000000000
1187 -63.0000000000
1223 -62.0000000000
1237 -61.0000000000
1264 -60.0000000000
1273 -59.0000000000
1314 -58.0000000000
1321 -57.0000000000
1330 -55.0000000000
1331 -53.0000000000
1371 -50.0000000000
1412 -49.0000000000
1416 -47.0000000000
1456 -45.0000000000
1482 -44.0000000000
1484 -43.0000000000
1515 -42.0000000000
1537 -40.0000000000
1545 -39.0000000000
1618 -37.0000000000
1654 -36.0000000000
1703 -35.0000000000
1713 -34.0000000000
1746 -33.0000000000
1761 -32.0000000000
1803 -29.0000000000
1862 -28.0000000000
1922 -27.0000000000
1967 -26.0000000000
2002 -25.0000000000
2014 -24.0000000000
2110 -23.0000000000
2195 -22.0000000000
2218 -21.0000000000
2269 -20.0000000000
2345 -19.0000000000
2347 -18.0000000000
2381 -14.0000000000
2501 -13.0000000000
2535 -12.0000000000
2552 -11.0000000000
2563 -10.0000000000
2574 -9.0000000000
2641 -8.0000000000
2697 -6.0000000000
2746 -5.0000000000
2755 -4.0000000000
2807 -3.0000000000
2849 -2.0000000000
2905 -1.0000000000
2967 376.0000000000
3050 377.0000000000
3064 380.0000000000
3137 387.0000000000
3201 395.0000000000
3261 398.0000000000
3370 404.0000000000
3597 409.0000000000
3873 413.0000000000
3967 414.0000000000
4113 415.0000000000
4136 416.0000000000
4148 420.0000000000
5084 421.0000000000
5133 426.0000000000
5209 427.0000000000
9347 429.0000000000
10175 430.0000000000
10692 431.0000000000
12406 432.0000000000
23220 433.0000000000
23238 435.0000000000
27749 437.0000000000
28025 439.0000000000
28952 440.0000000000
29348 441.0000000000
29488 443.0000000000
100000 436.0000000000
evaluations raw_y
1 -212.0000000000
8 -205.0000000000
9 -204.0000000000
13 -202.0000000000
16 -198.0000000000
21 -196.0000000000
31 -187.0000000000
44 -186.0000000000
47 -178.0000000000
60 -173.0000000000
80 -168.0000000000
92 -166.0000000000
104 -165.0000000000
120 -164.0000000000
122 -163.0000000000
124 -159.0000000000
125 -157.0000000000
138 -156.0000000000
153 -151.0000000000
186 -150.0000000000
192 -148.0000000000
201 -144.0000000000
222 -143.0000000000
239 -142.0000000000
250 -140.0000000000
270 -138.0000000000
275 -137.0000000000
280 -135.0000000000
281 -134.0000000000
294 -133.0000000000
303 -132.0000000000
307 -131.0000000000
308 -130.0000000000
316 -129.0000000000
341 -127.0000000000
345 -126.0000000000
355 -124.0000000000
375 -120.0000000000
397 -119.0000000000
399 -118.0000000000
419 -117.0000000000
430 -116.0000000000
441 -115.0000000000
468 -114.0000000000
469 -113.0000000000
485 -112.0000000000
497 -108.0000000000
501 -107.0000000000
522 -104.0000000000
543 -103.0000000000
552 -102.0000000000
567 -101.0000000000
576 -99.0000000000
594 -96.0000000000
642 -94.0000000000
654 -92.0000000000
671 -91.0000000000
688 -90.0000000000
692 -89.0000000000
731 -88.0000000000
745 -87.0000000000
756 -86.0000000000
759 -85.0000000000
777 -84.0000000000
784 -83.0000000000
815 -82.0000000000
820 -80.0000000000
832 -79.0000000000
842 -78.0000000000
870 -75.0000000000
875 -74.0000000000
889 -73.0000000000
914 -72.0000000000
940 -71.0000000000
966 -70.0000000000
977 -69.0000000000
1005 -68.0000000000
1012 -67.0000000000
1041 -66.0000000000
1044 -65.0000000000
1058 -64.0000000000
1065 -63.0000000000
1081 -62.0000000000
1092 -59.0000000000
1104 -58.0000000000
1123 -57.0000000000
1128 -56.0000000000
1144 -55.0000000000
1149 -54.0000000000
1189 -53.0000000000
1212 -52.0000000000
1236 -50.0000000000
1244 -49.0000000000
1291 -48.0000000000
1293 -47.0000000000
1328 -46.0000000000
1340 -45.0000000000
1358 -43.0000000000
1381 -41.0000000000
1398 -39.0000000000
1415 -38.0000000000
1437 -37.0000000000
1489 -36.0000000000
1513 -35.0000000000
1541 -34.0000000000
1573 -33.0000000000
1582 -30.0000000000
1625 -28.0000000000
1640 -27.0000000000
1702 -26.0000000000
1711 -25.0000000000
1737 -24.0000000000
1743 -23.0000000000
1781 -21.0000000000
1809 -20.0000000000
1831 -19.0000000000
1845 -18.0000000000
1871 -16.0000000000
1908 -14.0000000000
1925 -13.0000000000
1932 -11.0000000000
1968 -10.0000000000
1986 -9.0000000000
1993 -8.0000000000
2022 -7.0000000000
2064 -5.0000000000
2148 -4.0000000000
2169 -3.0000000000
2244 -2.0000000000
2286 -1.0000000000
2305 388.0000000000
2314 396.0000000000
2391 398.0000000000
2392 399.0000000000
2423 405.0000000000
2438 406.0000000000
2514 412.0000000000
2929 414.0000000000
2989 415.0000000000
3001 417.0000000000
3033 418.0000000000
3439 419.0000000000
3510 424.0000000000
3833 426.0000000000
6059 430.0000000000
7209 431.0000000000
7970 433.0000000000
14181 434.0000000000
14551 436.0000000000
79147 437.0000000000
100000 -1.0000000000
evaluations raw_y
1 -225.0000000000
2 -223.0000000000
3 -215.0000000000
4 -199.0000000000
22 -194.0000000000
34 -182.0000000000
52 -180.0000000000
62 -172.0000000000
74 -169.0000000000
101 -167.0000000000
103 -164.0000000000
118 -159.0000000000
124 -158.0000000000
133 -157.0000000000
146 -155.0000000000
151 -154.0000000000
152 -153.0000000000
161 -152.0000000000
171 -150.0000000000
172 -149.0000000000
184 -148.0000000000
192 -147.0000000000
199 -146.0000000000
216 -142.0000000000
232 -141.0000000000
236 -139.0000000000
241 -138.0000000000
258 -135.0000000000
274 -133.0000000000
291 -132.0000000000
307 -131.0000000000
313 -129.0000000000
329 -127.0000000000
351 -126.0000000000
359 -124.0000000000
380 -123.0000000000
389 -121.0000000000
410 -117.0000000000
434 -115.0000000000
449 -114.0000000000
473 -113.0000000000
491 -111.0000000000
523 -110.0000000000
535 -109.0000000000
554 -107.0000000000
562 -106.0000000000
580 -105.0000000000
601 -104.0000000000
618 -103.0000000000
629 -102.0000000000
634 -101.0000000000
641 -100.0000000000
658 -99.0000000000
661 -98.0000000000
678 -97.0000000000
684 -96.0000000000
701 -95.0000000000
718 -94.0000000000
721 -93.0000000000
746 -91.0000000000
798 -90.0000000000
805 -89.0000000000
820 -87.0000000000
843 -86.0000000000
853 -84.0000000000
874 -83.0000000000
877 -82.0000000000
887 -81.0000000000
914 -80.0000000000
921 -78.0000000000
938 -76.0000000000
942 -75.0000000000
970 -74.0000000000
978 -73.0000000000
1006 -72.0000000000
1016 -71.0000000000
1040 -70.0000000000
1041 -69.0000000000
1074 -68.0000000000
1087 -67.0000000000
1111 -66.0000000000
1123 -64.0000000000
1132 -62.0000000000
1161 -60.0000000000
1194 -59.0000000000
1218 -58.0000000000
1243 -57.0000000000
1266 -56.0000000000
1271 -55.0000000000
1296 -54.0000000000
1301 -53.0000000000
1334 -52.0000000000
1365 -51.0000000000
1367 -50.0000000000
1372 -49.0000000000
1392 -48.0000000000
1417 -47.0000000000
1443 -46.0000000000
1453 -45.0000000000
1495 -44.0000000000
1502 -43.0000000000
1549 -42.0000000000
1552 -41.0000000000
1587 -40.0000000000
1607 -39.0000000000
1634 -37.0000000000
1664 -36.0000000000
1672 -33.0000000000
1704 -32.0000000000
1713 -31.0000000000
1733 -29.0000000000
1769 -28.0000000000
1824 -27.0000000000
1861 -25.0000000000
1880 -23.0000000000
1968 -22.0000000000
1980 -21.0000000000
2035 -20.0000000000
2098 -19.0000000000
2204 -18.0000000000
2282 -17.0000000000
2337 -16.0000000000
2353 -14.0000000000
2410 -13.0000000000
2448 -12.0000000000
2479 -11.0000000000
2499 -10.0000000000
2557 -9.0000000000
2570 -8.0000000000
2664 -7.0000000000
2721 -6.0000000000
2771 -5.0000000000
3005 -4.0000000000
3056 -3.0000000000
3143 -2.0000000000
3270 -1.0000000000
3460 390.0000000000
3476 407.0000000000
3498 410.0000000000
3615 413.0000000000
3781 415.0000000000
4294 417.0000000000
4357 420.0000000000
5036 422.0000000000
5062 425.0000000000
5299 426.0000000000
5371 427.0000000000
5851 428.0000000000
6176 429.0000000000
6285 430.0000000000
6376 431.0000000000
8054 432.0000000000
9997 433.0000000000
10484 434.0000000000
11167 435.0000000000
11616 436.0000000000
16266 438.0000000000
21348 440.0000000000
23107 441.0000000000
100000 -1.0000000000
evaluations raw_y
1 -219.0000000000
3 -218.0000000000
6 -214.0000000000
8 -213.0000000000
9 -195.0000000000
29 -191.0000000000
38 -190.0000000000
45 -188.0000000000
54 -186.0000000000
59 -182.0000000000
72 -181.0000000000
73 -179.0000000000
82 -178.0000000000
93 -177.0000000000
99 -176.0000000000
101 -175.0000000000
120 -171.0000000000
128 -170.0000000000
133 -169.0000000000
151 -168.0000000000
172 -167.0000000000
177 -166.0000000000
178 -164.0000000000
181 -163.0000000000
186 -162.0000000000
193 -160.0000000000
210 -159.0000000000
214 -158.0000000000
230 -157.0000000000
239 -156.0000000000
244 -155.0000000000
251 -153.0000000000
261 -152.0000000000
268 -151.0000000000
276 -149.0000000000
285 -148.0000000000
290 -147.0000000000
298 -144.0000000000
313 -143.0000000000
318 -142.0000000000
328 -140.0000000000
340 -139.0000000000
343 -137.0000000000
374 -135.0000000000
391 -130.0000000000
411 -129.0000000000
423 -127.0000000000
454 -126.0000000000
468 -125.0000000000
482 -124.0000000000
488 -123.0000000000
493 -121.0000000000
519 -120.0000000000
526 -119.0000000000
534 -118.0000000000
547 -117.0000000000
555 -116.0000000000
564 -115.0000000000
575 -113.0000000000
581 -112.0000000000
600 -110.0000000000
611 -109.0000000000
625 -106.0000000000
658 -105.0000000000
663 -104.0000000000
684 -103.0000000000
695 -102.0000000000
717 -101.0000000000
721 -100.0000000000
748 -97.0000000000
756 -96.0000000000
772 -95.0000000000
781 -94.0000000000
802 -93.0000000000
810 -92.0000000000
820 -90.0000000000
830 -88.0000000000
833 -86.0000000000
863 -85.0000000000
874 -84.0000000000
880 -83.0000000000
913 -82.0000000000
927 -80.0000000000
964 -79.0000000000
980 -78.0000000000
989 -77.0000000000
1005 -75.0000000000
1014 -74.0000000000
1031 -73.0000000000
1047 -72.0000000000
1063 -71.0000000000
1073 -70.0000000000
1079 -69.0000000000
1095 -68.0000000000
1112 -67.0000000000
1125 -66.0000000000
1130 -65.0000000000
1131 -64.0000000000
1151 -62.0000000000
1177 -60.0000000000
1204 -59.0000000000
1214 -58.0000000000
1252 -57.0000000000
1269 -55.0000000000
1288 -54.0000000000
1314 -53.0000000000
1323 -52.0000000000
1336 -51.0000000000
1356 -49.0000000000
1357 -48.0000000000
1368 -47.0000000000
1371 -45.0000000000
1402 -43.0000000000
1414 -41.0000000000
1438 -40.0000000000
1452 -39.0000000000
1499 -38.0000000000
1515 -36.0000000000
1563 -35.0000000000
1622 -34.0000000000
1625 -31.0000000000
1656 -30.0000000000
1708 -29.0000000000
1720 -28.0000000000
1755 -25.0000000000
1772 -24.0000000000
1817 -23.0000000000
1833 -22.0000000000
1886 -21.0000000000
1899 -20.0000000000
1957 -17.0000000000
1966 -16.0000000000
2014 -15.0000000000
2042 -14.0000000000
2069 -13.0000000000
2107 -12.0000000000
2119 -11.0000000000
2156 -9.0000000000
2217 -8.0000000000
2233 -7.0000000000
2284 -6.0000000000
2374 -5.0000000000
2408 -4.0000000000
2491 -3.0000000000
2564 -2.0000000000
2661 -1.0000000000
2687 368.0000000000
2744 370.0000000000
2767 372.0000000000
2826 373.0000000000
2828 375.0000000000
2865 384.0000000000
2880 389.0000000000
2898 390.0000000000
2909 392.0000000000
2992 396.0000000000
3025 397.0000000000
3104 401.0000000000
3115 402.0000000000
3144 407.0000000000
3285 408.0000000000
3336 411.0000000000
4058 418.0000000000
4255 423.0000000000
4362 425.0000000000
4944 427.0000000000
5054 428.0000000000
6008 429.0000000000
6872 430.0000000000
8174 431.0000000000
10897 432.0000000000
12022 433.0000000000
14835 434.0000000000
14887 435.0000000000
15987 436.0000000000
16924 438.0000000000
18242 439.0000000000
19593 441.0000000000
32012 442.0000000000
34568 443.0000000000
40681 444.0000000000
100000 -2.0000000000
evaluations raw_y
1 -199.0000000000
19 -198.0000000000
24 -194.0000000000
33 -193.0000000000
40 -185.0000000000
54 -182.0000000000
58 -180.0000000000
64 -174.0000000000
86 -173.0000000000
94 -166.0000000000
107 -159.0000000000
125 -158.0000000000
138 -157.0000000000
144 -154.0000000000
147 -153.0000000000
151 -151.0000000000
157 -149.0000000000
171 -148.0000000000
178 -147.0000000000
187 -145.0000000000
197 -144.0000000000
201 -142.0000000000
218 -138.0000000000
221 -137.0000000000
240 -136.0000000000
254 -134.0000000000
255 -132.0000000000
276 -131.0000000000
287 -129.0000000000
304 -127.0000000000
323 -126.0000000000
334 -123.0000000000
348 -122.0000000000
357 -121.0000000000
371 -120.0000000000
389 -118.0000000000
407 -117.0000000000
409 -116.0000000000
416 -115.0000000000
428 -113.0000000000
440 -111.0000000000
464 -109.0000000000
471 -106.0000000000
515 -105.0000000000
520 -104.0000000000
530 -103.0000000000
549 -102.0000000000
554 -101.0000000000
581 -100.0000000000
583 -99.0000000000
608 -97.0000000000
645 -95.0000000000
654 -94.0000000000
671 -93.0000000000
681 -92.0000000000
692 -90.0000000000
703 -88.0000000000
724 -87.0000000000
742 -85.0000000000
773 -84.0000000000
775 -83.0000000000
785 -82.0000000000
799 -81.0000000000
805 -80.0000000000
824 -78.0000000000
842 -77.0000000000
861 -75.0000000000
877 -74.0000000000
908 -73.0000000000
923 -72.0000000000
927 -71.0000000000
931 -70.0000000000
956 -69.0000000000
958 -68.0000000000
967 -66.0000000000
984 -65.0000000000
1013 -63.0000000000
1043 -62.0000000000
1055 -61.0000000000
1077 -60.0000000000
1101 -59.0000000000
1120 -58.0000000000
1137 -55.0000000000
1158 -54.0000000000
1191 -52.0000000000
1207 -51.0000000000
1231 -50.0000000000
1259 -49.0000000000
1274 -47.0000000000
1301 -45.0000000000
1332 -43.0000000000
1378 -42.0000000000
1386 -40.0000000000
1439 -39.0000000000
1449 -38.0000000000
1462 -36.0000000000
1512 -34.0000000000
1538 -33.0000000000
1545 -32.0000000000
1573 -31.0000000000
1584 -30.0000000000
1615 -29.0000000000
1641 -28.0000000000
1712 -27.0000000000
1732 -26.0000000000
1755 -25.0000000000
1761 -24.0000000000
1804 -23.0000000000
1828 -22.0000000000
1840 -21.0000000000
1890 -20.0000000000
1891 -19.0000000000
1915 -18.0000000000
1921 -17.0000000000
1967 -15.0000000000
2065 -14.0000000000
2071 -12.0000000000
2091 -11.0000000000
2144 -10.0000000000
2160 -9.0000000000
2179 -7.0000000000
2263 -6.0000000000
2283 -5.0000000000
2319 -4.0000000000
2379 -2.0000000000
2567 -1.0000000000
2662 370.0000000000
2707 376.0000000000
2733 378.0000000000
2740 383.0000000000
2790 391.0000000000
2894 394.0000000000
3051 401.0000000000
3448 408.0000000000
3502 416.0000000000
3734 418.0000000000
3851 421.0000000000
3923 422.0000000000
4034 425.0000000000
4212 427.0000000000
7183 429.0000000000
7655 432.0000000000
9177 433.0000000000
9209 434.0000000000
9374 436.0000000000
12283 437.0000000000
13192 438.0000000000
13402 439.0000000000
15940 440.0000000000
100000 -2.0000000000
evaluations raw_y
1 -211.0000000000
2 -207.0000000000
5 -197.0000000000
10 -191.0000000000
12 -188.0000000000
16 -187.0000000000
26 -186.0000000000
31 -181.0000000000
35 -179.0000000000
43 -175.0000000000
54 -174.0000000000
57 -162.0000000000
67 -161.0000000000
70 -158.0000000000
77 -157.0000000000
82 -156.0000000000
92 -155.0000000000
100 -153.0000000000
107 -152.0000000000
117 -151.0000000000
119 -149.0000000000
123 -148.0000000000
134 -146.0000000000
149 -145.0000000000
154 -144.0000000000
172 -143.0000000000
174 -141.0000000000
192 -140.0000000000
201 -137.0000000000
223 -136.0000000000
236 -135.0000000000
242 -134.0000000000
248 -133.0000000000
267 -132.0000000000
281 -129.0000000000
304 -128.0000000000
319 -127.0000000000
351 -125.0000000000
362 -124.0000000000
383 -123.0000000000
393 -121.0000000000
410 -120.0000000000
417 -118.0000000000
418 -117.0000000000
432 -114.0000000000
456 -113.0000000000
478 -112.0000000000
486 -108.0000000000
503 -107.0000000000
506 -106.0000000000
525 -105.0000000000
526 -104.0000000000
551 -103.0000000000
561 -101.0000000000
578 -100.0000000000
611 -99.0000000000
625 -98.0000000000
632 -96.0000000000
654 -95.0000000000
675 -94.0000000000
693 -93.0000000000
712 -92.0000000000
725 -91.0000000000
738 -90.0000000000
739 -89.0000000000
756 -88.0000000000
762 -87.0000000000
777 -86.0000000000
797 -85.0000000000
805 -83.0000000000
834 -82.0000000000
840 -81.0000000000
866 -80.0000000000
878 -78.0000000000
883 -77.0000000000
893 -76.0000000000
919 -75.0000000000
933 -74.0000000000
945 -73.0000000000
968 -72.0000000000
975 -70.0000000000
997 -69.0000000000
1008 -68.0000000000
1046 -67.0000000000
1051 -66.0000000000
1095 -65.0000000000
1115 -64.0000000000
1129 -63.0000000000
1157 -61.0000000000
1202 -59.0000000000
1252 -58.0000000000
1277 -55.0000000000
1327 -54.0000000000
1354 -52.0000000000
1357 -51.0000000000
1388 -50.0000000000
1402 -49.0000000000
1411 -48.0000000000
1424 -47.0000000000
1430 -46.0000000000
1434 -45.0000000000
1441 -43.0000000000
1469 -42.0000000000
1489 -41.0000000000
1502 -40.0000000000
1529 -37.0000000000
1550 -36.0000000000
1587 -35.0000000000
1596 -34.0000000000
1646 -33.0000000000
1669 -32.0000000000
1693 -31.0000000000
1724 -30.0000000000
1735 -29.0000000000
1773 -28.0000000000
1787 -27.0000000000
1806 -26.0000000000
1857 -25.0000000000
1862 -24.0000000000
1888 -23.0000000000
1893 -21.0000000000
1954 -20.0000000000
2006 -19.0000000000
2020 -18.0000000000
2022 -17.0000000000
2031 -15.0000000000
2083 -14.0000000000
2127 -13.0000000000
2136 -12.0000000000
2175 -11.0000000000
2182 -10.0000000000
2274 -9.0000000000
2339 -8.0000000000
2345 -6.0000000000
2435 -5.0000000000
2483 -4.0000000000
2539 -2.0000000000
2641 -1.0000000000
2691 396.0000000000
2756 402.0000000000
2855 406.0000000000
3093 408.0000000000
3150 409.0000000000
3153 411.0000000000
3251 414.0000000000
3564 419.0000000000
4033 421.0000000000
4246 422.0000000000
4806 423.0000000000
5233 424.0000000000
5313 426.0000000000
5438 427.0000000000
5690 428.0000000000
5762 431.0000000000
7026 434.0000000000
7664 435.0000000000
9375 436.0000000000
100000 -1.0000000000
evaluations raw_y
1 -217.0000000000
2 -212.0000000000
8 -210.0000000000
10 -209.0000000000
12 -208.0000000000
16 -207.0000000000
30 -206.0000000000
38 -200.0000000000
41 -198.0000000000
42 -194.0000000000
54 -188.0000000000
78 -183.0000000000
94 -182.0000000000
103 -181.0000000000
110 -180.0000000000
117 -179.0000000000
121 -175.0000000000
131 -174.0000000000
154 -173.0000000000
161 -172.0000000000
166 -171.0000000000
187 -169.0000000000
201 -168.0000000000
213 -167.0000000000
219 -165.0000000000
222 -164.0000000000
238 -163.0000000000
253 -160.0000000000
261 -157.0000000000
280 -156.0000000000
292 -154.0000000000
302 -150.0000000000
321 -149.0000000000
340 -146.0000000000
354 -145.0000000000
362 -144.0000000000
375 -143.0000000000
387 -142.0000000000
398 -141.0000000000
402 -140.0000000000
424 -138.0000000000
442 -137.0000000000
450 -136.0000000000
455 -135.0000000000
459 -134.0000000000
465 -133.0000000000
470 -132.0000000000
476 -131.0000000000
506 -130.0000000000
513 -127.0000000000
521 -125.0000000000
545 -124.0000000000
547 -123.0000000000
551 -122.0000000000
572 -120.0000000000
605 -117.0000000000
616 -116.0000000000
628 -115.0000000000
638 -114.0000000000
642 -111.0000000000
669 -110.0000000000
674 -109.0000000000
687 -108.0000000000
698 -107.0000000000
705 -106.0000000000
714 -105.0000000000
742 -103.0000000000
761 -101.0000000000
772 -99.0000000000
806 -98.0000000000
809 -97.0000000000
814 -96.0000000000
835 -95.0000000000
847 -94.0000000000
871 -93.0000000000
883 -92.0000000000
897 -91.0000000000
909 -90.0000000000
911 -89.0000000000
945 -88.0000000000
960 -87.0000000000
973 -86.0000000000
984 -85.0000000000
987 -84.0000000000
1003 -83.0000000000
1004 -80.0000000000
1035 -79.0000000000
1053 -78.0000000000
1101 -75.0000000000
1125 -74.0000000000
1135 -73.0000000000
1141 -72.0000000000
1175 -71.0000000000
1194 -70.0000000000
1202 -69.0000000000
1206 -68.0000000000
1227 -67.0000000000
1233 -66.0000000000
1243 -65.0000000000
1262 -64.0000000000
1279 -63.0000000000
1301 -62.0000000000
1309 -61.0000000000
1362 -60.0000000000
1371 -59.0000000000
1386 -58.0000000000
1416 -56.0000000000
1444 -53.0000000000
1469 -52.0000000000
1543 -51.0000000000
1552 -50.0000000000
1571 -49.0000000000
1591 -48.0000000000
1597 -47.0000000000
1598 -46.0000000000
1627 -45.0000000000
1646 -43.0000000000
1658 -42.0000000000
1692 -41.0000000000
1705 -40.0000000000
1731 -39.0000000000
1751 -38.0000000000
1769 -37.0000000000
1805 -36.0000000000
1839 -35.0000000000
1852 -33.0000000000
1887 -32.0000000000
1926 -31.0000000000
1936 -30.0000000000
1948 -29.0000000000
1992 -28.0000000000
2018 -26.0000000000
2039 -25.0000000000
2062 -23.0000000000
2115 -22.0000000000
2116 -21.0000000000
2134 -20.0000000000
2182 -19.0000000000
2188 -18.0000000000
2219 -17.0000000000
2244 -15.0000000000
2311 -13.0000000000
2357 -12.0000000000
2401 -11.0000000000
2452 -9.0000000000
2589 -8.0000000000
2623 -7.0000000000
2634 -6.0000000000
2706 -5.0000000000
2717 -3.0000000000
2877 -1.0000000000
3037 397.0000000000
3086 401.0000000000
3128 404.0000000000
3145 405.0000000000
3196 407.0000000000
3248 408.0000000000
3260 413.0000000000
3344 415.0000000000
3879 418.0000000000
3962 419.0000000000
4110 421.0000000000
4368 423.0000000000
5158 424.0000000000
6405 425.0000000000
7314 429.0000000000
7636 432.0000000000
7881 434.0000000000
8223 435.0000000000
9048 436.0000000000
76807 437.0000000000
82462 438.0000000000
87365 439.0000000000
88382 440.0000000000
100000 -2.0000000000
