evaluations raw_y
1 0.0000000000
2 69.0000000000
3 286.0000000000
6 326.0000000000
7 388.0000000000
895 397.0000000000
1466 403.0000000000
1558 405.0000000000
2114 406.0000000000
2786 410.0000000000
3634 413.0000000000
4076 415.0000000000
7156 416.0000000000
7926 419.0000000000
8353 423.0000000000
8528 425.0000000000
10000 -1.0000000000
evaluations raw_y
1 79.0000000000
3 223.0000000000
4 244.0000000000
5 319.0000000000
7 346.0000000000
9 376.0000000000
218 382.0000000000
445 393.0000000000
1184 398.0000000000
1556 402.0000000000
1725 405.0000000000
1836 410.0000000000
3086 414.0000000000
5985 418.0000000000
7107 419.0000000000
10000 -2.0000000000
evaluations raw_y
1 0.0000000000
3 130.0000000000
7 184.0000000000
13 258.0000000000
14 350.0000000000
16 370.0000000000
17 379.0000000000
215 380.0000000000
227 394.0000000000
307 401.0000000000
990 405.0000000000
1088 410.0000000000
1765 415.0000000000
2179 419.0000000000
7040 425.0000000000
10000 -4.0000000000
evaluations raw_y
1 162.0000000000
3 221.0000000000
5 272.0000000000
7 302.0000000000
8 340.0000000000
9 407.0000000000
405 409.0000000000
1103 414.0000000000
3462 417.0000000000
4121 422.0000000000
4826 426.0000000000
10000 -1.0000000000
evaluations raw_y
1 90.0000000000
4 291.0000000000
6 327.0000000000
7 395.0000000000
9 398.0000000000
466 400.0000000000
553 401.0000000000
1178 404.0000000000
1454 407.0000000000
3086 415.0000000000
3412 418.0000000000
6081 419.0000000000
6168 420.0000000000
10000 -1.0000000000
evaluations raw_y
1 61.0000000000
2 204.0000000000
3 253.0000000000
4 285.0000000000
5 311.0000000000
6 347.0000000000
7 367.0000000000
12 388.0000000000
16 393.0000000000
440 396.0000000000
1308 404.0000000000
1490 410.0000000000
1632 414.0000000000
3632 415.0000000000
6595 417.0000000000
7625 419.0000000000
10000 419.0000000000
evaluations raw_y
1 97.0000000000
2 166.0000000000
3 275.0000000000
4 304.0000000000
5 318.0000000000
6 383.0000000000
7 404.0000000000
368 408.0000000000
1503 416.0000000000
1947 420.0000000000
2448 424.0000000000
7269 426.0000000000
8721 427.0000000000
9248 429.0000000000
10000 -1.0000000000
evaluations raw_y
1 74.0000000000
4 139.0000000000
5 234.0000000000
7 304.0000000000
8 357.0000000000
10 373.0000000000
393 378.0000000000
1208 385.0000000000
1404 398.0000000000
1447 406.0000000000
1642 408.0000000000
2082 412.0000000000
3079 415.0000000000
4850 421.0000000000
7551 424.0000000000
10000 -1.0000000000
evaluations raw_y
1 222.0000000000
3 275.0000000000
6 332.0000000000
7 356.0000000000
8 370.0000000000
9 388.0000000000
10 401.0000000000
116 406.0000000000
426 408.0000000000
1265 411.0000000000
2232 412.0000000000
2336 415.0000000000
5687 419.0000000000
7223 424.0000000000
8535 426.0000000000
10000 -1.0000000000
evaluations raw_y
1 84.0000000000
2 230.0000000000
3 290.0000000000
5 319.0000000000
6 361.0000000000
9 394.0000000000
629 398.0000000000
1112 402.0000000000
1491 407.0000000000
3324 408.0000000000
3767 409.0000000000
4854 413.0000000000
6254 417.0000000000
7970 418.0000000000
9165 420.0000000000
10000 -2.0000000000
evaluations raw_y
1 0.0000000000
2 112.0000000000
3 263.0000000000
4 339.0000000000
6 381.0000000000
9 394.0000000000
305 400.0000000000
664 401.0000000000
1132 403.0000000000
1275 406.0000000000
1506 407.0000000000
2855 410.0000000000
2973 413.0000000000
3005 416.0000000000
5659 417.0000000000
10000 417.0000000000
evaluations raw_y
1 0.0000000000
2 159.0000000000
5 198.0000000000
6 242.0000000000
7 309.0000000000
8 344.0000000000
9 354.0000000000
10 361.0000000000
12 372.0000000000
108 373.0000000000
118 375.0000000000
449 384.0000000000
681 393.0000000000
720 394.0000000000
1343 395.0000000000
1433 396.0000000000
1584 397.0000000000
1613 401.0000000000
1645 407.0000000000
1841 412.0000000000
5117 413.0000000000
6212 415.0000000000
6538 418.0000000000
6830 420.0000000000
7220 421.0000000000
7425 422.0000000000
10000 422.0000000000
evaluations raw_y
1 92.0000000000
2 170.0000000000
10 256.0000000000
11 284.0000000000
13 306.0000000000
14 313.0000000000
16 373.0000000000
18 391.0000000000
474 393.0000000000
526 397.0000000000
821 399.0000000000
1351 402.0000000000
1556 406.0000000000
2340 408.0000000000
4418 410.0000000000
5523 412.0000000000
8668 417.0000000000
10000 -1.0000000000
evaluations raw_y
1 85.0000000000
3 159.0000000000
4 219.0000000000
5 297.0000000000
6 328.0000000000
7 351.0000000000
8 392.0000000000
10 397.0000000000
138 400.0000000000
464 403.0000000000
946 406.0000000000
1764 408.0000000000
3543 410.0000000000
4094 411.0000000000
4429 422.0000000000
10000 422.0000000000
evaluations raw_y
1 89.0000000000
2 133.0000000000
4 190.0000000000
6 315.0000000000
10 331.0000000000
12 370.0000000000
13 389.0000000000
171 398.0000000000
1556 403.0000000000
1686 405.0000000000
1805 407.0000000000
3036 412.0000000000
6287 414.0000000000
6556 416.0000000000
7573 417.0000000000
10000 -3.0000000000
evaluations raw_y
1 83.0000000000
2 302.0000000000
4 377.0000000000
5 399.0000000000
120 401.0000000000
545 402.0000000000
696 408.0000000000
2466 416.0000000000
5791 419.0000000000
7827 421.0000000000
9189 423.0000000000
10000 -1.0000000000
evaluations raw_y
1 89.0000000000
2 212.0000000000
3 246.0000000000
4 267.0000000000
5 302.0000000000
6 350.0000000000
7 388.0000000000
12 390.0000000000
93 396.0000000000
230 403.0000000000
675 406.0000000000
2570 411.0000000000
2745 419.0000000000
3031 421.0000000000
3171 424.0000000000
4472 425.0000000000
5734 426.0000000000
8352 427.0000000000
10000 -1.0000000000
evaluations raw_y
1 228.0000000000
2 276.0000000000
3 341.0000000000
5 355.0000000000
6 370.0000000000
7 387.0000000000
258 391.0000000000
848 394.0000000000
1292 398.0000000000
1440 406.0000000000
2736 407.0000000000
3488 408.0000000000
4235 410.0000000000
4324 413.0000000000
5467 418.0000000000
5904 422.0000000000
7258 423.0000000000
7960 425.0000000000
10000 -3.0000000000
evaluations raw_y
1 138.0000000000
6 247.0000000000
10 281.0000000000
11 305.0000000000
14 331.0000000000
15 348.0000000000
16 375.0000000000
413 380.0000000000
693 381.0000000000
904 394.0000000000
1204 400.0000000000
1318 402.0000000000
2783 404.0000000000
2811 406.0000000000
2888 413.0000000000
3026 419.0000000000
3132 420.0000000000
10000 420.0000000000
evaluations raw_y
1 74.0000000000
4 157.0000000000
7 198.0000000000
8 222.0000000000
9 273.0000000000
11 305.0000000000
12 333.0000000000
13 352.0000000000
15 387.0000000000
414 403.0000000000
1087 404.0000000000
1418 409.0000000000
1988 410.0000000000
2059 419.0000000000
3318 421.0000000000
5616 422.0000000000
7910 427.0000000000
10000 -1.0000000000
evaluations raw_y
1 0.0000000000
2 195.0000000000
3 274.0000000000
4 306.0000000000
5 328.0000000000
7 350.0000000000
10 365.0000000000
13 388.0000000000
443 390.0000000000
596 392.0000000000
825 394.0000000000
2480 402.0000000000
4633 405.0000000000
5513 408.0000000000
6969 409.0000000000
7410 413.0000000000
8506 414.0000000000
9483 419.0000000000
10000 419.0000000000
evaluations raw_y
1 82.0000000000
2 242.0000000000
3 268.0000000000
4 296.0000000000
6 316.0000000000
8 329.0000000000
10 346.0000000000
16 369.0000000000
811 376.0000000000
1170 387.0000000000
1191 391.0000000000
2030 395.0000000000
2808 400.0000000000
3385 403.0000000000
3468 405.0000000000
3491 409.0000000000
3739 413.0000000000
4377 417.0000000000
7676 418.0000000000
10000 418.0000000000
evaluations raw_y
1 92.0000000000
2 178.0000000000
3 224.0000000000
5 263.0000000000
6 304.0000000000
7 353.0000000000
10 363.0000000000
99 373.0000000000
695 376.0000000000
951 382.0000000000
2407 392.0000000000
2934 399.0000000000
4555 406.0000000000
4604 407.0000000000
7908 412.0000000000
10000 412.0000000000
evaluations raw_y
1 0.0000000000
4 71.0000000000
5 143.0000000000
6 244.0000000000
7 272.0000000000
8 300.0000000000
10 307.0000000000
11 338.0000000000
12 393.0000000000
81 398.0000000000
483 407.0000000000
1129 413.0000000000
6737 418.0000000000
7229 419.0000000000
7940 421.0000000000
8749 422.0000000000
10000 -1.0000000000
evaluations raw_y
1 82.0000000000
3 147.0000000000
5 230.0000000000
7 305.0000000000
8 336.0000000000
10 372.0000000000
12 403.0000000000
827 406.0000000000
1038 412.0000000000
1217 414.0000000000
4330 415.0000000000
4704 417.0000000000
6479 418.0000000000
9914 421.0000000000
10000 421.0000000000
evaluations raw_y
1 154.0000000000
2 237.0000000000
3 274.0000000000
4 349.0000000000
5 372.0000000000
6 385.0000000000
573 396.0000000000
1159 400.0000000000
1427 403.0000000000
1438 407.0000000000
1628 408.0000000000
3032 411.0000000000
3193 413.0000000000
7361 414.0000000000
8765 415.0000000000
9569 421.0000000000
10000 -2.0000000000
evaluations raw_y
1 70.0000000000
2 177.0000000000
3 242.0000000000
5 361.0000000000
6 374.0000000000
7 389.0000000000
8 403.0000000000
203 404.0000000000
914 407.0000000000
948 410.0000000000
1400 415.0000000000
3340 417.0000000000
3514 419.0000000000
4003 420.0000000000
6804 422.0000000000
10000 -1.0000000000
evaluations raw_y
1 0.0000000000
2 153.0000000000
3 200.0000000000
7 255.0000000000
9 296.0000000000
10 320.0000000000
12 351.0000000000
14 372.0000000000
17 382.0000000000
19 391.0000000000
394 400.0000000000
963 401.0000000000
971 405.0000000000
2360 406.0000000000
3352 411.0000000000
4275 413.0000000000
4286 414.0000000000
6028 415.0000000000
6658 416.0000000000
8171 418.0000000000
10000 418.0000000000
evaluations raw_y
1 74.0000000000
3 260.0000000000
4 299.0000000000
6 320.0000000000
7 349.0000000000
10 384.0000000000
11 395.0000000000
251 399.0000000000
340 401.0000000000
663 406.0000000000
925 410.0000000000
2968 414.0000000000
3688 421.0000000000
7033 422.0000000000
7308 423.0000000000
9573 425.0000000000
10000 -2.0000000000
evaluations raw_y
1 151.0000000000
2 195.0000000000
4 242.0000000000
5 303.0000000000
6 321.0000000000
7 347.0000000000
9 367.0000000000
12 375.0000000000
60 376.0000000000
211 382.0000000000
814 386.0000000000
1495 389.0000000000
1589 390.0000000000
2894 394.0000000000
3062 401.0000000000
3576 405.0000000000
3759 407.0000000000
3907 408.0000000000
4485 410.0000000000
7175 420.0000000000
7634 423.0000000000
8390 424.0000000000
8922 426.0000000000
10000 -1.0000000000
