evaluations raw_y
1 -1917.0000000000
13 -1886.0000000000
57 -1867.0000000000
65 -1866.0000000000
79 -1848.0000000000
80 -1834.0000000000
92 -1822.0000000000
114 -1821.0000000000
115 -1819.0000000000
130 -1809.0000000000
141 -1799.0000000000
145 -1796.0000000000
175 -1795.0000000000
176 -1792.0000000000
187 -1788.0000000000
188 -1785.0000000000
208 -1767.0000000000
226 -1763.0000000000
241 -1749.0000000000
282 -1748.0000000000
303 -1747.0000000000
310 -1745.0000000000
311 -1744.0000000000
324 -1743.0000000000
325 -1738.0000000000
345 -1736.0000000000
346 -1726.0000000000
372 -1725.0000000000
373 -1723.0000000000
379 -1711.0000000000
401 -1702.0000000000
429 -1700.0000000000
450 -1697.0000000000
467 -1695.0000000000
486 -1693.0000000000
506 -1691.0000000000
512 -1689.0000000000
532 -1684.0000000000
598 -1680.0000000000
628 -1679.0000000000
632 -1678.0000000000
648 -1677.0000000000
665 -1676.0000000000
666 -1673.0000000000
707 -1672.0000000000
711 -1670.0000000000
745 -1669.0000000000
748 -1667.0000000000
766 -1665.0000000000
782 -1664.0000000000
806 -1661.0000000000
851 -1659.0000000000
875 -1658.0000000000
887 -1656.0000000000
901 -1655.0000000000
919 -1652.0000000000
968 -1649.0000000000
1007 -1648.0000000000
1014 -1647.0000000000
1024 -1646.0000000000
1027 -1644.0000000000
1045 -1643.0000000000
1082 -1642.0000000000
1086 -1640.0000000000
1105 -1638.0000000000
1131 -1637.0000000000
1142 -1634.0000000000
1164 -1632.0000000000
1175 -1631.0000000000
1211 -1630.0000000000
1214 -1629.0000000000
1237 -1626.0000000000
1265 -1625.0000000000
1285 -1623.0000000000
1305 -1620.0000000000
1322 -1619.0000000000
1332 -1618.0000000000
1348 -1616.0000000000
1362 -1615.0000000000
1366 -1613.0000000000
1396 -1612.0000000000
1413 -1611.0000000000
1423 -1609.0000000000
1442 -1608.0000000000
1450 -1607.0000000000
1472 -1606.0000000000
1474 -1604.0000000000
1481 -1603.0000000000
1501 -1601.0000000000
1534 -1600.0000000000
1550 -1598.0000000000
1586 -1597.0000000000
1600 -1596.0000000000
1605 -1595.0000000000
1634 -1592.0000000000
1645 -1590.0000000000
1662 -1589.0000000000
1676 -1588.0000000000
1683 -1587.0000000000
1703 -1585.0000000000
1727 -1584.0000000000
1741 -1581.0000000000
1759 -1580.0000000000
1763 -1579.0000000000
1769 -1578.0000000000
1789 -1577.0000000000
1803 -1575.0000000000
1812 -1573.0000000000
1829 -1570.0000000000
1865 -1569.0000000000
1887 -1568.0000000000
1890 -1565.0000000000
1892 -1564.0000000000
1921 -1563.0000000000
1935 -1562.0000000000
1973 -1561.0000000000
1990 -1560.0000000000
2025 -1558.0000000000
2049 -1556.0000000000
2065 -1555.0000000000
2085 -1552.0000000000
2125 -1551.0000000000
2144 -1550.0000000000
2161 -1549.0000000000
2165 -1548.0000000000
2184 -1547.0000000000
2197 -1546.0000000000
2204 -1544.0000000000
2211 -1543.0000000000
2229 -1542.0000000000
2241 -1541.0000000000
2260 -1540.0000000000
2278 -1537.0000000000
2280 -1535.0000000000
2310 -1534.0000000000
2327 -1532.0000000000
2344 -1530.0000000000
2361 -1527.0000000000
2395 -1526.0000000000
2426 -1525.0000000000
2429 -1522.0000000000
2453 -1521.0000000000
2468 -1520.0000000000
2486 -1519.0000000000
2502 -1518.0000000000
2508 -1517.0000000000
2541 -1516.0000000000
2555 -1515.0000000000
2582 -1513.0000000000
2614 -1512.0000000000
2621 -1510.0000000000
2631 -1509.0000000000
2666 -1508.0000000000
2679 -1507.0000000000
2699 -1506.0000000000
2700 -1504.0000000000
2721 -1503.0000000000
2741 -1502.0000000000
2742 -1501.0000000000
2763 -1499.0000000000
2793 -1498.0000000000
2806 -1497.0000000000
2832 -1496.0000000000
2836 -1494.0000000000
2857 -1493.0000000000
2862 -1491.0000000000
2909 -1490.0000000000
2924 -1487.0000000000
2953 -1485.0000000000
2962 -1484.0000000000
3001 -1483.0000000000
3013 -1482.0000000000
3021 -1479.0000000000
3047 -1477.0000000000
3082 -1476.0000000000
3103 -1475.0000000000
3108 -1474.0000000000
3124 -1472.0000000000
3143 -1470.0000000000
3179 -1468.0000000000
3189 -1467.0000000000
3202 -1466.0000000000
3203 -1465.0000000000
3215 -1463.0000000000
3222 -1462.0000000000
3229 -1460.0000000000
3264 -1459.0000000000
3289 -1458.0000000000
3318 -1457.0000000000
3322 -1456.0000000000
3341 -1455.0000000000
3352 -1454.0000000000
3356 -1452.0000000000
3396 -1450.0000000000
3420 -1448.0000000000
3430 -1443.0000000000
3442 -1442.0000000000
3483 -1441.0000000000
3513 -1440.0000000000
3528 -1439.0000000000
3541 -1438.0000000000
3559 -1436.0000000000
3564 -1435.0000000000
3596 -1434.0000000000
3600 -1433.0000000000
3606 -1432.0000000000
3630 -1431.0000000000
3635 -1430.0000000000
3641 -1429.0000000000
3665 -1427.0000000000
3670 -1425.0000000000
3701 -1424.0000000000
3716 -1423.0000000000
3742 -1422.0000000000
3760 -1420.0000000000
3765 -1419.0000000000
3769 -1418.0000000000
3797 -1417.0000000000
3806 -1413.0000000000
3826 -1412.0000000000
3844 -1411.0000000000
3867 -1410.0000000000
3881 -1408.0000000000
3910 -1407.0000000000
3926 -1405.0000000000
3932 -1403.0000000000
3962 -1401.0000000000
3994 -1400.0000000000
4002 -1399.0000000000
4004 -1398.0000000000
4032 -1396.0000000000
4051 -1395.0000000000
4071 -1394.0000000000
4079 -1392.0000000000
4110 -1391.0000000000
4120 -1390.0000000000
4126 -1389.0000000000
4127 -1388.0000000000
4173 -1386.0000000000
4189 -1383.0000000000
4198 -1382.0000000000
4221 -1381.0000000000
4227 -1379.0000000000
4243 -1378.0000000000
4269 -1377.0000000000
4302 -1376.0000000000
4305 -1374.0000000000
4317 -1373.0000000000
4347 -1372.0000000000
4356 -1371.0000000000
4367 -1370.0000000000
4373 -1369.0000000000
4376 -1368.0000000000
4385 -1366.0000000000
4428 -1362.0000000000
4471 -1360.0000000000
4483 -1359.0000000000
4509 -1358.0000000000
4522 -1355.0000000000
4543 -1352.0000000000
4579 -1348.0000000000
4613 -1347.0000000000
4618 -1346.0000000000
4627 -1345.0000000000
4647 -1344.0000000000
4666 -1343.0000000000
4682 -1342.0000000000
4704 -1341.0000000000
4720 -1340.0000000000
4722 -1339.0000000000
4746 -1337.0000000000
4787 -1336.0000000000
4789 -1335.0000000000
4802 -1334.0000000000
4803 -1331.0000000000
4833 -1330.0000000000
4862 -1329.0000000000
4865 -1328.0000000000
4882 -1324.0000000000
4917 -1323.0000000000
4925 -1321.0000000000
4969 -1318.0000000000
4975 -1317.0000000000
5010 -1316.0000000000
5059 -1315.0000000000
5061 -1314.0000000000
5067 -1312.0000000000
5083 -1311.0000000000
5097 -1310.0000000000
5105 -1308.0000000000
5124 -1307.0000000000
5147 -1305.0000000000
5181 -1304.0000000000
5186 -1303.0000000000
5204 -1302.0000000000
5215 -1301.0000000000
5221 -1300.0000000000
5251 -1299.0000000000
5266 -1298.0000000000
5281 -1295.0000000000
5314 -1293.0000000000
5366 -1292.0000000000
5381 -1290.0000000000
5422 -1289.0000000000
5436 -1288.0000000000
5446 -1287.0000000000
5448 -1286.0000000000
5462 -1285.0000000000
5472 -1284.0000000000
5493 -1283.0000000000
5503 -1282.0000000000
5527 -1280.0000000000
5536 -1279.0000000000
5552 -1277.0000000000
5561 -1276.0000000000
5586 -1274.0000000000
5613 -1272.0000000000
5626 -1270.0000000000
5650 -1269.0000000000
5663 -1268.0000000000
5672 -1266.0000000000
5705 -1264.0000000000
5709 -1261.0000000000
5763 -1260.0000000000
5769 -1257.0000000000
5783 -1256.0000000000
5805 -1253.0000000000
5821 -1252.0000000000
5853 -1251.0000000000
5884 -1248.0000000000
5921 -1247.0000000000
5924 -1245.0000000000
5943 -1244.0000000000
5970 -1243.0000000000
5979 -1242.0000000000
5981 -1239.0000000000
6002 -1237.0000000000
6028 -1236.0000000000
6044 -1234.0000000000
6070 -1233.0000000000
6084 -1231.0000000000
6113 -1229.0000000000
6131 -1228.0000000000
6138 -1227.0000000000
6154 -1226.0000000000
6159 -1224.0000000000
6183 -1223.0000000000
6215 -1222.0000000000
6225 -1219.0000000000
6253 -1215.0000000000
6263 -1213.0000000000
6285 -1210.0000000000
6326 -1208.0000000000
6350 -1207.0000000000
6362 -1206.0000000000
6394 -1205.0000000000
6405 -1203.0000000000
6421 -1202.0000000000
6441 -1201.0000000000
6472 -1199.0000000000
6491 -1198.0000000000
6502 -1197.0000000000
6525 -1196.0000000000
6531 -1194.0000000000
6546 -1193.0000000000
6566 -1192.0000000000
6579 -1191.0000000000
6591 -1190.0000000000
6607 -1188.0000000000
6622 -1186.0000000000
6641 -1185.0000000000
6665 -1184.0000000000
6684 -1183.0000000000
6703 -1181.0000000000
6722 -1180.0000000000
6724 -1178.0000000000
6752 -1177.0000000000
6762 -1176.0000000000
6778 -1175.0000000000
6782 -1172.0000000000
6823 -1170.0000000000
6856 -1169.0000000000
6867 -1167.0000000000
6885 -1164.0000000000
6905 -1163.0000000000
6917 -1162.0000000000
6922 -1161.0000000000
6966 -1160.0000000000
6973 -1159.0000000000
6981 -1158.0000000000
6987 -1156.0000000000
7021 -1155.0000000000
7024 -1154.0000000000
7062 -1152.0000000000
7084 -1151.0000000000
7086 -1150.0000000000
7094 -1149.0000000000
7126 -1148.0000000000
7137 -1147.0000000000
7142 -1146.0000000000
7163 -1145.0000000000
7172 -1144.0000000000
7182 -1141.0000000000
7207 -1140.0000000000
7226 -1139.0000000000
7243 -1137.0000000000
7262 -1136.0000000000
7284 -1135.0000000000
7311 -1134.0000000000
7323 -1133.0000000000
7331 -1132.0000000000
7358 -1131.0000000000
7386 -1130.0000000000
7418 -1129.0000000000
7424 -1128.0000000000
7451 -1127.0000000000
7463 -1126.0000000000
7482 -1125.0000000000
7501 -1124.0000000000
7509 -1123.0000000000
7523 -1122.0000000000
7544 -1121.0000000000
7546 -1120.0000000000
7567 -1119.0000000000
7586 -1118.0000000000
7591 -1116.0000000000
7603 -1115.0000000000
7627 -1114.0000000000
7645 -1112.0000000000
7673 -1111.0000000000
7707 -1110.0000000000
7709 -1107.0000000000
7733 -1106.0000000000
7749 -1105.0000000000
7760 -1104.0000000000
7761 -1103.0000000000
7778 -1102.0000000000
7789 -1101.0000000000
7807 -1099.0000000000
7841 -1097.0000000000
7883 -1096.0000000000
7895 -1094.0000000000
7896 -1093.0000000000
7903 -1091.0000000000
7949 -1090.0000000000
7980 -1089.0000000000
7996 -1088.0000000000
8028 -1087.0000000000
8043 -1085.0000000000
8068 -1084.0000000000
8088 -1083.0000000000
8109 -1082.0000000000
8115 -1081.0000000000
8133 -1080.0000000000
8152 -1079.0000000000
8172 -1078.0000000000
8182 -1077.0000000000
8194 -1075.0000000000
8206 -1074.0000000000
8228 -1073.0000000000
8232 -1071.0000000000
8255 -1070.0000000000
8276 -1069.0000000000
8284 -1068.0000000000
8315 -1066.0000000000
8318 -1065.0000000000
8321 -1062.0000000000
8355 -1061.0000000000
8363 -1059.0000000000
8381 -1058.0000000000
8412 -1056.0000000000
8422 -1055.0000000000
8444 -1054.0000000000
8485 -1052.0000000000
8511 -1051.0000000000
8522 -1050.0000000000
8530 -1049.0000000000
8540 -1048.0000000000
8585 -1047.0000000000
8591 -1046.0000000000
8618 -1045.0000000000
8623 -1044.0000000000
8663 -1042.0000000000
8678 -1041.0000000000
8682 -1038.0000000000
8706 -1037.0000000000
8740 -1036.0000000000
8763 -1034.0000000000
8801 -1033.0000000000
8822 -1032.0000000000
8841 -1031.0000000000
8862 -1030.0000000000
8867 -1029.0000000000
8884 -1028.0000000000
8896 -1026.0000000000
8912 -1024.0000000000
8943 -1023.0000000000
8962 -1022.0000000000
8985 -1021.0000000000
8990 -1019.0000000000
8998 -1018.0000000000
9019 -1017.0000000000
9020 -1016.0000000000
9022 -1015.0000000000
9052 -1014.0000000000
9077 -1013.0000000000
9095 -1012.0000000000
9107 -1011.0000000000
9124 -1010.0000000000
9145 -1009.0000000000
9162 -1007.0000000000
9185 -1006.0000000000
9203 -1005.0000000000
9229 -1004.0000000000
9237 -1002.0000000000
9248 -1001.0000000000
9288 -999.0000000000
9316 -998.0000000000
9347 -997.0000000000
9361 -996.0000000000
9370 -995.0000000000
9384 -994.0000000000
9421 -993.0000000000
9424 -991.0000000000
9455 -990.0000000000
9474 -989.0000000000
9482 -988.0000000000
9501 -985.0000000000
9561 -981.0000000000
9624 -980.0000000000
9637 -979.0000000000
9648 -977.0000000000
9700 -976.0000000000
9706 -974.0000000000
9742 -973.0000000000
9770 -971.0000000000
9818 -970.0000000000
9826 -966.0000000000
9862 -965.0000000000
9882 -964.0000000000
9908 -963.0000000000
9928 -962.0000000000
9952 -961.0000000000
9982 -960.0000000000
9985 -957.0000000000
10000 -960.0000000000
