evaluations raw_y
1 684870.3275042666
3 698996.8833753995
7 700407.0567178952
10 706366.1124022140
14 716366.9839747519
29 723495.8853732158
44 739166.5746407631
75 739423.6284693758
83 739707.2835341482
84 739807.7920702875
99 740371.1716221875
100 747922.5055649419
123 749503.9896658120
125 753694.0678714174
151 759538.3452952527
167 762621.7909482849
183 763101.4318902661
186 765513.6486751271
190 772960.3791693492
231 774772.0623150412
242 778808.0464341067
266 779021.8363465525
299 781756.2784758274
315 781946.0721497538
321 782760.7131427383
333 783857.7871458518
341 784274.7511044212
345 785890.7677052430
348 786998.7925545146
381 789149.2781401904
409 790040.6670529071
433 790798.8513998755
441 791032.5981941136
448 792509.0759523083
461 793195.5001146592
480 794306.5190601472
481 795907.7409588218
502 796548.3611901079
507 797716.3110409009
512 798584.8811439615
533 799053.8092476536
546 799562.7053786949
562 799844.7121385001
567 801816.1829716600
588 802668.0067124900
614 804216.7594926608
633 804331.4867379846
645 804887.9047731508
680 805108.2402379822
693 805297.7611052311
698 806652.1342757992
725 807858.9898456006
742 808295.2924688094
755 808307.7682407924
758 809379.4228865125
771 810239.8464512732
778 810374.8644127364
793 811646.0695606213
814 811827.2949087276
821 812429.0283479434
829 812513.2242661456
836 812696.2641259358
838 812753.2966282254
841 813207.5233747715
846 813540.8619271071
852 815934.0329379138
861 816085.5216279658
862 816596.3528414385
896 817408.5956403363
900 818372.0054346406
917 818584.4069687938
922 819159.5280720707
923 820266.2427429319
963 820313.6485651276
975 820462.8996113113
976 821057.7693779824
988 821517.1505511871
993 822503.6129633604
1007 823393.5929123925
1037 823758.1794931677
1048 824688.7452622319
1053 825237.2492976319
1065 825997.3154790481
1086 826126.0392740609
1102 827605.1222456153
1113 828944.6508859829
1126 828947.3614654032
1130 829654.0101425864
1141 830255.8449198882
1144 830450.6548497987
1164 830639.9054708544
1174 830851.8515871824
1177 831052.7476210395
1181 832379.7280498320
1201 832512.2043013257
1208 833011.6640299637
1225 833141.3789549512
1239 833434.6266835788
1241 834135.8179280666
1253 835464.7715266072
1261 835792.7029273020
1277 836756.7127526844
1284 836897.7065217261
1286 837101.4217672595
1309 839162.7072294265
1326 839260.1099423709
1344 839533.9847410333
1349 839804.6740771870
1372 840563.5089609092
1381 841595.0628714052
1399 841713.5478179953
1403 841957.1405329331
1407 842747.6992006884
1419 842858.7354772502
1423 843491.8526822269
1437 843560.0721218053
1443 844082.2932955420
1447 844503.1151992121
1472 846646.3213039371
1490 847181.2320185268
1493 847293.5149375382
1494 847928.3311459033
1499 848565.7281835069
1501 848668.8939875292
1515 849249.9725466556
1522 849263.9304546315
1524 849265.1464419956
1526 849284.3195097486
1543 849806.5698945093
1544 850184.0075566717
1561 850283.9882863591
1562 850797.1661076879
1563 850908.2285182548
1566 850957.5866832400
1571 851351.5368248437
1575 851814.7382984142
1579 851837.5180789445
1581 851919.8101230051
1584 852032.5790955930
1590 852154.8432770349
1601 852192.5308837859
1607 853025.4752140639
1612 854209.2625212423
1622 854406.0225230497
1625 854655.3421816963
1645 856476.8434317608
1673 856866.4092631192
1675 857077.9924647969
1683 857443.9527344359
1692 858256.0169112085
1707 858407.6590478147
1713 859458.3210614400
1714 859734.3216500370
1721 860218.0826151134
1728 861010.5985664489
1751 861124.5223519159
1756 861272.5731604050
1771 861677.9265926993
1791 861950.3517836324
1794 862809.8864896966
1803 864964.1290505041
1855 865186.1646536501
1856 865241.7410265395
1864 865905.1999177437
1900 866415.1199699024
1904 866751.3770681795
1908 866959.2518430206
1922 868234.5611355228
1935 868372.7363436742
1946 870471.4513621540
1978 871148.1901154974
1982 871321.7348382500
2001 871651.3420726387
2003 871722.7664771137
2023 872320.0499637306
2033 873842.6046280564
2063 874106.8477901111
2064 874939.7122393056
2089 875091.7358091001
2090 875268.0404794096
2093 876759.6606611570
2115 877462.9876665035
2123 877966.9886146557
2142 878116.3342846649
2145 878221.7048973504
2159 878327.6527567051
2160 878741.8572264157
2162 879402.4015031304
2168 879490.1127565216
2183 879601.6341481381
2194 880316.7436786640
2206 880362.6608509021
2215 880442.5357349830
2219 880457.1152503974
2221 881424.1222225286
2228 881571.1487381343
2244 882402.3361985568
2261 882666.0236479868
2272 882977.8745444552
2278 883500.2537438581
2283 884742.7939604827
2304 884840.9377830608
2312 884876.9013671818
2326 885082.9346337720
2331 886475.3248781059
2349 887221.8078473096
2363 887332.6005894651
2364 887336.8745601673
2370 889409.0726882161
2386 889663.1684049630
2409 890168.1219571658
2413 890462.4499963981
2438 890473.4985453347
2439 890521.4824669631
2440 891225.8108978320
2443 891921.4385757876
2462 892269.3233618224
2473 892812.2493734246
2480 893755.1598688022
2507 894482.5992786463
2511 895272.2281655336
2522 895927.4391474043
2547 896465.2159885619
2572 897496.3656547249
2598 898072.6929341679
2604 898524.5373776787
2616 898678.1775467375
2624 898913.6896523719
2628 899317.3830629149
2642 900909.7915649705
2647 901086.3596133892
2668 901352.5464103267
2677 901596.0558804964
2682 902159.2925402499
2698 902355.0129844752
2701 902994.1032800528
2706 903292.5110339365
2719 903371.3622681441
2720 903642.5174057634
2723 903662.5916955043
2731 903864.3007896689
2737 904153.6514463545
2742 904807.6001045230
2744 906590.9673745756
2769 908461.1022674784
2781 908720.2786731591
2804 909917.5015548705
2824 910882.1140763097
2843 911515.7066251725
2870 911588.9780054364
2871 912322.3477277469
2886 913005.2210466753
2911 913071.5669402481
2915 913104.4308306143
2923 913415.6482135215
2927 914252.3172866978
2941 914935.6109862254
2961 915175.5568837536
2965 916429.7232000462
2981 919602.2429335919
3024 919865.9278872771
3029 920477.5193007651
3043 920759.9560452787
3046 921204.1933800493
3057 921248.3340200828
3064 921354.1624384823
3070 923009.4523887419
3087 923553.8494370066
3092 923570.6632214364
3103 924234.6900716840
3123 925147.8219942957
3125 925295.5054216754
3130 926036.9291868028
3153 926744.8185872033
3168 926798.3326226810
3181 928209.6086778165
3203 928211.3928793512
3212 928422.3890931730
3223 930027.5723186891
3244 930074.0305627561
3246 930568.4287005210
3270 931900.9305544506
3286 933175.7653634567
3313 933343.5600830562
3323 933383.4779313639
3326 934100.9888552206
3345 935041.0027990189
3353 935347.8682129881
3359 935881.0271880381
3366 936638.3536060698
3388 936654.2413160014
3393 936927.4797090921
3396 937036.9137307161
3403 937893.1629525492
3426 938167.3485056326
3427 938292.7534901806
3433 939735.6118443931
3443 939877.0527894665
3461 940262.2296596592
3462 940871.9339222980
3494 941196.7448618948
3498 941556.8826943983
3505 942285.8972213735
3539 942586.1557405514
3550 942895.7781935991
3558 943297.6653300991
3579 943366.5721869218
3593 943799.3401837113
3598 943862.9917260306
3601 944064.7036762052
3605 944528.4176169370
3623 945105.9191236020
3636 945588.5906462091
3641 945621.9760511715
3658 946045.1919607301
3662 946094.8824339411
3669 946304.2530384582
3686 946474.3638484936
3696 946618.7520039272
3711 946711.4302919775
3716 947393.1147203173
3723 947437.6015042791
3746 949601.6538721959
3767 949802.0239974337
3784 950748.4192656542
3803 951632.2887005627
3829 951924.0851247886
3842 952477.0862371345
3862 952503.4639313255
3867 952586.7022592113
3868 952797.7892316004
3873 954219.0498198760
3899 955522.5037257527
3910 955843.9311664499
3952 956025.0442481408
3957 957817.1735014189
3979 958304.4660922829
3981 958543.3393325182
3983 958716.3561903748
4006 959087.1068490362
4021 959137.9129725628
4025 959290.8600996429
4034 959701.7983438780
4041 959951.0654493870
4050 960359.1760476414
4051 960481.0243091873
4060 960619.5898157965
4063 960832.5484460383
4066 961341.0570277126
4077 961800.0957876639
4082 962017.6379868293
4087 963096.1714690605
4102 963187.4973142367
4120 963631.3053467344
4125 963916.0723535185
4136 964792.3667661992
4145 965368.0045152984
4170 965513.7331099169
4178 966972.8501136976
4198 967322.0233299601
4215 967700.6481267366
4235 968167.5411315090
4240 968495.6309093644
4247 970877.5423042399
4285 971053.1139346953
4292 971759.4284993768
4304 971926.3506638488
4313 971976.7959151349
4322 972561.0579105895
4335 972742.2095197063
4351 972993.6005735588
4363 973513.9278806533
4364 974389.1782713450
4367 974580.6264485763
4394 974762.3537056587
4395 975513.1678766083
4410 975661.8244134033
4414 976501.0600692380
4421 976668.0147334071
4432 976753.6843750909
4456 977759.9064503798
4466 978972.1780253315
4501 979637.2263435645
4503 979854.0653556896
4506 981180.5401269118
4537 981727.6380304277
4544 982358.3995234201
4558 983164.2544215448
4561 983168.4777448878
4583 983787.9108406055
4587 983985.5188611096
4604 984085.2958526412
4619 984746.2319489543
4626 985148.9624038234
4640 985181.3200284534
4641 985853.1148176803
4644 986543.0133439263
4662 986582.5880539520
4675 987036.6652376885
4683 987123.2250500169
4689 987474.3261625462
4692 987667.7953605579
4703 987973.3566320540
4709 988212.0245643961
4722 988379.9252120515
4734 989292.3145392477
4739 989298.2145678716
4747 989517.3646961905
4762 989780.7713129243
4765 990380.4918108445
4768 990766.4727786551
4783 990860.7022585736
4802 990901.0993306623
4808 991359.1661111341
4822 993472.1544382349
4855 993519.9334341008
4869 993624.2410610227
4880 993790.5403894556
4884 994303.6311131225
4887 994700.9441232149
4888 994920.3444472894
4902 995147.9544726383
4907 995198.1647371431
4915 995698.4206573295
4920 995810.6223850261
4921 996253.6860285656
4931 996255.9831245359
4933 996301.7953288794
4944 996374.8216920153
4947 996813.5473657065
4961 997408.3271617086
4962 997554.1009228994
4986 997696.2110338943
4987 998336.1231950355
4991 1000075.0434637746
5023 1000731.1318848422
5028 1000906.5133962840
5063 1000962.9899606230
5065 1001743.1936576864
5070 1002461.9851385668
5087 1002920.6544091854
5100 1003844.8680690953
5103 1004755.1156649579
5127 1005672.9614448774
5144 1006048.6962850043
5147 1006971.3293661252
5178 1007690.7087657710
5183 1009069.1972269585
5205 1009865.2822684312
5239 1009893.2897372583
5242 1010138.9633504192
5244 1010729.8706238312
5268 1010970.6542970431
5275 1011204.5615687184
5286 1013593.8840505693
5304 1014324.6747420833
5337 1014378.8249071827
5353 1014446.7059415788
5364 1014827.4984187294
5366 1015111.4550327406
5378 1016047.1004284314
5395 1016054.6662172268
5409 1016137.7976335392
5412 1016468.1998795675
5425 1016904.2818654232
5429 1017593.3973203213
5445 1017812.7812259195
5448 1017945.9721387833
5452 1018207.8497264262
5465 1018291.6470756740
5470 1018708.5941901954
5487 1019159.5090923827
5491 1019329.8392914628
5499 1019649.0681812529
5504 1020271.0009247826
5524 1020419.2625994061
5525 1020489.6263097520
5541 1020627.7618360487
5547 1020840.4338189396
5549 1021073.2868520033
5551 1021840.7591164768
5563 1022675.9589692368
5582 1023136.0348333204
5587 1023212.5525323927
5600 1023330.1185479363
5604 1024086.7394955897
5648 1025579.4674596675
5668 1025940.4385629201
5673 1026681.7099424938
5704 1027620.4279876021
5731 1027813.2157613988
5747 1028632.9791312077
5763 1029331.0710774260
5781 1029849.0636960242
5813 1029853.0110230159
5822 1031217.6127670726
5864 1031468.3486728849
5867 1031721.8632388457
5871 1032085.4159064149
5889 1032208.5155116154
5901 1032281.5748632889
5905 1033266.3876357147
5923 1033994.4969062816
5931 1035092.0713843742
5965 1035097.5998380254
5978 1035221.9901797674
5988 1035223.7410531600
5989 1036990.2669796819
6023 1037134.3673078672
6026 1037387.0715756152
6044 1038313.0945207659
6057 1038665.0553440064
6062 1038694.0592554118
6073 1038928.0735856001
6081 1039599.3105903632
6102 1039871.6545511521
6103 1039897.7356893466
6112 1040081.2669595706
6113 1040116.7326081990
6117 1040367.9280707045
6121 1040705.9974527722
6126 1040908.8776638022
6149 1041813.3231081940
6170 1042021.5651539365
6177 1042318.3053224362
6191 1042428.1661126888
6200 1043064.1159679671
6204 1043423.9042057313
6211 1043430.9790980489
6214 1044989.9500819294
6247 1045544.4190534365
6274 1045711.2766701960
6277 1045817.7172500781
6283 1046136.5785400877
6292 1047864.9292699515
6341 1048344.1384120206
6351 1048531.3198230842
6358 1048743.2365699178
6362 1049043.9717253139
6378 1050231.7868415704
6381 1050408.8398872027
6403 1050412.5234201667
6412 1050694.7586584280
6415 1050972.5740348746
6431 1052704.1620935502
6469 1052949.9253907697
6476 1052987.4517333806
6481 1053482.8454025011
6491 1053614.5643367274
6504 1054326.7984666096
6528 1054586.8821197012
6529 1054614.7373983278
6539 1056232.2190469245
6552 1056290.2646071648
6558 1056820.4476362076
6582 1057857.5435500666
6614 1058596.2761537093
6622 1059179.9527350997
6624 1060025.4206839812
6673 1061206.7270480918
6691 1061487.6180569383
6701 1061561.5951374688
6706 1062743.1736744153
6766 1063066.4399918262
6771 1063072.0463390287
6784 1063589.1542153759
6787 1063901.7772387415
6799 1064059.8457240500
6801 1065302.6206048038
6822 1065477.6169143480
6860 1065798.0228981336
6872 1066141.0263916093
6885 1066430.6114482847
6887 1066716.1217294696
6901 1066881.3235699157
6908 1067637.6679000664
6918 1067891.7277880292
6941 1068684.3704274404
6944 1070265.6318369326
6982 1070875.7937034860
7004 1071046.4579561544
7005 1071415.9444085686
7033 1071642.3981786068
7042 1071645.5432422119
7052 1071807.3940681345
7062 1072431.6863617434
7066 1072459.2232849989
7075 1072974.5132716075
7086 1073178.7014271358
7101 1073231.4953060842
7112 1073281.6077130556
7115 1073871.8082108903
7126 1074516.1706210140
7127 1074729.1087371008
7143 1074845.1436549397
7148 1075941.5861979697
7168 1076543.7853852755
7185 1077105.9632785961
7202 1077314.8379443805
7209 1078401.5479930649
7258 1078934.7121868264
7276 1079884.0592709156
7289 1080615.4643993522
7337 1081184.9995358135
7341 1081463.1323507803
7342 1081715.1198600589
7362 1081794.4991255759
7375 1082430.6539720655
7400 1083459.6765901938
7429 1083510.2443043496
7438 1083556.1682168494
7442 1084210.0936332119
7448 1084461.0788593164
7463 1085176.8126696623
7471 1085716.7445873455
7488 1087113.9925845340
7516 1087159.2967625931
7522 1087232.4690642944
7526 1087393.2250386097
7541 1087467.4886734816
7547 1087563.4276636501
7556 1087982.2288506259
7581 1088025.6163094544
7588 1088027.5056946925
7589 1088305.4412645262
7598 1088334.2139461767
7603 1088629.1304044051
7604 1089057.8663797493
7620 1089167.7335812179
7627 1089409.8149697753
7643 1089818.2579364900
7655 1090349.8716094252
7662 1090553.7174708028
7680 1090915.8258268123
7682 1091470.1834677448
7705 1091687.5300560342
7707 1091769.5625609437
7715 1092983.3945731972
7747 1093074.5268560729
7749 1093209.0532574523
7763 1093253.9662217859
7766 1093763.4730264507
7768 1095524.6474850001
7802 1095998.4919360804
7824 1096341.2215183880
7827 1096357.0773709724
7830 1096383.5757774187
7838 1096531.6212721360
7851 1096762.9391299251
7867 1096779.8553843198
7882 1097055.5843408662
7895 1097437.1219555088
7908 1097835.8171517551
7913 1097861.0556067517
7922 1098513.2677448646
7923 1099434.8172665208
7953 1099663.5115261129
7965 1099719.9803903978
7981 1100004.6888469418
7996 1100848.8674697611
8006 1101644.7834096572
8032 1101672.3795484435
8043 1102149.6882596337
8049 1102332.9092131297
8065 1102833.0534397387
8066 1102996.8192714762
8089 1103648.4990395426
8096 1103910.6506308694
8111 1105665.6483360101
8133 1106154.0013580946
8152 1106172.6455816971
8159 1106865.6759147882
8172 1106972.5860480012
8182 1106990.3139477225
8184 1108226.5630203944
8226 1108533.1189634285
8238 1109050.3491509932
8251 1109304.7710536399
8254 1109343.6897603332
8281 1109750.9322383883
8282 1110522.9969715315
8307 1110926.4848333932
8316 1111394.5364145234
8341 1111576.2205913139
8369 1112551.8181030932
8376 1112854.6168919655
8396 1113411.3224573941
8405 1114073.6040620352
8409 1114087.1145815102
8426 1114227.4910264721
8427 1114540.6768084432
8446 1114745.5400923814
8461 1114963.0793211209
8466 1115019.0477857543
8467 1115230.0670539392
8473 1115796.3103389458
8505 1116098.8487777468
8512 1116480.1994079396
8566 1118166.2952269183
8582 1118217.3802161731
8592 1118438.9834527238
8611 1118877.9989725472
8619 1119539.0308138174
8646 1121108.2369560092
8661 1121493.1817313717
8684 1121634.3314310876
8690 1121685.3230276848
8701 1122059.7711573720
8705 1122145.5363158048
8743 1122145.7954283415
8747 1122456.4783377172
8752 1122768.2295382009
8769 1123097.8320853570
8785 1123185.0833413531
8800 1123692.6642643809
8824 1124753.6108815006
8840 1124894.5543618333
8846 1125180.1088808684
8847 1125360.8892028125
8861 1125864.3789172540
8890 1126110.3058339595
8891 1126175.1562268666
8901 1126616.1452787528
8935 1126780.6242993269
8936 1126811.4183393316
8937 1126978.6686969143
8941 1127014.2295858671
8942 1128448.7572711457
8981 1128902.3838674049
9001 1130168.8573296650
9041 1130576.6819600828
9068 1131074.1597404187
9074 1132191.5968205363
9100 1132738.7486351549
9102 1133249.0681351300
9122 1133494.7234217289
9142 1133637.3922145728
9145 1133927.8233305831
9162 1133957.3546730888
9164 1134100.2218353860
9168 1134274.7255419260
9177 1134320.6139019087
9184 1134485.8076399458
9187 1134812.8747964706
9200 1135369.7434699591
9201 1135545.4931467290
9227 1135889.8061069129
9230 1136107.7347079876
9248 1136323.7815496991
9255 1137052.9835534447
9275 1137370.5226630839
9281 1137873.0198683336
9289 1138013.1076032526
9302 1138363.2152666145
9321 1138733.7748772437
9322 1139196.1929603715
9346 1139873.1864361789
9361 1139969.2712691177
9379 1140185.5843996052
9385 1140942.9642677477
9421 1141714.9669923638
9433 1141832.2691417143
9441 1142099.9921725793
9447 1143168.3736888077
9461 1144001.4971777652
9488 1144115.8083336002
9507 1145124.2285165486
9528 1145208.5582019519
9534 1146372.1981624723
9556 1146498.9791956472
9569 1146791.8892518971
9570 1146894.0250823477
9584 1147285.7037421265
9585 1147390.7544947783
9598 1147538.3620664023
9614 1147896.4707698240
9630 1148252.3396136563
9632 1148442.6163177660
9641 1148746.9139138663
9661 1149088.6874087390
9666 1149150.2404139591
9688 1149596.9212830018
9709 1149756.4676657971
9715 1150013.8580780674
9742 1150563.1967619476
9744 1150646.1427969008
9757 1150964.5963342933
9761 1151923.3155180353
9781 1152911.4754515251
9809 1153004.3976885565
9820 1153230.8487160921
9826 1153482.2657974390
9842 1153497.0096891995
9861 1154281.1277306513
9862 1154322.9424197043
9881 1154422.0282893365
9892 1155005.3143321360
9901 1155127.9925929720
9918 1155467.1703449886
9935 1155640.2609948160
9949 1155727.3427988912
9967 1156203.2253679479
9992 1156224.2111482201
10005 1156283.1966686880
10012 1156556.2480251356
10021 1156746.6729972928
10026 1156878.4378009536
10028 1157323.7868754235
10046 1157712.0124531351
10068 1158003.7536591361
10073 1158097.2882940047
10085 1158389.5641337959
10086 1158580.5147747807
10089 1158996.6827383039
10101 1159323.8667072714
10115 1159542.4622961245
10130 1159933.6149270451
10148 1159950.5237939719
10161 1160036.6911492927
10166 1160105.9085805598
10167 1160682.3137982553
10175 1160855.8540352455
10194 1161066.1226510811
10211 1162075.6722007748
10241 1162568.4979851532
10263 1162766.7862197310
10264 1163396.2050359480
10302 1163545.6863121798
10323 1163802.7635853591
10346 1164392.0059908158
10354 1164572.1842623118
10369 1164912.8661988410
10389 1165608.4918711463
10412 1165792.1301158303
10414 1166567.7653167171
10453 1166911.0091440787
10461 1167263.8503695035
10482 1168561.6092077030
10512 1168927.4910704019
10523 1169350.8328838409
10546 1169408.6457795145
10571 1169434.8968149303
10581 1169720.8579845114
10590 1170007.8150439309
10618 1170196.7758819647
10624 1170220.6989141775
10625 1170738.2015046412
10641 1171174.4581758929
10647 1171539.1792650251
10663 1171837.4176025256
10670 1172048.4079001825
10675 1172220.9371178828
10686 1172338.9025009903
10699 1172677.6217624447
10714 1172805.1017208572
10724 1173432.9526414212
10728 1173607.4924980893
10778 1173895.5217076889
10779 1173989.8193248955
10806 1174390.1569565583
10825 1174400.0478888778
10829 1174924.7983040528
10849 1175760.8935815047
10861 1176798.4735600385
10904 1177011.2274742348
10926 1177888.9137198392
10942 1178122.1228968941
10988 1178417.2947715272
11006 1178465.8811883689
11011 1178495.3663760333
11020 1178920.6499445811
11036 1178974.3195842442
11042 1179150.5944009242
11050 1179403.5568714486
11070 1180205.4398479175
11075 1180517.8873905200
11110 1181110.6895698544
11111 1181129.6250799054
11122 1181178.1026718384
11133 1181282.2149548379
11134 1181574.5034979593
11145 1181734.2149724765
11158 1181773.5745931168
11163 1182081.3866009777
11171 1182109.3455999268
11184 1184674.4525723946
11240 1185045.9070907058
11254 1185866.1165799329
11280 1185952.0260104341
11282 1185968.3633826950
11316 1186363.3784681614
11327 1186452.3429231623
11333 1186664.0196201832
11362 1187007.0161679187
11366 1187342.5127942031
11382 1187384.7349432178
11407 1188233.5854514679
11422 1188626.0736532311
11433 1188802.9930996213
11454 1188943.1932372879
11461 1188986.4115725537
11462 1189307.5906468239
11469 1189420.6467975287
11486 1189493.0785468786
11487 1190180.5385464174
11503 1190359.1481631950
11514 1190367.0425010400
11521 1190429.8944718242
11526 1190834.7329391481
11527 1190880.6208860683
11538 1190959.5767500068
11543 1191549.1291242486
11573 1191738.7088689844
11578 1191766.1036171175
11581 1193194.0013663722
11593 1193665.6382033718
11621 1194103.1027026472
11628 1194528.7627659028
11633 1195150.2000903231
11656 1195236.6955549782
11661 1195609.6613270245
11696 1196575.9408317949
11717 1196919.7296511277
11732 1198245.6962352707
11748 1198283.5288762872
11778 1198602.3985289633
11782 1198635.1216897673
11786 1198752.0654978752
11796 1198868.7248253026
11799 1199132.9969197728
11813 1199641.9085154713
11843 1199805.6740149334
11847 1200065.0829899132
11861 1200496.4217499807
11882 1200756.4786533397
11887 1200859.4304001401
11889 1200916.7109432288
11907 1201312.5619402835
11923 1201363.6887098087
11937 1201751.3645264073
11965 1201909.2817565666
11966 1202600.5614835334
11984 1202752.5467055233
11987 1203241.9551041108
11990 1203848.9126304553
12025 1204028.7059709202
12044 1204437.5708046025
12067 1204594.1655991382
12071 1205782.6576622275
12137 1206086.9605721354
12159 1206407.6925718905
12168 1206718.9392043015
12183 1207171.7512826435
12184 1207240.6055750838
12205 1207759.4149102392
12212 1208369.9993530281
12237 1209210.7297855709
12263 1209336.6179687874
12265 1210111.8725415247
12302 1210293.5039739860
12313 1210559.6554454414
12322 1210761.8486353308
12325 1211164.1000082928
12360 1211254.4682132187
12362 1211695.7996261709
12381 1212139.7490012406
12388 1212536.3067939852
12396 1212577.6598915330
12403 1212846.4753128765
12410 1212872.0907605954
12421 1213284.4462232527
12445 1213309.2743724089
12453 1213379.6679609490
12460 1213678.8900657138
12472 1213696.8806658711
12477 1214061.5174741577
12480 1214273.7090433182
12493 1214558.3075457723
12502 1214655.9944408380
12504 1215004.5439686594
12522 1215292.7828756699
12534 1215951.6888803809
12559 1216516.3487764050
12564 1216670.3329497343
12581 1216780.1097526117
12599 1216896.1338647043
12609 1217140.9034784103
12612 1217211.9807125994
12642 1217704.1548396838
12652 1218068.1683086331
12664 1218287.5574209527
12686 1218812.2562357008
12703 1219037.8135628677
12718 1219047.6598580182
12741 1219572.4080095130
12767 1219691.7270750464
12793 1219710.9105098268
12804 1219807.8049091208
12806 1219934.9300863345
12833 1220061.1644516077
12853 1220146.0829033442
12861 1220206.7673928116
12870 1220427.8532395600
12880 1220762.0347622666
12896 1220993.8233064038
12917 1221376.8537064434
12926 1221541.6976590424
12939 1221828.7021714288
12946 1222002.8616387909
12952 1222216.0817615995
12956 1222559.8741094004
12970 1222573.1741495330
12971 1223046.7229191330
12975 1223074.2822390336
12984 1223281.2204208956
12993 1223468.8098467377
13015 1224047.9798744121
13046 1224139.9302362374
13053 1224739.7653919163
13063 1225064.5453657117
13080 1225258.8052284305
13097 1225590.6077176016
13108 1225779.3251945942
13157 1226178.9342129296
13168 1226501.9933536288
13194 1226683.0453062002
13211 1227768.5279429180
13237 1228364.5209938986
13291 1228737.4982927556
13303 1229114.4523868479
13329 1229151.8384635348
13339 1229223.4529381848
13341 1229386.3499863918
13342 1229453.6693658398
13343 1230025.5096630622
13361 1230445.1110156025
13390 1230971.3774326504
13402 1231181.6029699796
13419 1231740.4972647212
13430 1231920.0373548388
13449 1232051.8060014932
13460 1232143.3717393868
13468 1232806.3207834160
13479 1232815.0763068679
13495 1233702.3020708093
13504 1234005.7747722275
13543 1234213.7505250911
13586 1234237.7570250551
13588 1234396.8209555668
13625 1234548.1503395571
13635 1235004.2993550252
13659 1235221.0201750190
13660 1235264.5467243183
13671 1235361.4560875383
13691 1235937.4304890595
13692 1236522.3942884428
13724 1237056.5272401513
13742 1237482.9266058765
13758 1238090.7646053245
13764 1238358.3695091798
13812 1238551.1068591343
13820 1238945.3832021165
13824 1239800.8981037191
13842 1240772.1493858290
13863 1240801.7305788267
13928 1241232.3703507760
13953 1241600.0658407989
13964 1241828.2977045288
13965 1242140.1482658682
14002 1242354.9519044349
14033 1242730.9749756637
14035 1243161.9756818430
14067 1243264.6875335872
14084 1243731.3417200216
14108 1243750.1993363348
14109 1244107.3383975937
14112 1244161.3420980596
14139 1244211.6650295667
14147 1244474.9016728993
14185 1244497.1150592321
14239 1244555.6288444002
14244 1245205.8555978599
14268 1245623.2728852166
14323 1245848.7900129352
14330 1246535.9701623586
14351 1246672.3018413750
14387 1246841.0935793999
14395 1247012.6616798101
14411 1247518.3622148160
14424 1247607.9696045921
14454 1247629.8646358140
14465 1247721.4013461932
14486 1248569.2951788027
14523 1248883.8215700639
14541 1249254.8922008649
14572 1249349.3939597509
14581 1249415.1597591471
14593 1249490.2360459710
14602 1249675.3406404967
14621 1250011.9372842272
14650 1250289.9781017951
14661 1250634.7299977557
14682 1250869.7382165517
14712 1251634.3733339626
14714 1252362.5173875315
14744 1252891.3591781771
14765 1252977.0740307965
14785 1253454.7757109348
14821 1253860.8732171450
14849 1254160.2895200909
14869 1254442.4447771839
14908 1254820.6196590883
14931 1255247.1598657349
14932 1255737.6104956812
14951 1255791.1785353958
14953 1256164.0801977881
14971 1256196.2803826961
15012 1256428.9167754161
15018 1256646.9370184019
15052 1256870.0785049698
15060 1256987.1056549386
15068 1257122.7191444098
15090 1257153.7760812719
15104 1257283.8000826272
15111 1257374.7045117570
15123 1257746.1212964030
15135 1258208.4425255600
15182 1258593.6450070641
15198 1258646.7559775445
15204 1258672.7201260214
15216 1259010.4168829410
15257 1259275.3414586368
15273 1259531.2163585227
15316 1259553.9479639134
15322 1260022.5755863113
15346 1260536.8024622169
15369 1261391.7750181048
15406 1261410.6315732286
15441 1261573.7636316619
15492 1261862.5792792682
15497 1262077.6373932192
15502 1262387.1138858118
15539 1262511.0036519000
15543 1262582.4456005848
15544 1263081.7532916404
15584 1263302.4722523792
15607 1263419.6457266582
15638 1263832.7696601779
15645 1264109.8753117733
15663 1264240.4796965993
15694 1264310.1289101341
15703 1264326.6049606267
15713 1264345.3364247296
15715 1264407.9900776008
15736 1264810.2211117048
15741 1264815.2213771448
15757 1265223.7413191637
15797 1265451.5719925987
15811 1265774.8376804157
15840 1265776.5349409000
15844 1265946.6569159192
15859 1266051.8472397060
15863 1266104.9100051306
15864 1266156.9600839182
15889 1266267.4214126079
15911 1266424.9689587273
15923 1266689.0447152441
15955 1266729.9507109183
15957 1267050.1251097852
15989 1267126.4799641818
16002 1267543.3759924578
16023 1267675.2126188814
16032 1268087.7890833442
16041 1268151.5348919781
16067 1268279.4628614683
16078 1268365.3545171539
16086 1268448.0005286504
16098 1268527.8672937984
16113 1268680.8006611431
16114 1268880.4752629527
16124 1268970.9503155644
16145 1269130.6043117170
16174 1269204.3061038980
16183 1269491.6676591779
16195 1269569.5826561465
16202 1269850.6522700812
16203 1270069.4562990130
16227 1270830.1000847369
16277 1270943.6320867820
16304 1271337.2605406553
16329 1271628.0441907083
16341 1271941.1883972813
16358 1271961.4804848314
16369 1271977.9042816034
16374 1272175.9727217935
16389 1272611.0598443360
16402 1272685.2051699329
16429 1273119.9471346734
16470 1273608.9110149518
16518 1273861.6201671578
16524 1273992.2240552644
16535 1274059.4453061062
16579 1274194.9119188695
16581 1274362.3928910359
16609 1274609.0714770826
16624 1274651.7148040473
16632 1274776.5322887124
16646 1275105.2462991735
16688 1275632.2318404817
16711 1276119.4891110642
16731 1276341.2996550484
16755 1276888.8310820940
16798 1276910.2579643431
16800 1276934.7505527516
16805 1277079.6416078573
16807 1277625.1559848194
16835 1277846.8992587042
16851 1278175.9764395226
16883 1278225.6585176759
16889 1278613.3080738534
16906 1278839.3456341741
16921 1279827.6726814131
16926 1280030.5180087101
16957 1280118.8148289425
16963 1280475.5348473310
16977 1281140.2300368843
16986 1281595.0839334035
16990 1281635.7497253821
17006 1281709.1084321511
17026 1281779.8294879186
17035 1281933.5910897600
17038 1282540.3612560255
17058 1282699.6863201566
17128 1282922.9300816173
17147 1282933.1080929202
17175 1283074.1845955800
17205 1283106.9370940300
17235 1283167.9220502297
17256 1283204.6765472388
17258 1283281.1362573039
17269 1283311.5376358002
17277 1283500.4952575539
17314 1283808.8075797798
17328 1284134.3159019423
17341 1284319.3214717174
17360 1284675.0553820140
17378 1284961.1072969253
17392 1285108.5516343077
17393 1285139.9051627915
17415 1285201.6112607943
17419 1285927.1864165876
17434 1286316.8598095067
17481 1286566.4423874677
17486 1286772.9178083630
17506 1286806.9157690529
17534 1286962.9626010321
17539 1287216.1995590404
17582 1287285.2119734890
17607 1287541.4457025283
17619 1287725.1501648547
17627 1287940.8585360185
17640 1287978.3603539765
17650 1288047.3333812561
17675 1288062.2330169473
17683 1288410.0103874344
17686 1288566.2121076453
17698 1288806.1871651809
17718 1288822.8906258098
17725 1289057.5110434312
17746 1289784.1526793130
17766 1289849.1857852626
17800 1290464.7293744474
17843 1290473.7531999853
17847 1290593.6637980223
17851 1290606.0858837876
17863 1291021.2366287722
17881 1291128.0919529588
17887 1291452.0128387439
17905 1291624.7597866224
17924 1291833.9826257483
17966 1292006.7085113011
18002 1292011.7364977514
18004 1292089.8119560995
18033 1292271.0699954692
18041 1292423.1489331571
18063 1292467.7693704756
18089 1293033.0180219787
18122 1293189.4153092264
18128 1293338.7032102889
18150 1293683.4890765811
18168 1293801.3012085417
18175 1294179.9178214020
18193 1294279.6799386255
18237 1294322.0984893958
18248 1294431.7017977736
18282 1294496.2936541562
18305 1294506.9808313872
18307 1294873.7877212891
18323 1294881.2425536250
18369 1295055.2859553427
18381 1295201.1311693492
18390 1295236.2840130611
18405 1295420.3015751038
18425 1295535.7830196961
18431 1295594.3144479562
18441 1295695.2501557888
18471 1295726.9680462440
18472 1295895.2765836525
18509 1296139.2491228010
18545 1296691.9928404063
18565 1296713.4304797247
18572 1296724.9496133511
18576 1296826.7949394705
18590 1296899.4917626558
18605 1296927.7285752350
18608 1297538.6955119278
18641 1298503.4171769123
18682 1298650.5082137855
18704 1298723.1949861392
18709 1298778.6370842105
18740 1298925.7130302535
18761 1299094.9892647208
18782 1299210.4486070925
18794 1299270.5200865092
18806 1299782.2214170184
18813 1300187.0347743400
18843 1300259.6963805358
18858 1300356.2547289040
18861 1300685.5994980913
18901 1300758.2464004003
18914 1300994.6857911176
18971 1301029.0028220369
18989 1301116.0663513066
18999 1301163.8491951297
19003 1301319.5494016050
19027 1301939.3391861038
19109 1302511.9821789260
19124 1302514.3433610939
19128 1302698.1177404439
19148 1303018.5606475768
19176 1303209.4554434456
19194 1303320.1969632620
19245 1303327.8018145869
19247 1303403.7702803011
19249 1303691.1890964450
19280 1303732.4096830317
19295 1303774.7285482574
19319 1303819.6879630613
19338 1303991.1018717368
19388 1304003.9865512792
19415 1304484.6543451550
19433 1305359.6378307196
19472 1305419.5867721171
19496 1305559.4023468208
19510 1305873.0639950116
19546 1306123.9347561987
19589 1306323.6797638189
19597 1306591.9025687152
19607 1306834.9146022596
19624 1307932.8969634599
19689 1308165.9051460992
19692 1308298.1167947205
19700 1308362.3153291121
19704 1308793.5960237188
19709 1309241.2359737747
19730 1309451.1031071721
19786 1309476.7212630459
19794 1309946.5101005614
19834 1310026.4399806336
19838 1310458.8999520554
19887 1310566.5940531634
19894 1310662.7865129292
19918 1310722.6882288430
19929 1311337.8247019693
19962 1311810.2241974119
19984 1311871.7594701017
20027 1311997.0020374826
20031 1312304.8165622123
20042 1312531.0589445091
20061 1312647.9009326252
20063 1313298.5527455346
20092 1313497.2590448628
20143 1313716.9050612354
20155 1313822.4773829428
20161 1313931.5678910245
20220 1314148.3899295614
20228 1314188.6293255198
20244 1314206.4146935067
20245 1314532.2816908651
20251 1314788.5467075536
20263 1315120.6398098643
20281 1315133.1778636987
20303 1315164.0235671881
20309 1315491.7928067434
20368 1315504.2375766085
20402 1315525.4846055140
20406 1315906.8479731395
20467 1316054.0748051498
20500 1316199.5778788468
20579 1316229.0636753656
20602 1316247.3384982669
20610 1316887.6917396423
20658 1317021.2297039682
20690 1317033.4462860392
20702 1317162.0139991089
20732 1317172.6345455956
20779 1317261.7607524742
20783 1317860.4459735651
20798 1318085.1637656651
20825 1318184.9016021646
20876 1318219.4705945174
20894 1319015.6242130389
20928 1319187.2441948673
20932 1319829.9730317509
21015 1319965.7691988125
21025 1320914.3577895262
21061 1320914.7650495137
21086 1320967.6814504317
21092 1321428.2277669080
21105 1321563.9122574427
21155 1322234.3391357500
21194 1322258.8919485253
21205 1322615.4918162625
21240 1323108.3758222247
21266 1323641.9383369186
21289 1323966.4524829984
21320 1324249.8735579166
21348 1324275.9459674293
21366 1324581.3341694046
21389 1324641.6334364419
21404 1324804.0613026747
21443 1324932.7144748359
21463 1325183.0952176920
21510 1325338.1249295657
21534 1325553.0302983129
21566 1325585.2510170026
21581 1325898.0397039580
21677 1326047.3451849706
21699 1326069.9982974944
21707 1326484.5428841372
21737 1326554.4078829873
21768 1326772.7875066309
21782 1327054.9840747409
21836 1327209.9298771839
21848 1327273.7785849364
21858 1327292.7738089846
21885 1327326.7222855836
21907 1327363.5591493640
21918 1327421.4245415279
21922 1327608.9255443111
21993 1327643.4734123368
22013 1327690.6717757750
22055 1327841.9982737899
22065 1327860.2801706055
22088 1327873.2208394429
22092 1327888.8368573186
22112 1328075.7800909996
22162 1328107.0582444619
22504 1328293.9812732965
22549 1328547.9438221720
22677 1328786.6029229213
23234 1329063.0618547581
23246 1329147.7961054924
23268 1329536.7336718414
23408 1329597.1821929081
23467 1329753.7950486888
23522 1329814.5158634416
23562 1329819.6141338206
23596 1330057.1913348448
23608 1330063.0517682452
23614 1330594.8225430602
23641 1330837.4970162425
23643 1330843.3775879941
23683 1330908.1248957212
23829 1330908.8442303184
24001 1331023.7438073400
24215 1331107.2974273502
24332 1331137.0912870564
24416 1331324.0359670273
24443 1331618.7222293513
24874 1331707.4614201970
24908 1331741.4084906594
24912 1332063.9412016410
24940 1332814.6769116807
24958 1333005.9641076450
24984 1333094.7113924033
25020 1333106.8537610762
25048 1333195.6008845959
25264 1333203.4024211494
25396 1333236.0901565044
25402 1333641.5421802823
25521 1333685.4564300908
25523 1333687.7127973679
25560 1333766.1099865122
25674 1334297.7312588894
25919 1334398.3910305505
25952 1334588.2326163489
25955 1334690.0586044535
25964 1334752.6478096694
25977 1334790.4881975835
26003 1334961.7524345650
26018 1335081.0011799161
26019 1335547.1637467728
26069 1335642.5791984387
26140 1335774.2899693793
26220 1335817.1472163463
26718 1335822.9337082852
26736 1335913.9764985691
26826 1335919.7757769069
26866 1336046.9038176315
26873 1336087.2337068603
27242 1336109.4576444048
27243 1336266.2488962524
27281 1336333.8777006245
27346 1336444.3282066423
27517 1336446.7029222413
27545 1336459.3003398299
27707 1336580.0544925951
27712 1336691.6443287719
27717 1337045.1545642684
27762 1337244.2470325995
27772 1337277.4932720612
27803 1337337.5430162910
28616 1337510.0173195456
28720 1337744.3699659880
28760 1337753.2799741153
28786 1337848.6100449371
28937 1338494.4422961562
29031 1338566.4755844281
29090 1338585.4962658796
29130 1339494.0428237782
29190 1339591.2596078385
29231 1339608.7726080038
29235 1339636.7193314410
29239 1339684.5101495816
29260 1339799.2417045769
29439 1339867.0495950272
29508 1339951.6631228975
29561 1339990.7543640188
29702 1340211.6650584976
29792 1340333.6016633026
30021 1340336.4546901707
30228 1340430.6472654443
30239 1340649.4677245384
30441 1340835.9670129004
30544 1341373.6580514086
30671 1341448.0834365790
30738 1341532.8320109311
30831 1341574.6892986656
30843 1341736.7855810192
30898 1341797.7099022625
30926 1341961.0456657321
30954 1342021.9444929622
31024 1342066.2617793218
31123 1342115.5171574443
31508 1342224.8258510090
31546 1342370.2735960567
31641 1342468.5977565197
31685 1342475.8571305333
31690 1342538.3266469364
31731 1342595.7548079405
31803 1342665.4820870673
31888 1342697.3760356964
31979 1342780.3544911186
32443 1342787.9206947044
32453 1342829.4892471805
32464 1342829.6774460087
32586 1342845.9223610617
32615 1342863.0912905496
32620 1342877.7815449082
32624 1342893.2533607397
32627 1343492.0400040315
32749 1343788.8950936059
32757 1343822.3916477414
32817 1343828.5367306124
32850 1343906.3949669504
32861 1344119.2452154178
33061 1344448.7256048606
33213 1344507.8504737476
33233 1344548.4503012574
33332 1344607.5750196124
33362 1344815.9671641532
33476 1345096.8481584126
33871 1345128.2956300988
34025 1345135.8730201314
34115 1345138.5199616437
34121 1345278.5925331789
34196 1345281.2568114938
34226 1345400.5902805827
34244 1345453.2003036488
34319 1345466.8622482894
34332 1345539.1182997760
34610 1345594.8980123631
34831 1345635.0093237688
34916 1345716.0965787312
36207 1345872.0837336525
36557 1345886.5683515889
36636 1345954.1564472166
36716 1346209.5559467664
37084 1346593.3724207592
37228 1346720.6644112854
37307 1346802.1798345011
37350 1346895.6389756333
37387 1347025.0194314409
37473 1347190.7759740280
37517 1347224.0166671760
38170 1347447.0206992526
38992 1347452.8446216392
39095 1347647.9584161798
39294 1347970.9932584784
39354 1348102.7078544172
39940 1348165.1444768074
40328 1348224.2718195068
40433 1348459.8549476387
40476 1348463.4486714699
40548 1348522.6017652086
40580 1348721.8300566932
44007 1348979.0453959410
45418 1349002.6074414600
45465 1349342.9795341920
45551 1349440.9215923287
45608 1349678.8516473875
45633 1349849.3075802485
45646 1350006.3799284648
46056 1350211.4545075865
47028 1350268.9543170049
47785 1350279.9750666812
48319 1350289.1931852256
48432 1350578.4569927487
50418 1350744.7808926185
51623 1350774.3711899433
51648 1350809.1610583856
51777 1350821.2664135545
51808 1350906.7172361072
51959 1351188.4936867310
52511 1351631.4917080977
52644 1351680.9937331709
55963 1351894.0096858616
56137 1351922.7684602134
56252 1351992.8631534250
56641 1352114.0176952058
56779 1352141.1284097054
56800 1352185.6640524054
56872 1352194.7155510953
56884 1352338.2217759304
57019 1352472.4180503751
57146 1352608.9621138040
57190 1352926.3081973488
58534 1353003.3387610009
58599 1353057.8430767697
58601 1353227.4742112542
58644 1353373.1922453730
58671 1353477.2015882453
58719 1353537.3520562365
59315 1353540.6744637864
62014 1353676.8136417249
62487 1353691.0807627800
62618 1353876.5738589037
63827 1354046.1698527904
63941 1354088.9675413570
70948 1354098.7384082132
71121 1354146.8419378737
71184 1354175.1485964181
71206 1354223.2404754010
72247 1354327.5520489144
72888 1354399.6100905281
73645 1354433.0912988645
75219 1354446.8576564426
75565 1354472.2617871664
81327 1354484.0800693328
81737 1354682.5483233808
81787 1354905.8070957840
82490 1355146.3503125242
83041 1355523.7511762700
83141 1355551.5105053491
83531 1355655.3797745775
88150 1355751.9523838116
88238 1355873.2838243577
89516 1355914.0340945930
89556 1356021.0841323335
89778 1356069.2911747743
90052 1356107.4804527406
90310 1356125.2161904385
90354 1356334.9557516626
93970 1356362.9332880264
93982 1356403.4823643153
94358 1356895.0489313556
95836 1356989.2495899817
100000 1356365.2148462308
