evaluations raw_y
1 -1880.0000000000
2 -1851.0000000000
8 -1846.0000000000
32 -1839.0000000000
42 -1809.0000000000
57 -1805.0000000000
61 -1795.0000000000
67 -1759.0000000000
105 -1758.0000000000
112 -1751.0000000000
119 -1738.0000000000
137 -1722.0000000000
161 -1713.0000000000
164 -1708.0000000000
180 -1706.0000000000
182 -1688.0000000000
207 -1686.0000000000
225 -1684.0000000000
229 -1683.0000000000
230 -1682.0000000000
231 -1680.0000000000
241 -1676.0000000000
242 -1665.0000000000
291 -1654.0000000000
296 -1648.0000000000
309 -1644.0000000000
321 -1641.0000000000
322 -1634.0000000000
348 -1629.0000000000
388 -1628.0000000000
389 -1620.0000000000
423 -1618.0000000000
447 -1617.0000000000
470 -1614.0000000000
493 -1613.0000000000
502 -1611.0000000000
542 -1610.0000000000
550 -1608.0000000000
567 -1604.0000000000
591 -1602.0000000000
635 -1600.0000000000
652 -1599.0000000000
707 -1597.0000000000
710 -1596.0000000000
756 -1593.0000000000
780 -1592.0000000000
794 -1591.0000000000
806 -1590.0000000000
815 -1589.0000000000
854 -1587.0000000000
862 -1585.0000000000
865 -1584.0000000000
884 -1582.0000000000
896 -1581.0000000000
904 -1580.0000000000
923 -1578.0000000000
944 -1575.0000000000
972 -1574.0000000000
983 -1572.0000000000
989 -1571.0000000000
1002 -1568.0000000000
1052 -1567.0000000000
1065 -1565.0000000000
1083 -1563.0000000000
1107 -1562.0000000000
1114 -1561.0000000000
1126 -1560.0000000000
1141 -1558.0000000000
1156 -1557.0000000000
1182 -1556.0000000000
1196 -1554.0000000000
1200 -1551.0000000000
1222 -1549.0000000000
1256 -1548.0000000000
1271 -1547.0000000000
1282 -1546.0000000000
1307 -1545.0000000000
1308 -1544.0000000000
1328 -1543.0000000000
1336 -1541.0000000000
1361 -1538.0000000000
1373 -1537.0000000000
1382 -1536.0000000000
1402 -1535.0000000000
1410 -1534.0000000000
1437 -1533.0000000000
1450 -1532.0000000000
1454 -1531.0000000000
1487 -1530.0000000000
1499 -1529.0000000000
1502 -1528.0000000000
1533 -1526.0000000000
1548 -1524.0000000000
1566 -1523.0000000000
1580 -1520.0000000000
1581 -1519.0000000000
1603 -1517.0000000000
1625 -1516.0000000000
1665 -1515.0000000000
1668 -1513.0000000000
1684 -1512.0000000000
1696 -1511.0000000000
1705 -1510.0000000000
1722 -1507.0000000000
1752 -1506.0000000000
1782 -1505.0000000000
1787 -1503.0000000000
1820 -1502.0000000000
1821 -1501.0000000000
1841 -1500.0000000000
1880 -1499.0000000000
1882 -1498.0000000000
1903 -1497.0000000000
1908 -1496.0000000000
1931 -1494.0000000000
1935 -1493.0000000000
1962 -1492.0000000000
1974 -1490.0000000000
2003 -1489.0000000000
2026 -1487.0000000000
2040 -1486.0000000000
2059 -1484.0000000000
2081 -1482.0000000000
2113 -1481.0000000000
2123 -1480.0000000000
2126 -1479.0000000000
2143 -1478.0000000000
2156 -1477.0000000000
2164 -1476.0000000000
2183 -1472.0000000000
2227 -1470.0000000000
2253 -1468.0000000000
2267 -1466.0000000000
2311 -1464.0000000000
2323 -1463.0000000000
2344 -1462.0000000000
2354 -1461.0000000000
2378 -1460.0000000000
2391 -1459.0000000000
2408 -1458.0000000000
2422 -1457.0000000000
2427 -1455.0000000000
2454 -1454.0000000000
2456 -1453.0000000000
2476 -1447.0000000000
2500 -1444.0000000000
2533 -1443.0000000000
2547 -1441.0000000000
2581 -1440.0000000000
2585 -1439.0000000000
2608 -1438.0000000000
2617 -1437.0000000000
2644 -1436.0000000000
2668 -1435.0000000000
2670 -1433.0000000000
2684 -1431.0000000000
2702 -1430.0000000000
2740 -1426.0000000000
2763 -1425.0000000000
2764 -1424.0000000000
2771 -1423.0000000000
2815 -1421.0000000000
2833 -1419.0000000000
2845 -1418.0000000000
2863 -1417.0000000000
2898 -1416.0000000000
2927 -1415.0000000000
2931 -1414.0000000000
2942 -1413.0000000000
2972 -1412.0000000000
3001 -1410.0000000000
3014 -1409.0000000000
3016 -1408.0000000000
3049 -1407.0000000000
3050 -1404.0000000000
3064 -1403.0000000000
3082 -1401.0000000000
3105 -1400.0000000000
3123 -1397.0000000000
3145 -1396.0000000000
3149 -1394.0000000000
3165 -1392.0000000000
3185 -1391.0000000000
3196 -1389.0000000000
3203 -1387.0000000000
3241 -1386.0000000000
3244 -1384.0000000000
3286 -1383.0000000000
3302 -1381.0000000000
3322 -1380.0000000000
3342 -1379.0000000000
3362 -1377.0000000000
3377 -1376.0000000000
3389 -1375.0000000000
3411 -1374.0000000000
3413 -1373.0000000000
3441 -1372.0000000000
3453 -1371.0000000000
3465 -1370.0000000000
3468 -1369.0000000000
3502 -1367.0000000000
3515 -1365.0000000000
3555 -1364.0000000000
3575 -1362.0000000000
3596 -1360.0000000000
3613 -1359.0000000000
3646 -1356.0000000000
3648 -1354.0000000000
3667 -1352.0000000000
3679 -1351.0000000000
3701 -1350.0000000000
3716 -1348.0000000000
3718 -1347.0000000000
3749 -1345.0000000000
3768 -1342.0000000000
3790 -1341.0000000000
3806 -1340.0000000000
3822 -1339.0000000000
3827 -1338.0000000000
3831 -1337.0000000000
3874 -1336.0000000000
3875 -1334.0000000000
3883 -1332.0000000000
3930 -1331.0000000000
3939 -1329.0000000000
3961 -1328.0000000000
3964 -1327.0000000000
3995 -1326.0000000000
4002 -1325.0000000000
4016 -1324.0000000000
4040 -1322.0000000000
4062 -1318.0000000000
4082 -1317.0000000000
4089 -1316.0000000000
4102 -1315.0000000000
4138 -1314.0000000000
4145 -1311.0000000000
4193 -1308.0000000000
4246 -1306.0000000000
4260 -1305.0000000000
4271 -1304.0000000000
4290 -1303.0000000000
4323 -1302.0000000000
4333 -1301.0000000000
4345 -1300.0000000000
4369 -1296.0000000000
4401 -1295.0000000000
4404 -1292.0000000000
4427 -1291.0000000000
4458 -1290.0000000000
4475 -1289.0000000000
4501 -1288.0000000000
4518 -1287.0000000000
4521 -1286.0000000000
4527 -1285.0000000000
4547 -1284.0000000000
4560 -1283.0000000000
4579 -1280.0000000000
4591 -1278.0000000000
4606 -1276.0000000000
4626 -1271.0000000000
4641 -1270.0000000000
4664 -1269.0000000000
4672 -1268.0000000000
4694 -1267.0000000000
4703 -1266.0000000000
4723 -1265.0000000000
4732 -1264.0000000000
4763 -1262.0000000000
4806 -1260.0000000000
4813 -1259.0000000000
4829 -1257.0000000000
4862 -1256.0000000000
4876 -1255.0000000000
4882 -1254.0000000000
4903 -1253.0000000000
4907 -1252.0000000000
4938 -1250.0000000000
4952 -1248.0000000000
4961 -1247.0000000000
4989 -1246.0000000000
5002 -1245.0000000000
5022 -1242.0000000000
5054 -1241.0000000000
5064 -1240.0000000000
5069 -1239.0000000000
5090 -1237.0000000000
5101 -1235.0000000000
5128 -1234.0000000000
5146 -1233.0000000000
5150 -1232.0000000000
5152 -1230.0000000000
5190 -1229.0000000000
5192 -1228.0000000000
5203 -1227.0000000000
5208 -1226.0000000000
5222 -1224.0000000000
5254 -1223.0000000000
5264 -1221.0000000000
5286 -1220.0000000000
5287 -1219.0000000000
5301 -1216.0000000000
5343 -1213.0000000000
5368 -1212.0000000000
5405 -1211.0000000000
5410 -1209.0000000000
5451 -1208.0000000000
5458 -1206.0000000000
5461 -1204.0000000000
5526 -1203.0000000000
5541 -1202.0000000000
5545 -1200.0000000000
5593 -1199.0000000000
5594 -1198.0000000000
5616 -1196.0000000000
5627 -1195.0000000000
5650 -1194.0000000000
5657 -1192.0000000000
5701 -1191.0000000000
5705 -1190.0000000000
5727 -1188.0000000000
5743 -1186.0000000000
5762 -1185.0000000000
5763 -1183.0000000000
5797 -1182.0000000000
5801 -1181.0000000000
5821 -1180.0000000000
5866 -1179.0000000000
5879 -1178.0000000000
5891 -1177.0000000000
5905 -1175.0000000000
5926 -1174.0000000000
5949 -1172.0000000000
5961 -1171.0000000000
6000 -1169.0000000000
6021 -1168.0000000000
6043 -1167.0000000000
6070 -1166.0000000000
6079 -1165.0000000000
6089 -1164.0000000000
6101 -1163.0000000000
6129 -1162.0000000000
6132 -1161.0000000000
6147 -1160.0000000000
6168 -1159.0000000000
6182 -1158.0000000000
6195 -1157.0000000000
6205 -1156.0000000000
6229 -1155.0000000000
6239 -1154.0000000000
6242 -1153.0000000000
6261 -1152.0000000000
6287 -1150.0000000000
6301 -1145.0000000000
6371 -1144.0000000000
6399 -1143.0000000000
6409 -1141.0000000000
6448 -1140.0000000000
6474 -1139.0000000000
6481 -1135.0000000000
6529 -1134.0000000000
6545 -1132.0000000000
6561 -1131.0000000000
6583 -1130.0000000000
6606 -1129.0000000000
6627 -1128.0000000000
6632 -1127.0000000000
6650 -1126.0000000000
6681 -1122.0000000000
6704 -1120.0000000000
6722 -1117.0000000000
6747 -1115.0000000000
6782 -1114.0000000000
6806 -1113.0000000000
6823 -1111.0000000000
6843 -1109.0000000000
6864 -1108.0000000000
6881 -1106.0000000000
6902 -1103.0000000000
6949 -1102.0000000000
6966 -1101.0000000000
6984 -1100.0000000000
7008 -1097.0000000000
7030 -1096.0000000000
7046 -1094.0000000000
7071 -1093.0000000000
7089 -1092.0000000000
7097 -1091.0000000000
7102 -1090.0000000000
7127 -1088.0000000000
7142 -1087.0000000000
7163 -1083.0000000000
7204 -1082.0000000000
7231 -1080.0000000000
7249 -1077.0000000000
7284 -1075.0000000000
7301 -1073.0000000000
7339 -1072.0000000000
7349 -1071.0000000000
7361 -1070.0000000000
7383 -1069.0000000000
7401 -1068.0000000000
7402 -1067.0000000000
7426 -1065.0000000000
7462 -1064.0000000000
7471 -1063.0000000000
7508 -1062.0000000000
7514 -1061.0000000000
7535 -1060.0000000000
7542 -1059.0000000000
7552 -1058.0000000000
7562 -1056.0000000000
7598 -1054.0000000000
7626 -1053.0000000000
7643 -1051.0000000000
7662 -1050.0000000000
7670 -1049.0000000000
7687 -1048.0000000000
7702 -1044.0000000000
7746 -1043.0000000000
7750 -1041.0000000000
7767 -1040.0000000000
7792 -1037.0000000000
7806 -1036.0000000000
7822 -1035.0000000000
7829 -1032.0000000000
7841 -1031.0000000000
7850 -1029.0000000000
7886 -1028.0000000000
7922 -1025.0000000000
7928 -1024.0000000000
7966 -1023.0000000000
7995 -1022.0000000000
8005 -1020.0000000000
8032 -1019.0000000000
8036 -1018.0000000000
8046 -1015.0000000000
8102 -1014.0000000000
8150 -1013.0000000000
8167 -1011.0000000000
8168 -1010.0000000000
8185 -1008.0000000000
8202 -1006.0000000000
8241 -1004.0000000000
8299 -1003.0000000000
8301 -1001.0000000000
8330 -999.0000000000
8390 -998.0000000000
8411 -994.0000000000
8457 -992.0000000000
8459 -991.0000000000
8478 -990.0000000000
8488 -987.0000000000
8533 -986.0000000000
8576 -985.0000000000
8577 -984.0000000000
8605 -983.0000000000
8607 -982.0000000000
8622 -981.0000000000
8643 -980.0000000000
8671 -979.0000000000
8685 -977.0000000000
8742 -974.0000000000
8785 -973.0000000000
8831 -972.0000000000
8834 -971.0000000000
8845 -970.0000000000
8856 -969.0000000000
8869 -968.0000000000
8887 -967.0000000000
8902 -966.0000000000
8904 -965.0000000000
8936 -963.0000000000
8983 -962.0000000000
8992 -961.0000000000
9004 -960.0000000000
9037 -959.0000000000
9049 -957.0000000000
9081 -956.0000000000
9093 -955.0000000000
9103 -953.0000000000
9134 -952.0000000000
9141 -951.0000000000
9164 -950.0000000000
9174 -948.0000000000
9211 -946.0000000000
9228 -945.0000000000
9256 -943.0000000000
9261 -942.0000000000
9306 -940.0000000000
9340 -939.0000000000
9352 -938.0000000000
9362 -936.0000000000
9386 -935.0000000000
9394 -933.0000000000
9432 -932.0000000000
9462 -931.0000000000
9490 -930.0000000000
9520 -929.0000000000
9522 -928.0000000000
9543 -927.0000000000
9559 -926.0000000000
9581 -925.0000000000
9601 -924.0000000000
9608 -922.0000000000
9627 -921.0000000000
9647 -920.0000000000
9663 -919.0000000000
9675 -918.0000000000
9707 -917.0000000000
9710 -916.0000000000
9723 -914.0000000000
9744 -912.0000000000
9767 -911.0000000000
9784 -909.0000000000
9823 -908.0000000000
9828 -907.0000000000
9840 -905.0000000000
9863 -904.0000000000
9873 -903.0000000000
9900 -902.0000000000
9907 -901.0000000000
9924 -900.0000000000
9943 -899.0000000000
9946 -895.0000000000
9986 -894.0000000000
10000 -896.0000000000
