evaluations raw_y
1 -2020.0000000000
2 -2013.0000000000
4 -2008.0000000000
6 -1998.0000000000
9 -1963.0000000000
10 -1952.0000000000
11 -1945.0000000000
30 -1944.0000000000
31 -1943.0000000000
37 -1911.0000000000
53 -1910.0000000000
63 -1891.0000000000
80 -1864.0000000000
104 -1863.0000000000
105 -1848.0000000000
127 -1841.0000000000
142 -1831.0000000000
153 -1823.0000000000
181 -1813.0000000000
192 -1805.0000000000
201 -1802.0000000000
221 -1801.0000000000
224 -1797.0000000000
231 -1782.0000000000
245 -1780.0000000000
271 -1777.0000000000
278 -1774.0000000000
282 -1767.0000000000
321 -1766.0000000000
329 -1765.0000000000
341 -1761.0000000000
352 -1760.0000000000
362 -1759.0000000000
381 -1753.0000000000
385 -1751.0000000000
394 -1747.0000000000
428 -1746.0000000000
448 -1743.0000000000
452 -1740.0000000000
488 -1737.0000000000
501 -1736.0000000000
505 -1735.0000000000
521 -1732.0000000000
527 -1731.0000000000
537 -1729.0000000000
551 -1725.0000000000
582 -1724.0000000000
583 -1723.0000000000
589 -1721.0000000000
606 -1720.0000000000
617 -1717.0000000000
629 -1715.0000000000
654 -1714.0000000000
657 -1712.0000000000
666 -1711.0000000000
682 -1710.0000000000
702 -1709.0000000000
713 -1708.0000000000
736 -1707.0000000000
745 -1705.0000000000
748 -1703.0000000000
766 -1700.0000000000
806 -1699.0000000000
824 -1696.0000000000
830 -1695.0000000000
844 -1692.0000000000
886 -1690.0000000000
896 -1689.0000000000
902 -1686.0000000000
930 -1685.0000000000
960 -1684.0000000000
983 -1683.0000000000
988 -1682.0000000000
996 -1681.0000000000
1006 -1680.0000000000
1029 -1678.0000000000
1057 -1677.0000000000
1063 -1675.0000000000
1093 -1674.0000000000
1120 -1671.0000000000
1131 -1670.0000000000
1142 -1669.0000000000
1163 -1668.0000000000
1165 -1667.0000000000
1181 -1666.0000000000
1198 -1665.0000000000
1222 -1664.0000000000
1241 -1663.0000000000
1255 -1662.0000000000
1265 -1660.0000000000
1278 -1659.0000000000
1323 -1654.0000000000
1342 -1653.0000000000
1385 -1652.0000000000
1395 -1651.0000000000
1419 -1649.0000000000
1431 -1648.0000000000
1442 -1647.0000000000
1444 -1646.0000000000
1464 -1645.0000000000
1481 -1644.0000000000
1508 -1642.0000000000
1530 -1641.0000000000
1561 -1639.0000000000
1565 -1636.0000000000
1586 -1634.0000000000
1628 -1633.0000000000
1642 -1630.0000000000
1669 -1629.0000000000
1685 -1627.0000000000
1696 -1626.0000000000
1722 -1622.0000000000
1743 -1619.0000000000
1745 -1617.0000000000
1793 -1616.0000000000
1806 -1614.0000000000
1861 -1613.0000000000
1883 -1612.0000000000
1894 -1611.0000000000
1908 -1610.0000000000
1945 -1609.0000000000
1958 -1608.0000000000
1968 -1607.0000000000
1969 -1605.0000000000
1981 -1604.0000000000
1990 -1603.0000000000
2001 -1600.0000000000
2041 -1598.0000000000
2064 -1597.0000000000
2070 -1594.0000000000
2105 -1591.0000000000
2132 -1590.0000000000
2142 -1589.0000000000
2154 -1588.0000000000
2156 -1586.0000000000
2183 -1585.0000000000
2190 -1584.0000000000
2209 -1582.0000000000
2219 -1581.0000000000
2221 -1580.0000000000
2233 -1578.0000000000
2267 -1576.0000000000
2283 -1574.0000000000
2290 -1572.0000000000
2321 -1571.0000000000
2325 -1570.0000000000
2351 -1569.0000000000
2365 -1567.0000000000
2408 -1565.0000000000
2410 -1564.0000000000
2447 -1563.0000000000
2449 -1561.0000000000
2469 -1560.0000000000
2482 -1558.0000000000
2530 -1557.0000000000
2534 -1556.0000000000
2551 -1554.0000000000
2563 -1552.0000000000
2612 -1551.0000000000
2617 -1550.0000000000
2624 -1547.0000000000
2642 -1546.0000000000
2664 -1545.0000000000
2685 -1544.0000000000
2692 -1543.0000000000
2702 -1542.0000000000
2717 -1541.0000000000
2723 -1540.0000000000
2741 -1539.0000000000
2752 -1538.0000000000
2766 -1537.0000000000
2785 -1535.0000000000
2802 -1534.0000000000
2827 -1533.0000000000
2842 -1532.0000000000
2863 -1531.0000000000
2877 -1528.0000000000
2894 -1527.0000000000
2901 -1525.0000000000
2934 -1524.0000000000
2944 -1523.0000000000
2949 -1522.0000000000
2950 -1520.0000000000
2970 -1519.0000000000
2996 -1518.0000000000
3001 -1517.0000000000
3009 -1515.0000000000
3034 -1514.0000000000
3046 -1512.0000000000
3074 -1511.0000000000
3077 -1510.0000000000
3083 -1508.0000000000
3107 -1507.0000000000
3133 -1506.0000000000
3141 -1505.0000000000
3144 -1502.0000000000
3167 -1499.0000000000
3182 -1496.0000000000
3221 -1494.0000000000
3236 -1493.0000000000
3251 -1492.0000000000
3264 -1491.0000000000
3271 -1490.0000000000
3313 -1489.0000000000
3323 -1488.0000000000
3343 -1487.0000000000
3345 -1486.0000000000
3349 -1485.0000000000
3354 -1484.0000000000
3365 -1483.0000000000
3390 -1482.0000000000
3393 -1480.0000000000
3408 -1478.0000000000
3460 -1477.0000000000
3478 -1475.0000000000
3504 -1470.0000000000
3544 -1469.0000000000
3570 -1466.0000000000
3621 -1465.0000000000
3627 -1464.0000000000
3641 -1463.0000000000
3651 -1462.0000000000
3671 -1461.0000000000
3672 -1460.0000000000
3691 -1458.0000000000
3705 -1457.0000000000
3708 -1455.0000000000
3757 -1454.0000000000
3764 -1452.0000000000
3779 -1451.0000000000
3801 -1450.0000000000
3810 -1449.0000000000
3834 -1448.0000000000
3841 -1447.0000000000
3844 -1446.0000000000
3863 -1445.0000000000
3883 -1444.0000000000
3896 -1443.0000000000
3915 -1441.0000000000
3925 -1440.0000000000
3949 -1438.0000000000
3957 -1436.0000000000
3996 -1435.0000000000
4001 -1434.0000000000
4012 -1432.0000000000
4029 -1431.0000000000
4041 -1430.0000000000
4073 -1427.0000000000
4106 -1425.0000000000
4107 -1424.0000000000
4124 -1420.0000000000
4154 -1419.0000000000
4181 -1417.0000000000
4189 -1416.0000000000
4201 -1415.0000000000
4223 -1412.0000000000
4248 -1411.0000000000
4265 -1410.0000000000
4268 -1407.0000000000
4310 -1405.0000000000
4341 -1402.0000000000
4382 -1401.0000000000
4387 -1400.0000000000
4402 -1399.0000000000
4437 -1398.0000000000
4443 -1396.0000000000
4466 -1395.0000000000
4471 -1394.0000000000
4485 -1392.0000000000
4512 -1390.0000000000
4531 -1388.0000000000
4543 -1387.0000000000
4582 -1386.0000000000
4586 -1383.0000000000
4619 -1382.0000000000
4622 -1381.0000000000
4641 -1380.0000000000
4654 -1379.0000000000
4660 -1378.0000000000
4662 -1377.0000000000
4682 -1376.0000000000
4686 -1375.0000000000
4689 -1374.0000000000
4702 -1373.0000000000
4727 -1372.0000000000
4735 -1369.0000000000
4758 -1368.0000000000
4766 -1367.0000000000
4783 -1366.0000000000
4804 -1363.0000000000
4838 -1360.0000000000
4854 -1359.0000000000
4872 -1355.0000000000
4912 -1354.0000000000
4921 -1352.0000000000
4935 -1349.0000000000
4957 -1348.0000000000
4985 -1347.0000000000
4995 -1346.0000000000
5015 -1345.0000000000
5023 -1344.0000000000
5050 -1342.0000000000
5068 -1341.0000000000
5108 -1338.0000000000
5125 -1337.0000000000
5128 -1336.0000000000
5143 -1335.0000000000
5161 -1334.0000000000
5181 -1333.0000000000
5203 -1331.0000000000
5212 -1330.0000000000
5259 -1329.0000000000
5262 -1328.0000000000
5274 -1325.0000000000
5284 -1323.0000000000
5331 -1322.0000000000
5352 -1321.0000000000
5382 -1319.0000000000
5424 -1318.0000000000
5428 -1317.0000000000
5452 -1316.0000000000
5455 -1314.0000000000
5467 -1313.0000000000
5488 -1312.0000000000
5522 -1311.0000000000
5527 -1309.0000000000
5562 -1308.0000000000
5582 -1306.0000000000
5601 -1305.0000000000
5629 -1304.0000000000
5631 -1299.0000000000
5697 -1297.0000000000
5735 -1295.0000000000
5758 -1294.0000000000
5771 -1293.0000000000
5789 -1292.0000000000
5801 -1291.0000000000
5808 -1290.0000000000
5818 -1289.0000000000
5837 -1288.0000000000
5841 -1287.0000000000
5867 -1286.0000000000
5868 -1285.0000000000
5885 -1282.0000000000
5921 -1281.0000000000
5941 -1280.0000000000
5963 -1278.0000000000
5969 -1277.0000000000
5984 -1274.0000000000
6028 -1272.0000000000
6046 -1271.0000000000
6066 -1270.0000000000
6091 -1269.0000000000
6104 -1266.0000000000
6115 -1265.0000000000
6123 -1263.0000000000
6128 -1262.0000000000
6164 -1261.0000000000
6181 -1259.0000000000
6184 -1257.0000000000
6210 -1254.0000000000
6224 -1253.0000000000
6245 -1251.0000000000
6278 -1249.0000000000
6300 -1248.0000000000
6311 -1243.0000000000
6363 -1242.0000000000
6376 -1240.0000000000
6391 -1239.0000000000
6401 -1238.0000000000
6426 -1237.0000000000
6442 -1236.0000000000
6448 -1235.0000000000
6471 -1234.0000000000
6485 -1233.0000000000
6507 -1232.0000000000
6517 -1231.0000000000
6522 -1229.0000000000
6542 -1228.0000000000
6569 -1226.0000000000
6601 -1224.0000000000
6628 -1222.0000000000
6649 -1221.0000000000
6687 -1219.0000000000
6706 -1217.0000000000
6738 -1216.0000000000
6745 -1215.0000000000
6755 -1213.0000000000
6798 -1212.0000000000
6807 -1211.0000000000
6811 -1209.0000000000
6867 -1208.0000000000
6878 -1206.0000000000
6899 -1205.0000000000
6920 -1204.0000000000
6931 -1203.0000000000
6950 -1202.0000000000
6982 -1200.0000000000
7010 -1199.0000000000
7018 -1198.0000000000
7027 -1196.0000000000
7070 -1195.0000000000
7072 -1194.0000000000
7101 -1193.0000000000
7102 -1192.0000000000
7131 -1191.0000000000
7160 -1189.0000000000
7175 -1188.0000000000
7182 -1187.0000000000
7209 -1186.0000000000
7216 -1184.0000000000
7233 -1182.0000000000
7289 -1181.0000000000
7296 -1180.0000000000
7301 -1177.0000000000
7342 -1175.0000000000
7368 -1174.0000000000
7376 -1173.0000000000
7398 -1171.0000000000
7434 -1170.0000000000
7456 -1169.0000000000
7459 -1168.0000000000
7466 -1166.0000000000
7494 -1163.0000000000
7506 -1161.0000000000
7537 -1160.0000000000
7545 -1159.0000000000
7562 -1158.0000000000
7598 -1157.0000000000
7622 -1156.0000000000
7627 -1154.0000000000
7650 -1153.0000000000
7683 -1152.0000000000
7696 -1150.0000000000
7704 -1149.0000000000
7726 -1146.0000000000
7748 -1145.0000000000
7774 -1144.0000000000
7787 -1143.0000000000
7805 -1142.0000000000
7817 -1140.0000000000
7840 -1139.0000000000
7847 -1137.0000000000
7869 -1136.0000000000
7892 -1135.0000000000
7893 -1134.0000000000
7905 -1133.0000000000
7933 -1132.0000000000
7941 -1131.0000000000
7961 -1129.0000000000
7985 -1127.0000000000
8027 -1125.0000000000
8042 -1124.0000000000
8057 -1123.0000000000
8068 -1122.0000000000
8089 -1120.0000000000
8122 -1119.0000000000
8148 -1118.0000000000
8168 -1117.0000000000
8186 -1116.0000000000
8195 -1114.0000000000
8227 -1113.0000000000
8245 -1112.0000000000
8293 -1111.0000000000
8306 -1110.0000000000
8323 -1109.0000000000
8360 -1107.0000000000
8390 -1106.0000000000
8413 -1105.0000000000
8427 -1104.0000000000
8437 -1103.0000000000
8441 -1102.0000000000
8481 -1101.0000000000
8513 -1099.0000000000
8521 -1097.0000000000
8560 -1096.0000000000
8569 -1094.0000000000
8610 -1092.0000000000
8647 -1091.0000000000
8668 -1090.0000000000
8690 -1089.0000000000
8703 -1087.0000000000
8704 -1086.0000000000
8731 -1085.0000000000
8747 -1084.0000000000
8749 -1082.0000000000
8783 -1081.0000000000
8802 -1080.0000000000
8825 -1079.0000000000
8832 -1077.0000000000
8865 -1074.0000000000
8898 -1070.0000000000
8954 -1069.0000000000
8959 -1067.0000000000
8981 -1066.0000000000
9021 -1065.0000000000
9046 -1063.0000000000
9057 -1062.0000000000
9063 -1060.0000000000
9105 -1059.0000000000
9122 -1057.0000000000
9149 -1054.0000000000
9161 -1052.0000000000
9184 -1051.0000000000
9203 -1049.0000000000
9244 -1048.0000000000
9247 -1047.0000000000
9278 -1044.0000000000
9314 -1042.0000000000
9334 -1041.0000000000
9345 -1040.0000000000
9350 -1039.0000000000
9369 -1038.0000000000
9385 -1036.0000000000
9396 -1033.0000000000
9411 -1032.0000000000
9426 -1031.0000000000
9469 -1030.0000000000
9486 -1029.0000000000
9501 -1028.0000000000
9515 -1027.0000000000
9519 -1026.0000000000
9521 -1025.0000000000
9531 -1024.0000000000
9561 -1023.0000000000
9604 -1022.0000000000
9612 -1021.0000000000
9626 -1020.0000000000
9646 -1019.0000000000
9685 -1018.0000000000
9703 -1017.0000000000
9719 -1016.0000000000
9723 -1015.0000000000
9743 -1014.0000000000
9758 -1012.0000000000
9785 -1011.0000000000
9790 -1010.0000000000
9816 -1009.0000000000
9826 -1008.0000000000
9847 -1007.0000000000
9893 -1005.0000000000
9923 -1004.0000000000
9942 -1003.0000000000
9961 -1002.0000000000
9984 -1001.0000000000
10007 -1000.0000000000
10012 -999.0000000000
10024 -998.0000000000
10047 -996.0000000000
10082 -995.0000000000
10098 -994.0000000000
10108 -993.0000000000
10118 -992.0000000000
10135 -991.0000000000
10161 -990.0000000000
10196 -989.0000000000
10203 -988.0000000000
10234 -987.0000000000
10237 -986.0000000000
10260 -985.0000000000
10264 -984.0000000000
10272 -983.0000000000
10291 -982.0000000000
10301 -981.0000000000
10308 -980.0000000000
10348 -979.0000000000
10356 -978.0000000000
10363 -976.0000000000
10396 -974.0000000000
10401 -973.0000000000
10429 -972.0000000000
10455 -970.0000000000
10487 -968.0000000000
10510 -967.0000000000
10527 -966.0000000000
10533 -963.0000000000
10583 -962.0000000000
10601 -961.0000000000
10604 -960.0000000000
10642 -958.0000000000
10676 -957.0000000000
10682 -956.0000000000
10683 -955.0000000000
10718 -953.0000000000
10745 -952.0000000000
10758 -951.0000000000
10762 -950.0000000000
10783 -949.0000000000
10786 -948.0000000000
10822 -947.0000000000
10842 -946.0000000000
10855 -945.0000000000
10861 -944.0000000000
10876 -943.0000000000
10913 -942.0000000000
10934 -940.0000000000
10982 -939.0000000000
10992 -937.0000000000
11007 -936.0000000000
11056 -935.0000000000
11067 -934.0000000000
11082 -931.0000000000
11121 -930.0000000000
11132 -929.0000000000
11135 -928.0000000000
11164 -927.0000000000
11168 -926.0000000000
11200 -925.0000000000
11226 -924.0000000000
11229 -923.0000000000
11250 -921.0000000000
11302 -920.0000000000
11334 -917.0000000000
11385 -915.0000000000
11421 -914.0000000000
11440 -912.0000000000
11442 -911.0000000000
11477 -909.0000000000
11515 -906.0000000000
11563 -904.0000000000
11598 -903.0000000000
11620 -901.0000000000
11628 -900.0000000000
11676 -898.0000000000
11687 -897.0000000000
11712 -896.0000000000
11713 -895.0000000000
11741 -894.0000000000
11761 -893.0000000000
11762 -892.0000000000
11810 -891.0000000000
11821 -890.0000000000
11829 -889.0000000000
11841 -888.0000000000
11882 -887.0000000000
11910 -886.0000000000
11950 -885.0000000000
11989 -884.0000000000
12003 -881.0000000000
12027 -880.0000000000
12058 -879.0000000000
12104 -878.0000000000
12107 -877.0000000000
12180 -876.0000000000
12212 -875.0000000000
12221 -874.0000000000
12243 -873.0000000000
12245 -872.0000000000
12270 -871.0000000000
12283 -870.0000000000
12313 -868.0000000000
12344 -867.0000000000
12383 -864.0000000000
12409 -863.0000000000
12436 -862.0000000000
12451 -861.0000000000
12482 -860.0000000000
12507 -859.0000000000
12535 -858.0000000000
12565 -857.0000000000
12595 -856.0000000000
12639 -855.0000000000
12648 -851.0000000000
12713 -850.0000000000
12724 -849.0000000000
12728 -848.0000000000
12769 -847.0000000000
12805 -846.0000000000
12831 -845.0000000000
12849 -844.0000000000
12854 -843.0000000000
12861 -842.0000000000
12868 -841.0000000000
12882 -839.0000000000
12924 -838.0000000000
12945 -837.0000000000
12963 -836.0000000000
13005 -835.0000000000
13029 -833.0000000000
13041 -832.0000000000
13063 -831.0000000000
13112 -830.0000000000
13125 -829.0000000000
13175 -827.0000000000
13201 -824.0000000000
13244 -822.0000000000
13287 -821.0000000000
13297 -819.0000000000
13334 -818.0000000000
13341 -817.0000000000
13363 -816.0000000000
13396 -815.0000000000
13403 -814.0000000000
13433 -812.0000000000
13445 -809.0000000000
13480 -808.0000000000
13504 -806.0000000000
13551 -805.0000000000
13557 -804.0000000000
13605 -802.0000000000
13627 -801.0000000000
13649 -800.0000000000
13666 -799.0000000000
13671 -798.0000000000
13683 -795.0000000000
13734 -794.0000000000
13751 -792.0000000000
13807 -791.0000000000
13825 -790.0000000000
13840 -789.0000000000
13851 -788.0000000000
13852 -787.0000000000
13872 -786.0000000000
13907 -783.0000000000
13910 -782.0000000000
13981 -781.0000000000
14013 -780.0000000000
14045 -779.0000000000
14063 -777.0000000000
14089 -776.0000000000
14097 -775.0000000000
14115 -774.0000000000
14128 -773.0000000000
14157 -772.0000000000
14164 -771.0000000000
14189 -770.0000000000
14203 -768.0000000000
14210 -767.0000000000
14231 -765.0000000000
14265 -764.0000000000
14318 -763.0000000000
14343 -762.0000000000
14369 -761.0000000000
14388 -759.0000000000
14414 -758.0000000000
14430 -757.0000000000
14450 -756.0000000000
14462 -755.0000000000
14484 -754.0000000000
14516 -753.0000000000
14521 -752.0000000000
14541 -751.0000000000
14559 -748.0000000000
14613 -746.0000000000
14637 -744.0000000000
14650 -743.0000000000
14664 -741.0000000000
14726 -739.0000000000
14745 -737.0000000000
14775 -736.0000000000
14788 -735.0000000000
14800 -734.0000000000
14816 -730.0000000000
14874 -729.0000000000
14884 -728.0000000000
14919 -727.0000000000
14961 -726.0000000000
14984 -725.0000000000
15002 -723.0000000000
15024 -721.0000000000
15085 -720.0000000000
15101 -719.0000000000
15123 -718.0000000000
15146 -716.0000000000
15171 -712.0000000000
15261 -711.0000000000
15287 -710.0000000000
15309 -708.0000000000
15344 -707.0000000000
15377 -706.0000000000
15421 -705.0000000000
15483 -704.0000000000
15491 -703.0000000000
15516 -702.0000000000
15551 -700.0000000000
15572 -699.0000000000
15592 -697.0000000000
15620 -696.0000000000
15624 -694.0000000000
15698 -693.0000000000
15704 -692.0000000000
15715 -690.0000000000
15754 -689.0000000000
15758 -686.0000000000
15771 -684.0000000000
15804 -683.0000000000
15823 -681.0000000000
15849 -678.0000000000
15881 -676.0000000000
15922 -675.0000000000
15950 -674.0000000000
15966 -673.0000000000
16001 -672.0000000000
16033 -669.0000000000
16054 -668.0000000000
16087 -667.0000000000
16118 -666.0000000000
16140 -665.0000000000
16166 -663.0000000000
16199 -662.0000000000
16217 -660.0000000000
16245 -658.0000000000
16321 -657.0000000000
16336 -656.0000000000
16354 -655.0000000000
16365 -654.0000000000
16381 -653.0000000000
16403 -652.0000000000
16409 -651.0000000000
16453 -650.0000000000
16484 -649.0000000000
16518 -648.0000000000
16553 -647.0000000000
16567 -645.0000000000
16590 -644.0000000000
16613 -642.0000000000
16650 -641.0000000000
16675 -640.0000000000
16677 -639.0000000000
16680 -636.0000000000
16750 -635.0000000000
16768 -634.0000000000
16777 -633.0000000000
16804 -631.0000000000
16848 -630.0000000000
16851 -628.0000000000
16881 -627.0000000000
16907 -626.0000000000
16930 -625.0000000000
16982 -623.0000000000
17025 -622.0000000000
17068 -621.0000000000
17101 -620.0000000000
17139 -619.0000000000
17156 -618.0000000000
17181 -617.0000000000
17186 -616.0000000000
17215 -615.0000000000
17244 -614.0000000000
17304 -613.0000000000
17339 -612.0000000000
17340 -611.0000000000
17384 -610.0000000000
17404 -609.0000000000
17460 -608.0000000000
17474 -607.0000000000
17493 -606.0000000000
17527 -605.0000000000
17531 -604.0000000000
17541 -603.0000000000
17561 -602.0000000000
17598 -601.0000000000
17621 -600.0000000000
17652 -599.0000000000
17661 -598.0000000000
17693 -597.0000000000
17743 -596.0000000000
17761 -595.0000000000
17786 -594.0000000000
17812 -593.0000000000
17826 -592.0000000000
17838 -591.0000000000
17855 -590.0000000000
17894 -588.0000000000
17926 -586.0000000000
17944 -585.0000000000
17968 -584.0000000000
18001 -583.0000000000
18009 -581.0000000000
18037 -580.0000000000
18066 -579.0000000000
18069 -577.0000000000
18121 -576.0000000000
18157 -574.0000000000
18201 -573.0000000000
18225 -572.0000000000
18261 -571.0000000000
18276 -570.0000000000
18280 -569.0000000000
18330 -568.0000000000
18353 -567.0000000000
18364 -566.0000000000
18414 -565.0000000000
18428 -564.0000000000
18457 -562.0000000000
18498 -561.0000000000
18503 -560.0000000000
18530 -557.0000000000
18572 -556.0000000000
18583 -554.0000000000
18626 -553.0000000000
18658 -552.0000000000
18701 -550.0000000000
18769 -549.0000000000
18780 -547.0000000000
18812 -546.0000000000
18844 -545.0000000000
18929 -544.0000000000
18930 -543.0000000000
18971 -541.0000000000
19025 -540.0000000000
19027 -539.0000000000
19069 -538.0000000000
19084 -537.0000000000
19118 -536.0000000000
19145 -535.0000000000
19185 -533.0000000000
19234 -531.0000000000
19271 -530.0000000000
19302 -528.0000000000
19335 -527.0000000000
19383 -526.0000000000
19409 -525.0000000000
19422 -523.0000000000
19468 -522.0000000000
19505 -521.0000000000
19516 -520.0000000000
19567 -518.0000000000
19604 -517.0000000000
19623 -516.0000000000
19684 -515.0000000000
19721 -514.0000000000
19730 -513.0000000000
19761 -512.0000000000
19784 -511.0000000000
19804 -510.0000000000
19827 -508.0000000000
19862 -506.0000000000
19925 -503.0000000000
19987 -502.0000000000
20010 -501.0000000000
20018 -500.0000000000
20044 -499.0000000000
20115 -498.0000000000
20121 -497.0000000000
20147 -496.0000000000
20169 -495.0000000000
20184 -494.0000000000
20188 -492.0000000000
20245 -490.0000000000
20290 -489.0000000000
20320 -488.0000000000
20325 -487.0000000000
20354 -486.0000000000
20376 -485.0000000000
20420 -484.0000000000
20443 -483.0000000000
20474 -482.0000000000
20513 -481.0000000000
20523 -480.0000000000
20544 -479.0000000000
20582 -478.0000000000
20634 -475.0000000000
20650 -474.0000000000
20673 -473.0000000000
20744 -471.0000000000
20763 -470.0000000000
20788 -469.0000000000
20803 -468.0000000000
20844 -467.0000000000
20903 -465.0000000000
20956 -464.0000000000
20966 -462.0000000000
21024 -461.0000000000
21065 -460.0000000000
21104 -458.0000000000
21130 -457.0000000000
21172 -456.0000000000
21189 -455.0000000000
21211 -454.0000000000
21224 -453.0000000000
21242 -452.0000000000
21265 -450.0000000000
21269 -449.0000000000
21296 -448.0000000000
21345 -447.0000000000
21355 -446.0000000000
21371 -445.0000000000
21412 -444.0000000000
21421 -442.0000000000
21457 -440.0000000000
21464 -439.0000000000
21485 -438.0000000000
21515 -437.0000000000
21559 -436.0000000000
21598 -435.0000000000
21669 -434.0000000000
21729 -433.0000000000
21752 -432.0000000000
21803 -431.0000000000
21849 -430.0000000000
21864 -428.0000000000
21913 -427.0000000000
21922 -426.0000000000
21923 -425.0000000000
21947 -424.0000000000
22000 -423.0000000000
22021 -422.0000000000
22060 -421.0000000000
22062 -420.0000000000
22093 -419.0000000000
22127 -418.0000000000
22164 -417.0000000000
22186 -416.0000000000
22190 -415.0000000000
22259 -414.0000000000
22270 -413.0000000000
22287 -412.0000000000
22339 -411.0000000000
22376 -409.0000000000
22458 -408.0000000000
22469 -407.0000000000
22513 -406.0000000000
22524 -405.0000000000
22569 -403.0000000000
22588 -402.0000000000
22612 -401.0000000000
22642 -400.0000000000
22687 -398.0000000000
22699 -397.0000000000
22725 -396.0000000000
22749 -395.0000000000
22780 -394.0000000000
22797 -392.0000000000
22803 -390.0000000000
22862 -389.0000000000
22893 -388.0000000000
22946 -387.0000000000
22982 -386.0000000000
22993 -385.0000000000
23048 -384.0000000000
23153 -383.0000000000
23186 -382.0000000000
23228 -381.0000000000
23288 -380.0000000000
23360 -378.0000000000
23409 -377.0000000000
23441 -376.0000000000
23467 -374.0000000000
23487 -373.0000000000
23488 -372.0000000000
23560 -371.0000000000
23563 -370.0000000000
23585 -368.0000000000
23607 -367.0000000000
23649 -366.0000000000
23668 -365.0000000000
23706 -364.0000000000
23721 -363.0000000000
23731 -361.0000000000
23778 -360.0000000000
23801 -359.0000000000
23827 -358.0000000000
23875 -356.0000000000
23897 -355.0000000000
23971 -354.0000000000
24043 -353.0000000000
24068 -352.0000000000
24131 -351.0000000000
24148 -350.0000000000
24199 -349.0000000000
24260 -348.0000000000
24277 -347.0000000000
24324 -345.0000000000
24362 -343.0000000000
24421 -341.0000000000
24447 -339.0000000000
24512 -338.0000000000
24524 -337.0000000000
24566 -336.0000000000
24633 -335.0000000000
24652 -332.0000000000
24689 -331.0000000000
24710 -330.0000000000
24734 -329.0000000000
24764 -327.0000000000
24867 -326.0000000000
24882 -325.0000000000
24943 -324.0000000000
25015 -323.0000000000
25049 -322.0000000000
25089 -321.0000000000
25113 -320.0000000000
25142 -319.0000000000
25185 -318.0000000000
25271 -317.0000000000
25292 -316.0000000000
25308 -314.0000000000
25359 -312.0000000000
25424 -311.0000000000
25456 -310.0000000000
25520 -309.0000000000
25554 -307.0000000000
25625 -306.0000000000
25634 -305.0000000000
25693 -303.0000000000
25791 -302.0000000000
25836 -301.0000000000
25838 -300.0000000000
25909 -299.0000000000
25911 -298.0000000000
25966 -297.0000000000
25984 -296.0000000000
26027 -295.0000000000
26089 -294.0000000000
26129 -293.0000000000
26154 -292.0000000000
26181 -291.0000000000
26224 -289.0000000000
26275 -288.0000000000
26295 -287.0000000000
26368 -286.0000000000
26475 -285.0000000000
26489 -284.0000000000
26539 -283.0000000000
26599 -282.0000000000
26675 -281.0000000000
26680 -280.0000000000
26748 -279.0000000000
26787 -278.0000000000
26815 -277.0000000000
26830 -276.0000000000
26862 -275.0000000000
26917 -274.0000000000
26958 -273.0000000000
26982 -272.0000000000
27026 -271.0000000000
27062 -270.0000000000
27084 -269.0000000000
27136 -268.0000000000
27167 -266.0000000000
27212 -263.0000000000
27291 -261.0000000000
27335 -260.0000000000
27386 -259.0000000000
27410 -258.0000000000
27443 -257.0000000000
27464 -256.0000000000
27548 -255.0000000000
27584 -253.0000000000
27628 -252.0000000000
27653 -251.0000000000
27670 -250.0000000000
27685 -249.0000000000
27749 -247.0000000000
27761 -246.0000000000
27801 -245.0000000000
27849 -244.0000000000
27915 -243.0000000000
28026 -242.0000000000
28073 -241.0000000000
28233 -240.0000000000
28287 -239.0000000000
28326 -238.0000000000
28397 -237.0000000000
28431 -235.0000000000
28512 -234.0000000000
28570 -233.0000000000
28590 -232.0000000000
28662 -231.0000000000
28673 -230.0000000000
28717 -229.0000000000
28753 -228.0000000000
28778 -227.0000000000
28826 -226.0000000000
28872 -225.0000000000
28957 -224.0000000000
29149 -223.0000000000
29222 -222.0000000000
29301 -221.0000000000
29329 -220.0000000000
29376 -219.0000000000
29402 -218.0000000000
29483 -217.0000000000
29531 -216.0000000000
29562 -215.0000000000
29621 -214.0000000000
29647 -213.0000000000
29689 -212.0000000000
29723 -211.0000000000
29783 -210.0000000000
29809 -209.0000000000
29826 -208.0000000000
29876 -207.0000000000
29950 -206.0000000000
29989 -205.0000000000
30098 -204.0000000000
30140 -203.0000000000
30213 -202.0000000000
30254 -201.0000000000
30318 -200.0000000000
30401 -199.0000000000
30430 -198.0000000000
30494 -197.0000000000
30507 -196.0000000000
30524 -195.0000000000
30572 -194.0000000000
30595 -193.0000000000
30623 -192.0000000000
30657 -191.0000000000
30684 -190.0000000000
30701 -189.0000000000
30747 -188.0000000000
30809 -187.0000000000
30841 -186.0000000000
30866 -185.0000000000
30922 -184.0000000000
30954 -183.0000000000
31004 -181.0000000000
31089 -180.0000000000
31183 -179.0000000000
31243 -178.0000000000
31322 -177.0000000000
31383 -176.0000000000
31417 -175.0000000000
31421 -174.0000000000
31509 -173.0000000000
31550 -172.0000000000
31564 -170.0000000000
31643 -168.0000000000
31722 -167.0000000000
31790 -166.0000000000
31876 -165.0000000000
31946 -164.0000000000
32008 -163.0000000000
32045 -162.0000000000
32091 -161.0000000000
32128 -160.0000000000
32137 -159.0000000000
32203 -158.0000000000
32227 -157.0000000000
32249 -156.0000000000
32290 -155.0000000000
32349 -153.0000000000
32384 -152.0000000000
32453 -151.0000000000
32463 -150.0000000000
32527 -149.0000000000
32555 -148.0000000000
32624 -147.0000000000
32739 -146.0000000000
32804 -145.0000000000
32898 -144.0000000000
32956 -143.0000000000
32997 -142.0000000000
33069 -141.0000000000
33138 -140.0000000000
33146 -139.0000000000
33219 -138.0000000000
33463 -137.0000000000
33543 -136.0000000000
33590 -135.0000000000
33706 -133.0000000000
33759 -132.0000000000
33880 -130.0000000000
33951 -129.0000000000
34073 -128.0000000000
34223 -127.0000000000
34272 -126.0000000000
34302 -125.0000000000
34328 -124.0000000000
34371 -123.0000000000
34437 -121.0000000000
34534 -120.0000000000
34639 -119.0000000000
34701 -118.0000000000
34775 -117.0000000000
34809 -116.0000000000
34894 -115.0000000000
34986 -113.0000000000
35061 -112.0000000000
35067 -111.0000000000
35141 -110.0000000000
35211 -109.0000000000
35288 -108.0000000000
35322 -107.0000000000
35390 -106.0000000000
35440 -105.0000000000
35496 -104.0000000000
35640 -103.0000000000
35703 -102.0000000000
35761 -101.0000000000
36052 -100.0000000000
36128 -99.0000000000
36162 -97.0000000000
36256 -96.0000000000
36410 -95.0000000000
36529 -94.0000000000
36598 -93.0000000000
36964 -92.0000000000
37050 -91.0000000000
37071 -90.0000000000
37157 -89.0000000000
37238 -88.0000000000
37303 -86.0000000000
37516 -85.0000000000
37666 -84.0000000000
37828 -83.0000000000
37890 -82.0000000000
38001 -81.0000000000
38086 -80.0000000000
38238 -79.0000000000
38452 -78.0000000000
38687 -77.0000000000
38944 -76.0000000000
39005 -75.0000000000
39070 -74.0000000000
39365 -73.0000000000
39591 -72.0000000000
39722 -71.0000000000
40369 -70.0000000000
40429 -69.0000000000
40513 -68.0000000000
40589 -67.0000000000
40743 -66.0000000000
40803 -65.0000000000
40930 -64.0000000000
41008 -63.0000000000
41051 -62.0000000000
41088 -61.0000000000
41310 -60.0000000000
41509 -59.0000000000
41578 -58.0000000000
41599 -57.0000000000
41642 -56.0000000000
42036 -55.0000000000
42390 -54.0000000000
42505 -53.0000000000
42655 -52.0000000000
42821 -51.0000000000
42967 -50.0000000000
43285 -49.0000000000
43571 -48.0000000000
43787 -47.0000000000
43835 -46.0000000000
44208 -45.0000000000
44569 -44.0000000000
44902 -43.0000000000
44965 -42.0000000000
45104 -41.0000000000
45158 -40.0000000000
45381 -39.0000000000
45542 -38.0000000000
45617 -37.0000000000
46482 -36.0000000000
46532 -35.0000000000
46601 -34.0000000000
46733 -33.0000000000
46993 -32.0000000000
47081 -31.0000000000
47170 -30.0000000000
47388 -29.0000000000
47817 -28.0000000000
47940 -27.0000000000
49055 -26.0000000000
49168 -25.0000000000
49475 -24.0000000000
49563 -23.0000000000
49723 -22.0000000000
49838 -21.0000000000
49861 -20.0000000000
50150 -19.0000000000
51462 -18.0000000000
52094 -17.0000000000
52200 -16.0000000000
53350 -15.0000000000
54013 -14.0000000000
54194 -13.0000000000
54246 -12.0000000000
55012 -11.0000000000
55724 -10.0000000000
56009 -9.0000000000
56370 -8.0000000000
58165 -7.0000000000
58386 -6.0000000000
58583 -5.0000000000
58694 -4.0000000000
58791 -3.0000000000
59052 -2.0000000000
59775 -1.0000000000
61304 101.0300000000
61368 113.1700000000
61529 116.3700000000
61622 119.3600000000
62403 125.9400000000
64351 129.7600000000
65482 131.8000000000
65579 136.6500000000
67403 139.6100000000
67711 148.2300000000
70524 149.0500000000
87342 151.0600000000
99978 154.1400000000
100000 -1.0000000000
