evaluations raw_y
1 -2079.0000000000
3 -2078.0000000000
4 -2077.0000000000
16 -2076.0000000000
20 -2075.0000000000
23 -2074.0000000000
24 -2073.0000000000
34 -2072.0000000000
35 -2070.0000000000
36 -2069.0000000000
41 -2068.0000000000
43 -2067.0000000000
58 -2066.0000000000
59 -2065.0000000000
62 -2064.0000000000
67 -2063.0000000000
75 -2062.0000000000
80 -2060.0000000000
87 -2056.0000000000
91 -2055.0000000000
96 -2053.0000000000
101 -2052.0000000000
106 -2051.0000000000
108 -2047.0000000000
111 -2046.0000000000
112 -2045.0000000000
113 -2044.0000000000
114 -2043.0000000000
117 -2042.0000000000
118 -2041.0000000000
119 -2039.0000000000
121 -2038.0000000000
125 -2035.0000000000
131 -2032.0000000000
133 -2031.0000000000
134 -2030.0000000000
141 -2028.0000000000
142 -2027.0000000000
146 -2026.0000000000
148 -2024.0000000000
151 -2023.0000000000
157 -2022.0000000000
158 -2021.0000000000
159 -2020.0000000000
161 -2019.0000000000
164 -2017.0000000000
165 -2016.0000000000
166 -2015.0000000000
171 -2014.0000000000
175 -2012.0000000000
199 -2011.0000000000
201 -2010.0000000000
202 -2009.0000000000
205 -2008.0000000000
221 -2007.0000000000
222 -2006.0000000000
223 -2005.0000000000
224 -2004.0000000000
232 -2003.0000000000
242 -2002.0000000000
248 -2001.0000000000
253 -1999.0000000000
254 -1998.0000000000
259 -1997.0000000000
261 -1996.0000000000
263 -1995.0000000000
265 -1994.0000000000
267 -1993.0000000000
271 -1991.0000000000
273 -1990.0000000000
276 -1989.0000000000
282 -1988.0000000000
285 -1987.0000000000
286 -1986.0000000000
292 -1985.0000000000
302 -1983.0000000000
304 -1982.0000000000
311 -1981.0000000000
312 -1979.0000000000
314 -1978.0000000000
315 -1976.0000000000
316 -1975.0000000000
317 -1974.0000000000
318 -1973.0000000000
327 -1972.0000000000
329 -1971.0000000000
340 -1970.0000000000
341 -1968.0000000000
342 -1967.0000000000
343 -1966.0000000000
352 -1965.0000000000
353 -1964.0000000000
359 -1963.0000000000
362 -1962.0000000000
366 -1961.0000000000
367 -1960.0000000000
371 -1959.0000000000
372 -1958.0000000000
379 -1957.0000000000
399 -1954.0000000000
424 -1952.0000000000
425 -1951.0000000000
431 -1950.0000000000
439 -1949.0000000000
440 -1946.0000000000
444 -1945.0000000000
445 -1942.0000000000
447 -1940.0000000000
448 -1939.0000000000
450 -1937.0000000000
451 -1935.0000000000
452 -1934.0000000000
456 -1932.0000000000
471 -1931.0000000000
480 -1930.0000000000
483 -1927.0000000000
487 -1926.0000000000
492 -1925.0000000000
497 -1924.0000000000
501 -1923.0000000000
506 -1920.0000000000
517 -1919.0000000000
519 -1918.0000000000
520 -1917.0000000000
521 -1916.0000000000
522 -1915.0000000000
527 -1914.0000000000
529 -1912.0000000000
532 -1910.0000000000
534 -1909.0000000000
535 -1908.0000000000
538 -1907.0000000000
542 -1906.0000000000
544 -1905.0000000000
546 -1904.0000000000
553 -1903.0000000000
555 -1902.0000000000
560 -1901.0000000000
571 -1900.0000000000
580 -1899.0000000000
586 -1898.0000000000
600 -1896.0000000000
601 -1895.0000000000
603 -1894.0000000000
605 -1893.0000000000
609 -1892.0000000000
612 -1891.0000000000
620 -1890.0000000000
624 -1888.0000000000
630 -1886.0000000000
633 -1885.0000000000
642 -1884.0000000000
651 -1883.0000000000
656 -1882.0000000000
658 -1881.0000000000
662 -1880.0000000000
663 -1879.0000000000
677 -1878.0000000000
684 -1876.0000000000
685 -1875.0000000000
686 -1873.0000000000
688 -1872.0000000000
691 -1871.0000000000
692 -1869.0000000000
695 -1868.0000000000
700 -1867.0000000000
704 -1866.0000000000
705 -1865.0000000000
708 -1864.0000000000
709 -1863.0000000000
712 -1862.0000000000
718 -1861.0000000000
723 -1860.0000000000
728 -1858.0000000000
729 -1857.0000000000
735 -1856.0000000000
740 -1855.0000000000
750 -1853.0000000000
753 -1852.0000000000
767 -1851.0000000000
768 -1850.0000000000
769 -1849.0000000000
775 -1848.0000000000
781 -1847.0000000000
791 -1845.0000000000
793 -1844.0000000000
795 -1843.0000000000
796 -1841.0000000000
797 -1840.0000000000
799 -1839.0000000000
810 -1838.0000000000
819 -1837.0000000000
834 -1836.0000000000
837 -1835.0000000000
840 -1833.0000000000
841 -1832.0000000000
842 -1831.0000000000
844 -1830.0000000000
846 -1829.0000000000
859 -1827.0000000000
860 -1826.0000000000
864 -1823.0000000000
865 -1822.0000000000
870 -1821.0000000000
871 -1820.0000000000
874 -1819.0000000000
875 -1817.0000000000
876 -1816.0000000000
884 -1815.0000000000
886 -1813.0000000000
896 -1812.0000000000
899 -1811.0000000000
914 -1810.0000000000
920 -1809.0000000000
924 -1808.0000000000
925 -1807.0000000000
926 -1806.0000000000
931 -1805.0000000000
939 -1804.0000000000
941 -1801.0000000000
942 -1799.0000000000
947 -1798.0000000000
948 -1797.0000000000
958 -1795.0000000000
960 -1794.0000000000
965 -1793.0000000000
971 -1792.0000000000
978 -1791.0000000000
982 -1790.0000000000
983 -1789.0000000000
992 -1788.0000000000
994 -1787.0000000000
1002 -1786.0000000000
1008 -1784.0000000000
1009 -1783.0000000000
1011 -1782.0000000000
1018 -1780.0000000000
1019 -1779.0000000000
1023 -1777.0000000000
1025 -1776.0000000000
1027 -1775.0000000000
1029 -1773.0000000000
1030 -1771.0000000000
1037 -1770.0000000000
1039 -1769.0000000000
1040 -1767.0000000000
1052 -1764.0000000000
1053 -1763.0000000000
1056 -1762.0000000000
1059 -1761.0000000000
1068 -1760.0000000000
1076 -1758.0000000000
1078 -1757.0000000000
1079 -1756.0000000000
1081 -1755.0000000000
1086 -1754.0000000000
1089 -1753.0000000000
1094 -1752.0000000000
1095 -1750.0000000000
1097 -1749.0000000000
1104 -1748.0000000000
1118 -1747.0000000000
1119 -1746.0000000000
1121 -1744.0000000000
1129 -1743.0000000000
1133 -1742.0000000000
1148 -1741.0000000000
1150 -1740.0000000000
1152 -1739.0000000000
1154 -1738.0000000000
1157 -1737.0000000000
1158 -1736.0000000000
1187 -1734.0000000000
1191 -1733.0000000000
1193 -1732.0000000000
1196 -1731.0000000000
1197 -1729.0000000000
1201 -1728.0000000000
1203 -1726.0000000000
1205 -1724.0000000000
1208 -1723.0000000000
1209 -1721.0000000000
1210 -1720.0000000000
1215 -1719.0000000000
1218 -1718.0000000000
1222 -1717.0000000000
1229 -1716.0000000000
1236 -1715.0000000000
1238 -1714.0000000000
1248 -1711.0000000000
1254 -1710.0000000000
1256 -1709.0000000000
1262 -1708.0000000000
1272 -1707.0000000000
1274 -1706.0000000000
1277 -1705.0000000000
1281 -1703.0000000000
1284 -1701.0000000000
1285 -1700.0000000000
1286 -1699.0000000000
1299 -1698.0000000000
1315 -1697.0000000000
1319 -1696.0000000000
1335 -1695.0000000000
1338 -1694.0000000000
1340 -1692.0000000000
1342 -1691.0000000000
1347 -1690.0000000000
1349 -1689.0000000000
1350 -1688.0000000000
1351 -1687.0000000000
1352 -1686.0000000000
1360 -1685.0000000000
1369 -1683.0000000000
1372 -1682.0000000000
1378 -1681.0000000000
1379 -1680.0000000000
1383 -1679.0000000000
1385 -1678.0000000000
1396 -1677.0000000000
1398 -1676.0000000000
1399 -1675.0000000000
1403 -1674.0000000000
1406 -1672.0000000000
1407 -1671.0000000000
1409 -1669.0000000000
1416 -1667.0000000000
1419 -1666.0000000000
1423 -1664.0000000000
1424 -1663.0000000000
1425 -1662.0000000000
1434 -1661.0000000000
1440 -1660.0000000000
1444 -1659.0000000000
1455 -1658.0000000000
1463 -1656.0000000000
1471 -1655.0000000000
1478 -1654.0000000000
1480 -1653.0000000000
1482 -1652.0000000000
1484 -1651.0000000000
1488 -1650.0000000000
1489 -1649.0000000000
1495 -1648.0000000000
1505 -1647.0000000000
1508 -1646.0000000000
1509 -1645.0000000000
1510 -1642.0000000000
1511 -1641.0000000000
1526 -1640.0000000000
1531 -1638.0000000000
1532 -1637.0000000000
1539 -1636.0000000000
1541 -1635.0000000000
1546 -1634.0000000000
1550 -1633.0000000000
1552 -1632.0000000000
1556 -1631.0000000000
1560 -1630.0000000000
1562 -1629.0000000000
1564 -1626.0000000000
1565 -1625.0000000000
1568 -1624.0000000000
1569 -1623.0000000000
1574 -1621.0000000000
1575 -1619.0000000000
1576 -1618.0000000000
1577 -1617.0000000000
1578 -1616.0000000000
1582 -1615.0000000000
1587 -1614.0000000000
1591 -1613.0000000000
1595 -1612.0000000000
1598 -1611.0000000000
1601 -1610.0000000000
1605 -1609.0000000000
1608 -1607.0000000000
1615 -1606.0000000000
1616 -1605.0000000000
1618 -1604.0000000000
1622 -1603.0000000000
1628 -1602.0000000000
1631 -1601.0000000000
1632 -1600.0000000000
1633 -1599.0000000000
1637 -1597.0000000000
1638 -1596.0000000000
1641 -1595.0000000000
1642 -1593.0000000000
1647 -1592.0000000000
1653 -1591.0000000000
1656 -1590.0000000000
1660 -1589.0000000000
1670 -1588.0000000000
1675 -1587.0000000000
1679 -1586.0000000000
1680 -1585.0000000000
1682 -1584.0000000000
1685 -1583.0000000000
1686 -1582.0000000000
1688 -1581.0000000000
1691 -1580.0000000000
1699 -1578.0000000000
1708 -1577.0000000000
1724 -1576.0000000000
1728 -1575.0000000000
1739 -1574.0000000000
1740 -1572.0000000000
1743 -1571.0000000000
1747 -1570.0000000000
1751 -1569.0000000000
1756 -1568.0000000000
1759 -1567.0000000000
1761 -1565.0000000000
1762 -1564.0000000000
1767 -1563.0000000000
1770 -1562.0000000000
1771 -1561.0000000000
1772 -1560.0000000000
1782 -1558.0000000000
1784 -1556.0000000000
1791 -1554.0000000000
1797 -1552.0000000000
1798 -1551.0000000000
1803 -1550.0000000000
1805 -1549.0000000000
1806 -1548.0000000000
1807 -1546.0000000000
1817 -1545.0000000000
1819 -1543.0000000000
1821 -1542.0000000000
1822 -1541.0000000000
1835 -1540.0000000000
1837 -1539.0000000000
1841 -1538.0000000000
1851 -1537.0000000000
1857 -1536.0000000000
1862 -1535.0000000000
1867 -1534.0000000000
1869 -1533.0000000000
1872 -1532.0000000000
1884 -1531.0000000000
1892 -1530.0000000000
1903 -1529.0000000000
1904 -1528.0000000000
1915 -1527.0000000000
1917 -1526.0000000000
1938 -1525.0000000000
1944 -1524.0000000000
1948 -1522.0000000000
1950 -1521.0000000000
1957 -1520.0000000000
1959 -1519.0000000000
1960 -1518.0000000000
1966 -1515.0000000000
1970 -1513.0000000000
1977 -1512.0000000000
1984 -1511.0000000000
1991 -1510.0000000000
1997 -1509.0000000000
2001 -1508.0000000000
2005 -1507.0000000000
2007 -1506.0000000000
2008 -1505.0000000000
2019 -1504.0000000000
2022 -1503.0000000000
2024 -1502.0000000000
2038 -1501.0000000000
2040 -1499.0000000000
2041 -1498.0000000000
2042 -1497.0000000000
2044 -1496.0000000000
2051 -1495.0000000000
2062 -1494.0000000000
2069 -1493.0000000000
2071 -1492.0000000000
2084 -1491.0000000000
2085 -1490.0000000000
2088 -1489.0000000000
2090 -1487.0000000000
2093 -1486.0000000000
2103 -1485.0000000000
2112 -1484.0000000000
2117 -1483.0000000000
2122 -1482.0000000000
2133 -1481.0000000000
2135 -1480.0000000000
2161 -1478.0000000000
2164 -1477.0000000000
2166 -1475.0000000000
2167 -1474.0000000000
2171 -1473.0000000000
2173 -1471.0000000000
2189 -1470.0000000000
2194 -1469.0000000000
2198 -1467.0000000000
2201 -1466.0000000000
2206 -1465.0000000000
2214 -1464.0000000000
2222 -1463.0000000000
2223 -1461.0000000000
2224 -1460.0000000000
2250 -1459.0000000000
2252 -1458.0000000000
2256 -1457.0000000000
2262 -1455.0000000000
2263 -1454.0000000000
2267 -1453.0000000000
2275 -1452.0000000000
2280 -1451.0000000000
2284 -1450.0000000000
2293 -1449.0000000000
2301 -1447.0000000000
2307 -1446.0000000000
2310 -1445.0000000000
2313 -1444.0000000000
2321 -1443.0000000000
2329 -1442.0000000000
2331 -1441.0000000000
2336 -1440.0000000000
2340 -1438.0000000000
2362 -1437.0000000000
2371 -1436.0000000000
2375 -1435.0000000000
2396 -1434.0000000000
2404 -1433.0000000000
2415 -1432.0000000000
2416 -1430.0000000000
2420 -1429.0000000000
2430 -1428.0000000000
2432 -1426.0000000000
2433 -1425.0000000000
2437 -1424.0000000000
2439 -1423.0000000000
2440 -1422.0000000000
2445 -1421.0000000000
2450 -1420.0000000000
2453 -1419.0000000000
2467 -1417.0000000000
2469 -1416.0000000000
2471 -1415.0000000000
2484 -1413.0000000000
2497 -1412.0000000000
2498 -1411.0000000000
2502 -1410.0000000000
2506 -1409.0000000000
2512 -1408.0000000000
2518 -1406.0000000000
2535 -1405.0000000000
2544 -1404.0000000000
2552 -1403.0000000000
2572 -1402.0000000000
2587 -1401.0000000000
2597 -1400.0000000000
2599 -1399.0000000000
2601 -1398.0000000000
2604 -1397.0000000000
2605 -1396.0000000000
2606 -1395.0000000000
2627 -1394.0000000000
2629 -1392.0000000000
2646 -1391.0000000000
2647 -1390.0000000000
2648 -1389.0000000000
2649 -1387.0000000000
2654 -1385.0000000000
2659 -1384.0000000000
2665 -1383.0000000000
2669 -1381.0000000000
2678 -1380.0000000000
2708 -1378.0000000000
2709 -1377.0000000000
2727 -1376.0000000000
2730 -1375.0000000000
2733 -1374.0000000000
2737 -1373.0000000000
2742 -1372.0000000000
2744 -1371.0000000000
2746 -1370.0000000000
2757 -1369.0000000000
2770 -1368.0000000000
2772 -1366.0000000000
2781 -1365.0000000000
2786 -1363.0000000000
2787 -1362.0000000000
2793 -1361.0000000000
2799 -1360.0000000000
2810 -1359.0000000000
2814 -1357.0000000000
2816 -1356.0000000000
2818 -1354.0000000000
2821 -1353.0000000000
2823 -1352.0000000000
2834 -1351.0000000000
2841 -1350.0000000000
2843 -1349.0000000000
2846 -1348.0000000000
2849 -1347.0000000000
2853 -1345.0000000000
2855 -1343.0000000000
2856 -1341.0000000000
2858 -1339.0000000000
2872 -1338.0000000000
2880 -1337.0000000000
2881 -1336.0000000000
2883 -1335.0000000000
2884 -1334.0000000000
2896 -1333.0000000000
2899 -1332.0000000000
2904 -1331.0000000000
2922 -1330.0000000000
2937 -1329.0000000000
2946 -1328.0000000000
2959 -1327.0000000000
2961 -1326.0000000000
2967 -1324.0000000000
2968 -1323.0000000000
2970 -1322.0000000000
2973 -1321.0000000000
2984 -1320.0000000000
3022 -1319.0000000000
3026 -1317.0000000000
3031 -1316.0000000000
3033 -1315.0000000000
3037 -1314.0000000000
3048 -1313.0000000000
3074 -1311.0000000000
3077 -1310.0000000000
3082 -1309.0000000000
3084 -1308.0000000000
3089 -1307.0000000000
3092 -1306.0000000000
3093 -1305.0000000000
3097 -1304.0000000000
3104 -1303.0000000000
3110 -1302.0000000000
3113 -1300.0000000000
3115 -1299.0000000000
3129 -1297.0000000000
3134 -1296.0000000000
3141 -1295.0000000000
3147 -1294.0000000000
3151 -1293.0000000000
3175 -1292.0000000000
3185 -1291.0000000000
3198 -1290.0000000000
3199 -1289.0000000000
3201 -1288.0000000000
3205 -1287.0000000000
3209 -1286.0000000000
3213 -1285.0000000000
3214 -1283.0000000000
3224 -1282.0000000000
3235 -1281.0000000000
3240 -1279.0000000000
3242 -1278.0000000000
3257 -1277.0000000000
3264 -1276.0000000000
3266 -1275.0000000000
3277 -1274.0000000000
3283 -1273.0000000000
3286 -1271.0000000000
3289 -1269.0000000000
3301 -1268.0000000000
3313 -1267.0000000000
3329 -1265.0000000000
3345 -1264.0000000000
3350 -1263.0000000000
3353 -1262.0000000000
3360 -1261.0000000000
3372 -1260.0000000000
3376 -1259.0000000000
3382 -1258.0000000000
3386 -1257.0000000000
3393 -1256.0000000000
3400 -1255.0000000000
3405 -1254.0000000000
3406 -1253.0000000000
3409 -1252.0000000000
3414 -1251.0000000000
3424 -1249.0000000000
3425 -1248.0000000000
3426 -1247.0000000000
3428 -1246.0000000000
3434 -1245.0000000000
3435 -1244.0000000000
3441 -1243.0000000000
3447 -1242.0000000000
3452 -1241.0000000000
3462 -1240.0000000000
3467 -1239.0000000000
3483 -1238.0000000000
3485 -1237.0000000000
3486 -1236.0000000000
3499 -1235.0000000000
3503 -1234.0000000000
3506 -1233.0000000000
3525 -1232.0000000000
3534 -1231.0000000000
3537 -1230.0000000000
3546 -1229.0000000000
3563 -1228.0000000000
3566 -1227.0000000000
3579 -1226.0000000000
3584 -1225.0000000000
3587 -1224.0000000000
3594 -1223.0000000000
3603 -1222.0000000000
3613 -1221.0000000000
3616 -1220.0000000000
3623 -1219.0000000000
3650 -1218.0000000000
3651 -1217.0000000000
3652 -1216.0000000000
3655 -1215.0000000000
3662 -1214.0000000000
3666 -1213.0000000000
3672 -1212.0000000000
3687 -1211.0000000000
3700 -1210.0000000000
3742 -1209.0000000000
3747 -1208.0000000000
3752 -1207.0000000000
3754 -1206.0000000000
3760 -1205.0000000000
3766 -1204.0000000000
3775 -1203.0000000000
3787 -1202.0000000000
3793 -1201.0000000000
3797 -1200.0000000000
3806 -1199.0000000000
3816 -1198.0000000000
3825 -1197.0000000000
3826 -1196.0000000000
3828 -1195.0000000000
3854 -1194.0000000000
3867 -1193.0000000000
3868 -1192.0000000000
3870 -1189.0000000000
3872 -1188.0000000000
3893 -1187.0000000000
3894 -1186.0000000000
3895 -1185.0000000000
3898 -1183.0000000000
3905 -1182.0000000000
3927 -1180.0000000000
3932 -1179.0000000000
3941 -1178.0000000000
3971 -1177.0000000000
3972 -1176.0000000000
3976 -1175.0000000000
3988 -1174.0000000000
3990 -1173.0000000000
3999 -1172.0000000000
4005 -1171.0000000000
4010 -1170.0000000000
4019 -1169.0000000000
4022 -1167.0000000000
4030 -1166.0000000000
4031 -1165.0000000000
4032 -1164.0000000000
4037 -1163.0000000000
4039 -1162.0000000000
4052 -1161.0000000000
4055 -1160.0000000000
4062 -1159.0000000000
4065 -1158.0000000000
4080 -1157.0000000000
4082 -1155.0000000000
4122 -1154.0000000000
4126 -1153.0000000000
4134 -1150.0000000000
4137 -1149.0000000000
4142 -1148.0000000000
4149 -1147.0000000000
4156 -1145.0000000000
4158 -1144.0000000000
4160 -1143.0000000000
4180 -1141.0000000000
4182 -1140.0000000000
4183 -1139.0000000000
4200 -1135.0000000000
4214 -1134.0000000000
4222 -1133.0000000000
4233 -1131.0000000000
4234 -1130.0000000000
4237 -1129.0000000000
4246 -1128.0000000000
4259 -1127.0000000000
4279 -1126.0000000000
4283 -1125.0000000000
4290 -1124.0000000000
4292 -1123.0000000000
4307 -1122.0000000000
4313 -1120.0000000000
4319 -1118.0000000000
4323 -1117.0000000000
4325 -1116.0000000000
4329 -1115.0000000000
4343 -1114.0000000000
4344 -1113.0000000000
4352 -1112.0000000000
4353 -1111.0000000000
4355 -1110.0000000000
4356 -1109.0000000000
4357 -1108.0000000000
4363 -1107.0000000000
4364 -1106.0000000000
4367 -1105.0000000000
4368 -1104.0000000000
4380 -1103.0000000000
4383 -1102.0000000000
4394 -1101.0000000000
4396 -1100.0000000000
4423 -1099.0000000000
4435 -1098.0000000000
4466 -1097.0000000000
4472 -1096.0000000000
4483 -1095.0000000000
4494 -1094.0000000000
4496 -1093.0000000000
4500 -1092.0000000000
4503 -1090.0000000000
4509 -1089.0000000000
4522 -1088.0000000000
4523 -1087.0000000000
4538 -1085.0000000000
4542 -1084.0000000000
4567 -1081.0000000000
4577 -1080.0000000000
4591 -1079.0000000000
4605 -1078.0000000000
4616 -1077.0000000000
4621 -1076.0000000000
4629 -1075.0000000000
4630 -1074.0000000000
4631 -1073.0000000000
4639 -1072.0000000000
4647 -1071.0000000000
4654 -1070.0000000000
4655 -1069.0000000000
4693 -1068.0000000000
4696 -1067.0000000000
4701 -1066.0000000000
4735 -1065.0000000000
4738 -1064.0000000000
4751 -1063.0000000000
4754 -1062.0000000000
4760 -1061.0000000000
4763 -1060.0000000000
4768 -1059.0000000000
4769 -1058.0000000000
4780 -1057.0000000000
4788 -1056.0000000000
4795 -1055.0000000000
4819 -1054.0000000000
4823 -1053.0000000000
4831 -1051.0000000000
4862 -1050.0000000000
4877 -1048.0000000000
4886 -1047.0000000000
4888 -1046.0000000000
4907 -1045.0000000000
4946 -1044.0000000000
4950 -1042.0000000000
4954 -1041.0000000000
4960 -1040.0000000000
4984 -1039.0000000000
5001 -1038.0000000000
5014 -1036.0000000000
5023 -1035.0000000000
5036 -1034.0000000000
5054 -1033.0000000000
5059 -1032.0000000000
5064 -1031.0000000000
5082 -1030.0000000000
5097 -1029.0000000000
5117 -1028.0000000000
5129 -1027.0000000000
5145 -1026.0000000000
5149 -1025.0000000000
5185 -1024.0000000000
5188 -1023.0000000000
5199 -1022.0000000000
5211 -1020.0000000000
5224 -1018.0000000000
5237 -1017.0000000000
5242 -1016.0000000000
5243 -1015.0000000000
5249 -1014.0000000000
5255 -1013.0000000000
5258 -1012.0000000000
5302 -1011.0000000000
5316 -1010.0000000000
5318 -1009.0000000000
5332 -1007.0000000000
5366 -1006.0000000000
5371 -1003.0000000000
5374 -1002.0000000000
5377 -1001.0000000000
5384 -1000.0000000000
5390 -999.0000000000
5400 -997.0000000000
5422 -996.0000000000
5425 -995.0000000000
5430 -994.0000000000
5431 -992.0000000000
5435 -991.0000000000
5442 -990.0000000000
5454 -989.0000000000
5456 -988.0000000000
5460 -987.0000000000
5464 -986.0000000000
5466 -985.0000000000
5487 -984.0000000000
5498 -983.0000000000
5504 -982.0000000000
5511 -981.0000000000
5531 -980.0000000000
5536 -979.0000000000
5551 -978.0000000000
5552 -977.0000000000
5559 -976.0000000000
5562 -973.0000000000
5575 -972.0000000000
5581 -971.0000000000
5585 -969.0000000000
5589 -968.0000000000
5593 -967.0000000000
5608 -966.0000000000
5625 -965.0000000000
5628 -964.0000000000
5642 -963.0000000000
5644 -962.0000000000
5657 -961.0000000000
5670 -959.0000000000
5672 -958.0000000000
5676 -957.0000000000
5685 -956.0000000000
5686 -955.0000000000
5723 -954.0000000000
5730 -953.0000000000
5732 -952.0000000000
5743 -951.0000000000
5745 -949.0000000000
5747 -948.0000000000
5749 -947.0000000000
5752 -946.0000000000
5767 -945.0000000000
5773 -943.0000000000
5775 -942.0000000000
5782 -941.0000000000
5787 -940.0000000000
5813 -939.0000000000
5817 -938.0000000000
5824 -937.0000000000
5825 -936.0000000000
5826 -935.0000000000
5854 -933.0000000000
5868 -931.0000000000
5900 -929.0000000000
5909 -928.0000000000
5921 -927.0000000000
5965 -926.0000000000
5981 -925.0000000000
5997 -924.0000000000
6001 -923.0000000000
6005 -922.0000000000
6009 -921.0000000000
6014 -920.0000000000
6016 -919.0000000000
6038 -918.0000000000
6041 -917.0000000000
6046 -916.0000000000
6050 -914.0000000000
6063 -913.0000000000
6080 -912.0000000000
6090 -911.0000000000
6096 -910.0000000000
6108 -908.0000000000
6115 -907.0000000000
6128 -906.0000000000
6141 -905.0000000000
6151 -904.0000000000
6152 -903.0000000000
6162 -902.0000000000
6165 -901.0000000000
6168 -900.0000000000
6169 -898.0000000000
6184 -897.0000000000
6185 -895.0000000000
6188 -894.0000000000
6213 -893.0000000000
6221 -892.0000000000
6225 -890.0000000000
6227 -888.0000000000
6234 -887.0000000000
6255 -886.0000000000
6259 -885.0000000000
6266 -883.0000000000
6273 -882.0000000000
6279 -881.0000000000
6287 -880.0000000000
6290 -879.0000000000
6309 -878.0000000000
6325 -877.0000000000
6345 -876.0000000000
6357 -875.0000000000
6364 -874.0000000000
6367 -873.0000000000
6386 -872.0000000000
6395 -871.0000000000
6406 -869.0000000000
6415 -868.0000000000
6416 -867.0000000000
6422 -866.0000000000
6429 -865.0000000000
6433 -864.0000000000
6436 -863.0000000000
6444 -862.0000000000
6452 -861.0000000000
6456 -860.0000000000
6459 -859.0000000000
6466 -858.0000000000
6471 -857.0000000000
6481 -856.0000000000
6498 -855.0000000000
6506 -854.0000000000
6511 -853.0000000000
6513 -851.0000000000
6517 -850.0000000000
6527 -849.0000000000
6554 -848.0000000000
6558 -847.0000000000
6581 -846.0000000000
6604 -845.0000000000
6607 -844.0000000000
6616 -843.0000000000
6629 -842.0000000000
6635 -841.0000000000
6642 -840.0000000000
6658 -839.0000000000
6660 -838.0000000000
6668 -837.0000000000
6675 -836.0000000000
6686 -835.0000000000
6741 -834.0000000000
6755 -833.0000000000
6759 -832.0000000000
6785 -830.0000000000
6790 -829.0000000000
6799 -828.0000000000
6806 -827.0000000000
6812 -826.0000000000
6813 -825.0000000000
6820 -824.0000000000
6847 -823.0000000000
6851 -822.0000000000
6852 -821.0000000000
6859 -819.0000000000
6868 -818.0000000000
6872 -817.0000000000
6890 -815.0000000000
6892 -814.0000000000
6906 -813.0000000000
6926 -812.0000000000
6952 -810.0000000000
6983 -809.0000000000
7040 -808.0000000000
7046 -807.0000000000
7063 -806.0000000000
7070 -805.0000000000
7073 -802.0000000000
7089 -801.0000000000
7094 -800.0000000000
7101 -799.0000000000
7138 -797.0000000000
7139 -796.0000000000
7145 -794.0000000000
7174 -793.0000000000
7187 -792.0000000000
7193 -791.0000000000
7200 -790.0000000000
7207 -787.0000000000
7225 -786.0000000000
7241 -785.0000000000
7244 -784.0000000000
7245 -783.0000000000
7273 -782.0000000000
7282 -781.0000000000
7298 -780.0000000000
7339 -779.0000000000
7341 -778.0000000000
7347 -777.0000000000
7348 -776.0000000000
7356 -775.0000000000
7358 -774.0000000000
7370 -773.0000000000
7376 -772.0000000000
7380 -771.0000000000
7402 -770.0000000000
7455 -769.0000000000
7459 -768.0000000000
7465 -767.0000000000
7468 -766.0000000000
7470 -765.0000000000
7482 -764.0000000000
7485 -762.0000000000
7524 -761.0000000000
7534 -760.0000000000
7548 -759.0000000000
7551 -758.0000000000
7562 -757.0000000000
7566 -756.0000000000
7593 -755.0000000000
7594 -754.0000000000
7610 -753.0000000000
7613 -752.0000000000
7615 -751.0000000000
7628 -750.0000000000
7670 -749.0000000000
7688 -748.0000000000
7697 -746.0000000000
7717 -745.0000000000
7718 -744.0000000000
7724 -743.0000000000
7729 -742.0000000000
7733 -741.0000000000
7735 -740.0000000000
7744 -739.0000000000
7745 -738.0000000000
7763 -737.0000000000
7801 -736.0000000000
7814 -735.0000000000
7821 -734.0000000000
7828 -733.0000000000
7831 -732.0000000000
7867 -731.0000000000
7883 -730.0000000000
7886 -729.0000000000
7893 -727.0000000000
7901 -726.0000000000
7905 -725.0000000000
7909 -724.0000000000
7975 -723.0000000000
7977 -722.0000000000
7978 -721.0000000000
7979 -720.0000000000
8018 -719.0000000000
8025 -718.0000000000
8035 -717.0000000000
8045 -716.0000000000
8057 -715.0000000000
8088 -714.0000000000
8091 -713.0000000000
8109 -711.0000000000
8124 -710.0000000000
8126 -708.0000000000
8127 -707.0000000000
8129 -706.0000000000
8134 -705.0000000000
8143 -703.0000000000
8183 -702.0000000000
8185 -701.0000000000
8256 -700.0000000000
8263 -699.0000000000
8292 -698.0000000000
8299 -696.0000000000
8317 -695.0000000000
8353 -693.0000000000
8367 -692.0000000000
8380 -691.0000000000
8385 -690.0000000000
8406 -689.0000000000
8417 -688.0000000000
8426 -687.0000000000
8462 -685.0000000000
8468 -684.0000000000
8488 -682.0000000000
8494 -681.0000000000
8510 -680.0000000000
8513 -679.0000000000
8517 -678.0000000000
8529 -677.0000000000
8552 -676.0000000000
8560 -674.0000000000
8590 -673.0000000000
8591 -672.0000000000
8592 -671.0000000000
8597 -670.0000000000
8614 -669.0000000000
8621 -667.0000000000
8634 -666.0000000000
8646 -665.0000000000
8678 -663.0000000000
8700 -662.0000000000
8729 -661.0000000000
8743 -660.0000000000
8761 -658.0000000000
8770 -656.0000000000
8772 -655.0000000000
8793 -654.0000000000
8808 -653.0000000000
8813 -652.0000000000
8850 -650.0000000000
8870 -648.0000000000
8872 -647.0000000000
8884 -646.0000000000
8887 -644.0000000000
8896 -643.0000000000
8921 -642.0000000000
8930 -641.0000000000
8964 -640.0000000000
8968 -639.0000000000
8973 -638.0000000000
8991 -637.0000000000
8993 -636.0000000000
8999 -635.0000000000
9005 -634.0000000000
9009 -633.0000000000
9010 -632.0000000000
9042 -631.0000000000
9061 -630.0000000000
9062 -629.0000000000
9083 -628.0000000000
9095 -627.0000000000
9108 -625.0000000000
9131 -624.0000000000
9133 -623.0000000000
9141 -622.0000000000
9154 -621.0000000000
9195 -620.0000000000
9207 -619.0000000000
9233 -618.0000000000
9237 -617.0000000000
9238 -616.0000000000
9270 -615.0000000000
9277 -614.0000000000
9280 -612.0000000000
9311 -611.0000000000
9333 -610.0000000000
9350 -609.0000000000
9351 -608.0000000000
9362 -606.0000000000
9378 -605.0000000000
9390 -604.0000000000
9397 -603.0000000000
9400 -601.0000000000
9463 -600.0000000000
9476 -598.0000000000
9486 -596.0000000000
9491 -595.0000000000
9499 -594.0000000000
9504 -593.0000000000
9511 -592.0000000000
9514 -591.0000000000
9519 -590.0000000000
9522 -589.0000000000
9524 -588.0000000000
9549 -587.0000000000
9552 -585.0000000000
9576 -583.0000000000
9580 -582.0000000000
9620 -581.0000000000
9632 -580.0000000000
9640 -579.0000000000
9662 -578.0000000000
9667 -577.0000000000
9669 -575.0000000000
9712 -574.0000000000
9724 -573.0000000000
9757 -572.0000000000
9758 -570.0000000000
9799 -569.0000000000
9827 -568.0000000000
9898 -567.0000000000
9909 -566.0000000000
9924 -565.0000000000
9937 -564.0000000000
9993 -562.0000000000
9999 -561.0000000000
10000 -562.0000000000
