evaluations raw_y
1 -237.0000000000
2 -225.0000000000
3 -211.0000000000
9 -182.0000000000
43 -181.0000000000
82 -180.0000000000
105 -179.0000000000
108 -177.0000000000
122 -175.0000000000
126 -165.0000000000
163 -159.0000000000
182 -158.0000000000
195 -157.0000000000
207 -155.0000000000
209 -154.0000000000
216 -153.0000000000
228 -152.0000000000
243 -151.0000000000
253 -147.0000000000
278 -144.0000000000
287 -137.0000000000
292 -136.0000000000
341 -133.0000000000
382 -130.0000000000
385 -129.0000000000
402 -128.0000000000
428 -125.0000000000
432 -122.0000000000
460 -121.0000000000
470 -117.0000000000
502 -116.0000000000
533 -112.0000000000
534 -111.0000000000
546 -109.0000000000
559 -108.0000000000
624 -106.0000000000
626 -105.0000000000
643 -103.0000000000
661 -100.0000000000
704 -99.0000000000
718 -97.0000000000
722 -95.0000000000
726 -94.0000000000
785 -93.0000000000
790 -90.0000000000
826 -89.0000000000
842 -87.0000000000
900 -86.0000000000
905 -85.0000000000
924 -84.0000000000
933 -83.0000000000
945 -82.0000000000
970 -81.0000000000
987 -80.0000000000
1021 -77.0000000000
1060 -76.0000000000
1069 -74.0000000000
1100 -72.0000000000
1128 -70.0000000000
1195 -69.0000000000
1254 -65.0000000000
1295 -63.0000000000
1343 -62.0000000000
1382 -61.0000000000
1391 -60.0000000000
1404 -59.0000000000
1440 -58.0000000000
1452 -56.0000000000
1512 -55.0000000000
1524 -54.0000000000
1542 -53.0000000000
1610 -52.0000000000
1629 -51.0000000000
1662 -49.0000000000
1683 -47.0000000000
1749 -44.0000000000
1781 -43.0000000000
1851 -42.0000000000
1852 -40.0000000000
1865 -38.0000000000
1923 -37.0000000000
1925 -36.0000000000
1958 -35.0000000000
2006 -31.0000000000
2035 -29.0000000000
2127 -28.0000000000
2179 -27.0000000000
2189 -26.0000000000
2230 -25.0000000000
2244 -23.0000000000
2290 -22.0000000000
2322 -21.0000000000
2362 -20.0000000000
2452 -19.0000000000
2498 -18.0000000000
2529 -17.0000000000
2550 -16.0000000000
2578 -15.0000000000
2599 -13.0000000000
2709 -12.0000000000
2752 -11.0000000000
2772 -10.0000000000
2807 -9.0000000000
2822 -8.0000000000
2881 -7.0000000000
2924 -6.0000000000
2985 -5.0000000000
3015 -4.0000000000
3064 -2.0000000000
3087 -1.0000000000
3124 374.0000000000
3141 387.0000000000
3183 395.0000000000
3245 396.0000000000
3319 404.0000000000
3417 405.0000000000
3433 408.0000000000
3507 413.0000000000
3891 415.0000000000
3911 419.0000000000
4040 421.0000000000
4068 423.0000000000
4267 424.0000000000
4397 429.0000000000
5592 433.0000000000
7363 434.0000000000
8000 435.0000000000
10000 392.0000000000
evaluations raw_y
1 -235.0000000000
2 -226.0000000000
3 -213.0000000000
6 -202.0000000000
12 -201.0000000000
15 -200.0000000000
16 -194.0000000000
32 -192.0000000000
49 -187.0000000000
64 -186.0000000000
66 -184.0000000000
86 -183.0000000000
88 -177.0000000000
89 -173.0000000000
97 -171.0000000000
107 -164.0000000000
126 -159.0000000000
133 -158.0000000000
139 -157.0000000000
168 -151.0000000000
186 -147.0000000000
220 -143.0000000000
225 -139.0000000000
246 -137.0000000000
271 -131.0000000000
301 -126.0000000000
342 -124.0000000000
376 -123.0000000000
381 -121.0000000000
383 -120.0000000000
406 -119.0000000000
430 -117.0000000000
433 -116.0000000000
454 -113.0000000000
500 -111.0000000000
509 -110.0000000000
523 -109.0000000000
533 -108.0000000000
543 -107.0000000000
554 -103.0000000000
603 -101.0000000000
639 -100.0000000000
682 -99.0000000000
687 -96.0000000000
721 -95.0000000000
733 -92.0000000000
736 -91.0000000000
752 -89.0000000000
774 -87.0000000000
801 -85.0000000000
855 -83.0000000000
887 -82.0000000000
904 -81.0000000000
914 -79.0000000000
976 -78.0000000000
988 -77.0000000000
1002 -76.0000000000
1006 -75.0000000000
1025 -72.0000000000
1066 -71.0000000000
1080 -70.0000000000
1092 -65.0000000000
1122 -64.0000000000
1186 -63.0000000000
1236 -62.0000000000
1258 -61.0000000000
1265 -57.0000000000
1286 -55.0000000000
1350 -54.0000000000
1364 -53.0000000000
1382 -52.0000000000
1417 -51.0000000000
1422 -50.0000000000
1443 -48.0000000000
1453 -47.0000000000
1506 -45.0000000000
1524 -44.0000000000
1549 -43.0000000000
1590 -41.0000000000
1597 -40.0000000000
1615 -38.0000000000
1632 -37.0000000000
1636 -36.0000000000
1643 -35.0000000000
1704 -33.0000000000
1741 -32.0000000000
1859 -31.0000000000
1904 -30.0000000000
1929 -29.0000000000
1969 -28.0000000000
1997 -27.0000000000
2039 -23.0000000000
2121 -20.0000000000
2180 -19.0000000000
2198 -18.0000000000
2251 -17.0000000000
2305 -15.0000000000
2337 -14.0000000000
2374 -13.0000000000
2410 -11.0000000000
2527 -8.0000000000
2661 -7.0000000000
2740 -6.0000000000
2805 -5.0000000000
2858 -4.0000000000
2927 -3.0000000000
2996 -2.0000000000
3032 -1.0000000000
3100 398.0000000000
3323 404.0000000000
3426 405.0000000000
3494 415.0000000000
3682 418.0000000000
4171 421.0000000000
4215 422.0000000000
4269 423.0000000000
5262 426.0000000000
7234 428.0000000000
7278 429.0000000000
8054 434.0000000000
8898 435.0000000000
10000 355.0000000000
evaluations raw_y
1 -210.0000000000
2 -201.0000000000
20 -199.0000000000
41 -197.0000000000
45 -193.0000000000
66 -185.0000000000
90 -184.0000000000
99 -174.0000000000
141 -173.0000000000
142 -168.0000000000
192 -166.0000000000
202 -165.0000000000
225 -161.0000000000
250 -157.0000000000
283 -155.0000000000
311 -152.0000000000
326 -149.0000000000
344 -147.0000000000
360 -146.0000000000
418 -145.0000000000
435 -141.0000000000
454 -140.0000000000
496 -138.0000000000
503 -136.0000000000
532 -135.0000000000
541 -134.0000000000
583 -133.0000000000
605 -132.0000000000
623 -128.0000000000
665 -127.0000000000
687 -125.0000000000
703 -124.0000000000
720 -123.0000000000
725 -122.0000000000
766 -119.0000000000
775 -117.0000000000
822 -116.0000000000
848 -115.0000000000
853 -114.0000000000
861 -112.0000000000
907 -111.0000000000
926 -110.0000000000
944 -108.0000000000
964 -107.0000000000
982 -104.0000000000
1023 -103.0000000000
1026 -101.0000000000
1042 -100.0000000000
1066 -99.0000000000
1092 -98.0000000000
1100 -97.0000000000
1130 -95.0000000000
1169 -94.0000000000
1181 -93.0000000000
1204 -92.0000000000
1221 -91.0000000000
1226 -90.0000000000
1227 -89.0000000000
1265 -88.0000000000
1287 -87.0000000000
1294 -86.0000000000
1312 -85.0000000000
1327 -84.0000000000
1346 -83.0000000000
1372 -82.0000000000
1401 -78.0000000000
1437 -76.0000000000
1479 -75.0000000000
1512 -73.0000000000
1532 -70.0000000000
1583 -69.0000000000
1621 -67.0000000000
1648 -66.0000000000
1681 -64.0000000000
1684 -63.0000000000
1721 -61.0000000000
1743 -60.0000000000
1789 -59.0000000000
1799 -57.0000000000
1853 -54.0000000000
1882 -53.0000000000
1890 -52.0000000000
1902 -51.0000000000
1924 -49.0000000000
1985 -48.0000000000
2038 -47.0000000000
2044 -46.0000000000
2081 -45.0000000000
2107 -44.0000000000
2129 -42.0000000000
2142 -41.0000000000
2189 -40.0000000000
2205 -39.0000000000
2232 -38.0000000000
2249 -37.0000000000
2279 -36.0000000000
2280 -35.0000000000
2286 -34.0000000000
2344 -33.0000000000
2362 -31.0000000000
2450 -30.0000000000
2469 -27.0000000000
2494 -26.0000000000
2562 -24.0000000000
2622 -20.0000000000
2700 -19.0000000000
2798 -18.0000000000
2843 -17.0000000000
2914 -16.0000000000
2928 -14.0000000000
3097 -13.0000000000
3110 -12.0000000000
3132 -10.0000000000
3183 -8.0000000000
3254 -7.0000000000
3379 -6.0000000000
3432 -5.0000000000
3537 -4.0000000000
3563 -3.0000000000
3604 -2.0000000000
3724 -1.0000000000
3855 385.0000000000
3883 391.0000000000
3919 394.0000000000
4087 398.0000000000
4236 402.0000000000
4274 404.0000000000
4437 407.0000000000
4455 413.0000000000
4463 414.0000000000
4588 424.0000000000
4698 425.0000000000
5021 426.0000000000
5341 427.0000000000
5514 429.0000000000
5745 430.0000000000
6159 431.0000000000
6878 432.0000000000
8099 433.0000000000
8618 434.0000000000
8867 435.0000000000
10000 284.0000000000
evaluations raw_y
1 -199.0000000000
46 -194.0000000000
52 -189.0000000000
67 -186.0000000000
104 -185.0000000000
105 -179.0000000000
122 -173.0000000000
141 -167.0000000000
161 -160.0000000000
183 -155.0000000000
191 -153.0000000000
206 -152.0000000000
238 -150.0000000000
244 -147.0000000000
268 -145.0000000000
269 -142.0000000000
293 -140.0000000000
295 -138.0000000000
335 -137.0000000000
337 -130.0000000000
354 -129.0000000000
367 -128.0000000000
388 -125.0000000000
422 -121.0000000000
487 -120.0000000000
489 -119.0000000000
518 -118.0000000000
529 -117.0000000000
555 -116.0000000000
561 -115.0000000000
586 -111.0000000000
626 -110.0000000000
650 -108.0000000000
670 -107.0000000000
677 -106.0000000000
686 -104.0000000000
725 -103.0000000000
727 -102.0000000000
742 -101.0000000000
767 -95.0000000000
794 -93.0000000000
801 -92.0000000000
842 -90.0000000000
864 -89.0000000000
894 -88.0000000000
901 -87.0000000000
903 -86.0000000000
924 -85.0000000000
962 -84.0000000000
977 -83.0000000000
987 -82.0000000000
1012 -80.0000000000
1027 -78.0000000000
1054 -77.0000000000
1087 -74.0000000000
1130 -73.0000000000
1156 -72.0000000000
1167 -69.0000000000
1214 -67.0000000000
1228 -66.0000000000
1275 -65.0000000000
1278 -64.0000000000
1290 -61.0000000000
1357 -58.0000000000
1421 -55.0000000000
1465 -53.0000000000
1521 -52.0000000000
1554 -50.0000000000
1580 -47.0000000000
1595 -45.0000000000
1683 -40.0000000000
1768 -39.0000000000
1809 -38.0000000000
1851 -37.0000000000
1906 -36.0000000000
1924 -35.0000000000
1967 -33.0000000000
2016 -32.0000000000
2062 -31.0000000000
2097 -30.0000000000
2115 -29.0000000000
2171 -28.0000000000
2172 -27.0000000000
2223 -26.0000000000
2284 -25.0000000000
2297 -23.0000000000
2337 -22.0000000000
2375 -21.0000000000
2383 -20.0000000000
2417 -19.0000000000
2440 -18.0000000000
2465 -17.0000000000
2500 -16.0000000000
2518 -14.0000000000
2594 -13.0000000000
2622 -12.0000000000
2685 -11.0000000000
2708 -10.0000000000
2798 -9.0000000000
2804 -8.0000000000
2924 -7.0000000000
2946 -4.0000000000
3112 -3.0000000000
3234 -2.0000000000
3346 -1.0000000000
3533 390.0000000000
3549 394.0000000000
3668 396.0000000000
3697 400.0000000000
3701 403.0000000000
3754 409.0000000000
3803 415.0000000000
3847 418.0000000000
3957 419.0000000000
4055 421.0000000000
4084 423.0000000000
4250 425.0000000000
5702 428.0000000000
5973 429.0000000000
6104 431.0000000000
7171 432.0000000000
7523 434.0000000000
8252 435.0000000000
9244 437.0000000000
9833 438.0000000000
10000 359.0000000000
evaluations raw_y
1 -219.0000000000
2 -207.0000000000
4 -201.0000000000
31 -194.0000000000
47 -190.0000000000
61 -188.0000000000
90 -187.0000000000
105 -186.0000000000
107 -179.0000000000
114 -176.0000000000
127 -172.0000000000
143 -166.0000000000
183 -159.0000000000
224 -152.0000000000
268 -151.0000000000
288 -149.0000000000
308 -145.0000000000
334 -140.0000000000
384 -139.0000000000
422 -138.0000000000
429 -137.0000000000
449 -136.0000000000
460 -132.0000000000
462 -131.0000000000
507 -128.0000000000
510 -127.0000000000
541 -125.0000000000
554 -122.0000000000
596 -118.0000000000
610 -117.0000000000
613 -114.0000000000
624 -113.0000000000
645 -112.0000000000
671 -110.0000000000
718 -108.0000000000
746 -103.0000000000
821 -102.0000000000
822 -100.0000000000
869 -98.0000000000
903 -95.0000000000
924 -93.0000000000
952 -92.0000000000
988 -91.0000000000
1009 -90.0000000000
1025 -88.0000000000
1065 -86.0000000000
1110 -84.0000000000
1121 -83.0000000000
1125 -81.0000000000
1182 -80.0000000000
1218 -78.0000000000
1251 -75.0000000000
1264 -74.0000000000
1291 -73.0000000000
1315 -72.0000000000
1330 -69.0000000000
1370 -68.0000000000
1415 -67.0000000000
1425 -66.0000000000
1452 -65.0000000000
1486 -64.0000000000
1500 -63.0000000000
1524 -62.0000000000
1541 -61.0000000000
1582 -60.0000000000
1598 -58.0000000000
1622 -55.0000000000
1651 -54.0000000000
1687 -53.0000000000
1772 -52.0000000000
1788 -49.0000000000
1873 -48.0000000000
1879 -47.0000000000
1883 -46.0000000000
1932 -44.0000000000
1969 -41.0000000000
2037 -40.0000000000
2083 -39.0000000000
2101 -38.0000000000
2134 -37.0000000000
2145 -36.0000000000
2167 -34.0000000000
2237 -32.0000000000
2267 -31.0000000000
2275 -30.0000000000
2307 -29.0000000000
2353 -27.0000000000
2384 -25.0000000000
2462 -24.0000000000
2502 -20.0000000000
2577 -19.0000000000
2691 -17.0000000000
2721 -15.0000000000
2831 -14.0000000000
2848 -13.0000000000
2892 -11.0000000000
3011 -10.0000000000
3039 -9.0000000000
3057 -8.0000000000
3105 -7.0000000000
3162 -6.0000000000
3187 -5.0000000000
3262 -4.0000000000
3292 -3.0000000000
3304 -2.0000000000
3362 -1.0000000000
3523 376.0000000000
3573 379.0000000000
3642 388.0000000000
3723 394.0000000000
3775 396.0000000000
3795 399.0000000000
3897 401.0000000000
3905 404.0000000000
4034 408.0000000000
4060 410.0000000000
4117 411.0000000000
4130 415.0000000000
4245 417.0000000000
4307 419.0000000000
4432 421.0000000000
4454 424.0000000000
4543 428.0000000000
4645 430.0000000000
5318 433.0000000000
8242 435.0000000000
8987 439.0000000000
10000 389.0000000000
evaluations raw_y
1 -224.0000000000
2 -210.0000000000
10 -194.0000000000
26 -192.0000000000
39 -188.0000000000
65 -173.0000000000
98 -172.0000000000
108 -171.0000000000
128 -165.0000000000
147 -160.0000000000
186 -159.0000000000
197 -157.0000000000
211 -152.0000000000
233 -151.0000000000
239 -142.0000000000
244 -141.0000000000
291 -139.0000000000
312 -137.0000000000
313 -134.0000000000
337 -133.0000000000
339 -132.0000000000
341 -129.0000000000
368 -127.0000000000
383 -126.0000000000
423 -124.0000000000
448 -123.0000000000
469 -120.0000000000
493 -119.0000000000
499 -116.0000000000
511 -115.0000000000
541 -112.0000000000
552 -108.0000000000
598 -106.0000000000
608 -105.0000000000
628 -104.0000000000
642 -103.0000000000
670 -102.0000000000
676 -101.0000000000
677 -100.0000000000
692 -99.0000000000
734 -98.0000000000
787 -97.0000000000
794 -96.0000000000
805 -95.0000000000
841 -93.0000000000
870 -92.0000000000
880 -91.0000000000
893 -90.0000000000
941 -88.0000000000
973 -87.0000000000
985 -86.0000000000
1005 -85.0000000000
1010 -84.0000000000
1057 -83.0000000000
1084 -82.0000000000
1085 -80.0000000000
1146 -79.0000000000
1162 -77.0000000000
1212 -75.0000000000
1280 -74.0000000000
1293 -73.0000000000
1294 -71.0000000000
1312 -70.0000000000
1341 -68.0000000000
1369 -67.0000000000
1373 -66.0000000000
1382 -64.0000000000
1422 -63.0000000000
1464 -61.0000000000
1494 -60.0000000000
1509 -59.0000000000
1526 -57.0000000000
1551 -56.0000000000
1565 -55.0000000000
1623 -54.0000000000
1681 -51.0000000000
1754 -50.0000000000
1800 -49.0000000000
1822 -48.0000000000
1835 -47.0000000000
1859 -46.0000000000
1882 -45.0000000000
1895 -44.0000000000
1933 -43.0000000000
1971 -42.0000000000
1983 -40.0000000000
2049 -38.0000000000
2085 -37.0000000000
2124 -33.0000000000
2239 -31.0000000000
2288 -30.0000000000
2290 -29.0000000000
2363 -27.0000000000
2391 -26.0000000000
2408 -25.0000000000
2487 -24.0000000000
2502 -21.0000000000
2573 -20.0000000000
2603 -19.0000000000
2641 -18.0000000000
2700 -17.0000000000
2716 -16.0000000000
2783 -15.0000000000
2826 -14.0000000000
2839 -13.0000000000
2906 -12.0000000000
2967 -11.0000000000
3018 -10.0000000000
3096 -9.0000000000
3118 -7.0000000000
3189 -6.0000000000
3194 -5.0000000000
3277 -4.0000000000
3545 -3.0000000000
3649 -2.0000000000
3735 -1.0000000000
3788 363.0000000000
3821 374.0000000000
3825 384.0000000000
3884 400.0000000000
4089 401.0000000000
4093 402.0000000000
4159 415.0000000000
4547 417.0000000000
4589 420.0000000000
4692 422.0000000000
4693 423.0000000000
5117 425.0000000000
6089 430.0000000000
6413 432.0000000000
8296 435.0000000000
10000 -3.0000000000
evaluations raw_y
1 -200.0000000000
16 -192.0000000000
51 -189.0000000000
52 -188.0000000000
63 -185.0000000000
70 -181.0000000000
82 -175.0000000000
121 -171.0000000000
126 -170.0000000000
127 -164.0000000000
150 -161.0000000000
170 -158.0000000000
182 -157.0000000000
201 -150.0000000000
246 -149.0000000000
263 -148.0000000000
279 -146.0000000000
282 -144.0000000000
300 -136.0000000000
343 -126.0000000000
392 -124.0000000000
408 -123.0000000000
444 -119.0000000000
469 -118.0000000000
496 -116.0000000000
498 -115.0000000000
519 -114.0000000000
538 -113.0000000000
556 -111.0000000000
585 -110.0000000000
593 -108.0000000000
603 -106.0000000000
662 -104.0000000000
688 -102.0000000000
732 -99.0000000000
768 -97.0000000000
774 -95.0000000000
804 -94.0000000000
842 -93.0000000000
882 -92.0000000000
885 -91.0000000000
944 -89.0000000000
945 -87.0000000000
1000 -86.0000000000
1002 -84.0000000000
1033 -82.0000000000
1042 -81.0000000000
1070 -80.0000000000
1102 -78.0000000000
1156 -76.0000000000
1193 -72.0000000000
1237 -70.0000000000
1260 -69.0000000000
1301 -68.0000000000
1325 -67.0000000000
1367 -66.0000000000
1382 -65.0000000000
1407 -62.0000000000
1496 -61.0000000000
1510 -59.0000000000
1530 -56.0000000000
1595 -55.0000000000
1620 -54.0000000000
1664 -52.0000000000
1709 -51.0000000000
1746 -50.0000000000
1772 -46.0000000000
1845 -44.0000000000
1889 -42.0000000000
1893 -41.0000000000
1937 -39.0000000000
1941 -38.0000000000
1980 -37.0000000000
2003 -36.0000000000
2037 -35.0000000000
2043 -34.0000000000
2075 -33.0000000000
2082 -32.0000000000
2110 -31.0000000000
2143 -30.0000000000
2187 -29.0000000000
2221 -28.0000000000
2228 -27.0000000000
2255 -25.0000000000
2372 -24.0000000000
2398 -23.0000000000
2483 -20.0000000000
2573 -19.0000000000
2717 -18.0000000000
2725 -16.0000000000
2764 -15.0000000000
2863 -14.0000000000
2883 -13.0000000000
2938 -11.0000000000
2991 -10.0000000000
2996 -9.0000000000
3028 -8.0000000000
3103 -7.0000000000
3153 -6.0000000000
3198 -5.0000000000
3225 -4.0000000000
3253 -3.0000000000
3341 -2.0000000000
3386 -1.0000000000
3421 390.0000000000
3492 398.0000000000
3501 400.0000000000
3512 401.0000000000
3538 404.0000000000
3669 406.0000000000
3671 409.0000000000
3681 411.0000000000
3842 415.0000000000
3962 419.0000000000
4060 423.0000000000
4241 424.0000000000
4321 429.0000000000
4604 431.0000000000
6049 432.0000000000
7315 433.0000000000
7431 434.0000000000
8083 436.0000000000
9552 438.0000000000
10000 329.0000000000
evaluations raw_y
1 -225.0000000000
3 -222.0000000000
4 -199.0000000000
21 -196.0000000000
31 -192.0000000000
44 -189.0000000000
50 -185.0000000000
83 -182.0000000000
88 -168.0000000000
115 -163.0000000000
133 -162.0000000000
143 -161.0000000000
161 -160.0000000000
179 -151.0000000000
188 -150.0000000000
196 -149.0000000000
204 -146.0000000000
241 -144.0000000000
243 -143.0000000000
257 -141.0000000000
261 -140.0000000000
282 -139.0000000000
283 -137.0000000000
289 -136.0000000000
292 -135.0000000000
323 -134.0000000000
328 -132.0000000000
363 -131.0000000000
368 -130.0000000000
383 -127.0000000000
404 -123.0000000000
426 -122.0000000000
454 -120.0000000000
456 -117.0000000000
465 -114.0000000000
487 -113.0000000000
492 -111.0000000000
547 -109.0000000000
551 -108.0000000000
571 -107.0000000000
585 -106.0000000000
614 -104.0000000000
646 -102.0000000000
664 -101.0000000000
707 -99.0000000000
720 -98.0000000000
731 -97.0000000000
739 -95.0000000000
770 -94.0000000000
809 -93.0000000000
841 -91.0000000000
866 -89.0000000000
868 -84.0000000000
924 -82.0000000000
955 -80.0000000000
997 -79.0000000000
1039 -78.0000000000
1040 -77.0000000000
1052 -76.0000000000
1077 -75.0000000000
1098 -73.0000000000
1104 -72.0000000000
1114 -71.0000000000
1160 -70.0000000000
1166 -69.0000000000
1169 -68.0000000000
1195 -67.0000000000
1236 -66.0000000000
1256 -65.0000000000
1262 -63.0000000000
1269 -62.0000000000
1296 -61.0000000000
1340 -60.0000000000
1363 -59.0000000000
1371 -58.0000000000
1373 -57.0000000000
1382 -56.0000000000
1407 -55.0000000000
1417 -54.0000000000
1446 -53.0000000000
1468 -51.0000000000
1517 -50.0000000000
1539 -49.0000000000
1560 -47.0000000000
1564 -46.0000000000
1626 -45.0000000000
1642 -43.0000000000
1685 -42.0000000000
1722 -41.0000000000
1772 -40.0000000000
1785 -38.0000000000
1858 -37.0000000000
1911 -36.0000000000
1948 -35.0000000000
2006 -31.0000000000
2051 -30.0000000000
2107 -27.0000000000
2163 -24.0000000000
2184 -23.0000000000
2234 -22.0000000000
2286 -20.0000000000
2362 -19.0000000000
2422 -18.0000000000
2436 -17.0000000000
2481 -16.0000000000
2497 -15.0000000000
2522 -14.0000000000
2564 -13.0000000000
2587 -12.0000000000
2659 -10.0000000000
2764 -9.0000000000
2881 -8.0000000000
2939 -7.0000000000
2985 -6.0000000000
3059 -5.0000000000
3201 -4.0000000000
3317 -3.0000000000
3385 -2.0000000000
3516 -1.0000000000
3598 348.0000000000
3655 372.0000000000
3676 375.0000000000
3711 377.0000000000
3715 380.0000000000
3747 382.0000000000
3749 394.0000000000
3809 399.0000000000
3892 405.0000000000
3896 406.0000000000
4004 411.0000000000
4037 416.0000000000
4409 418.0000000000
4581 429.0000000000
5786 430.0000000000
6655 432.0000000000
8403 435.0000000000
9542 437.0000000000
9701 438.0000000000
10000 199.0000000000
evaluations raw_y
1 -203.0000000000
3 -198.0000000000
47 -192.0000000000
57 -191.0000000000
63 -188.0000000000
77 -183.0000000000
82 -177.0000000000
108 -168.0000000000
145 -161.0000000000
167 -156.0000000000
175 -149.0000000000
182 -144.0000000000
215 -138.0000000000
239 -135.0000000000
251 -134.0000000000
264 -128.0000000000
276 -126.0000000000
305 -125.0000000000
307 -124.0000000000
309 -123.0000000000
318 -121.0000000000
320 -120.0000000000
334 -119.0000000000
342 -118.0000000000
347 -117.0000000000
352 -116.0000000000
354 -115.0000000000
403 -114.0000000000
410 -113.0000000000
427 -111.0000000000
430 -107.0000000000
466 -104.0000000000
493 -103.0000000000
517 -102.0000000000
520 -100.0000000000
544 -99.0000000000
549 -98.0000000000
563 -97.0000000000
606 -96.0000000000
627 -95.0000000000
644 -94.0000000000
646 -93.0000000000
691 -92.0000000000
712 -89.0000000000
724 -85.0000000000
787 -84.0000000000
804 -83.0000000000
812 -82.0000000000
843 -81.0000000000
870 -80.0000000000
872 -79.0000000000
914 -78.0000000000
944 -77.0000000000
948 -76.0000000000
1016 -75.0000000000
1042 -72.0000000000
1086 -71.0000000000
1118 -70.0000000000
1125 -69.0000000000
1143 -68.0000000000
1146 -66.0000000000
1204 -65.0000000000
1210 -64.0000000000
1240 -63.0000000000
1242 -61.0000000000
1287 -60.0000000000
1295 -59.0000000000
1337 -57.0000000000
1355 -56.0000000000
1403 -55.0000000000
1418 -54.0000000000
1459 -50.0000000000
1503 -49.0000000000
1563 -48.0000000000
1598 -47.0000000000
1623 -45.0000000000
1647 -44.0000000000
1708 -42.0000000000
1735 -41.0000000000
1784 -40.0000000000
1805 -39.0000000000
1834 -38.0000000000
1842 -37.0000000000
1903 -36.0000000000
1951 -34.0000000000
1966 -30.0000000000
2046 -28.0000000000
2106 -24.0000000000
2215 -23.0000000000
2245 -22.0000000000
2298 -21.0000000000
2331 -20.0000000000
2383 -19.0000000000
2416 -17.0000000000
2463 -16.0000000000
2483 -14.0000000000
2629 -13.0000000000
2662 -12.0000000000
2728 -11.0000000000
2816 -10.0000000000
2828 -9.0000000000
2911 -8.0000000000
2945 -7.0000000000
3055 -6.0000000000
3106 -5.0000000000
3173 -4.0000000000
3232 -3.0000000000
3243 -2.0000000000
3313 396.0000000000
3507 397.0000000000
3529 401.0000000000
3631 404.0000000000
3839 406.0000000000
3843 407.0000000000
3896 408.0000000000
4005 409.0000000000
4014 415.0000000000
4204 422.0000000000
4963 423.0000000000
4966 424.0000000000
5627 426.0000000000
5985 429.0000000000
6952 434.0000000000
8072 435.0000000000
10000 377.0000000000
evaluations raw_y
1 -214.0000000000
3 -210.0000000000
8 -200.0000000000
21 -195.0000000000
51 -188.0000000000
61 -184.0000000000
87 -182.0000000000
93 -181.0000000000
102 -178.0000000000
129 -173.0000000000
152 -168.0000000000
164 -166.0000000000
186 -165.0000000000
189 -160.0000000000
196 -159.0000000000
206 -158.0000000000
216 -155.0000000000
242 -148.0000000000
247 -146.0000000000
275 -145.0000000000
286 -144.0000000000
303 -142.0000000000
350 -141.0000000000
357 -138.0000000000
373 -137.0000000000
380 -135.0000000000
402 -134.0000000000
421 -132.0000000000
425 -130.0000000000
426 -129.0000000000
465 -128.0000000000
477 -127.0000000000
487 -124.0000000000
517 -123.0000000000
544 -121.0000000000
563 -119.0000000000
581 -118.0000000000
606 -117.0000000000
636 -116.0000000000
641 -114.0000000000
667 -113.0000000000
689 -112.0000000000
722 -110.0000000000
756 -108.0000000000
775 -106.0000000000
794 -105.0000000000
830 -103.0000000000
846 -102.0000000000
863 -101.0000000000
889 -100.0000000000
891 -98.0000000000
906 -97.0000000000
928 -93.0000000000
985 -91.0000000000
1003 -89.0000000000
1049 -87.0000000000
1075 -85.0000000000
1082 -84.0000000000
1107 -83.0000000000
1128 -82.0000000000
1144 -80.0000000000
1183 -79.0000000000
1194 -78.0000000000
1202 -75.0000000000
1293 -71.0000000000
1373 -70.0000000000
1390 -69.0000000000
1418 -66.0000000000
1479 -65.0000000000
1492 -64.0000000000
1506 -63.0000000000
1526 -62.0000000000
1542 -60.0000000000
1581 -59.0000000000
1618 -58.0000000000
1621 -57.0000000000
1691 -56.0000000000
1700 -55.0000000000
1709 -54.0000000000
1717 -53.0000000000
1743 -52.0000000000
1754 -49.0000000000
1764 -47.0000000000
1820 -46.0000000000
1826 -43.0000000000
1877 -41.0000000000
1901 -40.0000000000
1955 -37.0000000000
1970 -34.0000000000
2054 -32.0000000000
2071 -31.0000000000
2107 -30.0000000000
2121 -28.0000000000
2153 -27.0000000000
2214 -25.0000000000
2227 -24.0000000000
2260 -23.0000000000
2263 -22.0000000000
2322 -21.0000000000
2411 -20.0000000000
2422 -19.0000000000
2486 -16.0000000000
2546 -15.0000000000
2590 -14.0000000000
2640 -13.0000000000
2654 -11.0000000000
2858 -10.0000000000
2905 -9.0000000000
2982 -8.0000000000
2983 -7.0000000000
3072 -6.0000000000
3098 -5.0000000000
3185 -4.0000000000
3336 -3.0000000000
3432 -2.0000000000
3522 -1.0000000000
3609 387.0000000000
3626 395.0000000000
3646 397.0000000000
3757 402.0000000000
3792 404.0000000000
3813 412.0000000000
3954 415.0000000000
4070 416.0000000000
4321 417.0000000000
4330 421.0000000000
4405 423.0000000000
4525 428.0000000000
4942 429.0000000000
4970 432.0000000000
5025 437.0000000000
6165 441.0000000000
10000 363.0000000000
evaluations raw_y
1 -216.0000000000
2 -214.0000000000
6 -212.0000000000
7 -196.0000000000
54 -192.0000000000
68 -185.0000000000
99 -184.0000000000
101 -177.0000000000
132 -173.0000000000
163 -167.0000000000
184 -166.0000000000
190 -165.0000000000
192 -160.0000000000
207 -157.0000000000
227 -155.0000000000
246 -147.0000000000
280 -146.0000000000
304 -144.0000000000
331 -143.0000000000
364 -142.0000000000
366 -141.0000000000
373 -140.0000000000
401 -139.0000000000
405 -138.0000000000
410 -137.0000000000
427 -136.0000000000
442 -132.0000000000
463 -129.0000000000
487 -128.0000000000
503 -127.0000000000
528 -126.0000000000
543 -125.0000000000
551 -123.0000000000
588 -122.0000000000
602 -120.0000000000
648 -119.0000000000
674 -115.0000000000
710 -113.0000000000
731 -112.0000000000
741 -111.0000000000
761 -109.0000000000
767 -106.0000000000
816 -105.0000000000
822 -104.0000000000
826 -103.0000000000
863 -102.0000000000
886 -101.0000000000
913 -100.0000000000
921 -97.0000000000
934 -94.0000000000
974 -93.0000000000
986 -92.0000000000
1012 -91.0000000000
1034 -90.0000000000
1045 -89.0000000000
1060 -88.0000000000
1089 -86.0000000000
1126 -83.0000000000
1165 -82.0000000000
1181 -81.0000000000
1187 -80.0000000000
1223 -79.0000000000
1228 -76.0000000000
1261 -75.0000000000
1292 -74.0000000000
1297 -73.0000000000
1361 -71.0000000000
1385 -70.0000000000
1413 -69.0000000000
1427 -67.0000000000
1464 -66.0000000000
1481 -65.0000000000
1504 -64.0000000000
1526 -63.0000000000
1570 -62.0000000000
1597 -61.0000000000
1616 -60.0000000000
1641 -57.0000000000
1687 -56.0000000000
1701 -55.0000000000
1723 -54.0000000000
1743 -53.0000000000
1783 -52.0000000000
1794 -50.0000000000
1843 -49.0000000000
1854 -48.0000000000
1862 -45.0000000000
1942 -43.0000000000
1989 -41.0000000000
2083 -40.0000000000
2103 -39.0000000000
2142 -37.0000000000
2188 -36.0000000000
2222 -35.0000000000
2265 -34.0000000000
2326 -32.0000000000
2346 -31.0000000000
2363 -30.0000000000
2385 -29.0000000000
2399 -28.0000000000
2478 -27.0000000000
2502 -24.0000000000
2607 -22.0000000000
2649 -21.0000000000
2681 -20.0000000000
2706 -19.0000000000
2729 -18.0000000000
2762 -16.0000000000
2806 -15.0000000000
2881 -13.0000000000
2921 -12.0000000000
2957 -10.0000000000
3027 -9.0000000000
3088 -8.0000000000
3143 -7.0000000000
3203 -6.0000000000
3226 -5.0000000000
3314 -4.0000000000
3370 -3.0000000000
3404 -2.0000000000
3442 -1.0000000000
3475 377.0000000000
3526 392.0000000000
3564 393.0000000000
3590 399.0000000000
3720 412.0000000000
3752 416.0000000000
3908 419.0000000000
3981 421.0000000000
4043 423.0000000000
5017 428.0000000000
5939 429.0000000000
6267 430.0000000000
6542 432.0000000000
7672 433.0000000000
7786 434.0000000000
8847 435.0000000000
10000 230.0000000000
evaluations raw_y
1 -206.0000000000
7 -205.0000000000
9 -201.0000000000
18 -196.0000000000
22 -191.0000000000
24 -187.0000000000
61 -181.0000000000
93 -180.0000000000
102 -178.0000000000
105 -175.0000000000
106 -174.0000000000
129 -173.0000000000
138 -172.0000000000
142 -167.0000000000
162 -163.0000000000
179 -162.0000000000
196 -160.0000000000
201 -157.0000000000
204 -156.0000000000
211 -155.0000000000
221 -153.0000000000
223 -152.0000000000
233 -148.0000000000
241 -142.0000000000
292 -139.0000000000
301 -137.0000000000
316 -134.0000000000
346 -133.0000000000
356 -132.0000000000
363 -131.0000000000
385 -130.0000000000
399 -127.0000000000
405 -124.0000000000
413 -121.0000000000
447 -120.0000000000
464 -117.0000000000
480 -113.0000000000
488 -110.0000000000
511 -108.0000000000
534 -107.0000000000
566 -106.0000000000
616 -103.0000000000
637 -100.0000000000
669 -99.0000000000
719 -98.0000000000
737 -96.0000000000
766 -95.0000000000
786 -94.0000000000
829 -93.0000000000
850 -92.0000000000
874 -91.0000000000
882 -90.0000000000
887 -88.0000000000
911 -87.0000000000
930 -86.0000000000
989 -84.0000000000
1025 -83.0000000000
1047 -79.0000000000
1092 -78.0000000000
1125 -77.0000000000
1152 -76.0000000000
1169 -75.0000000000
1201 -74.0000000000
1216 -73.0000000000
1222 -71.0000000000
1270 -70.0000000000
1286 -68.0000000000
1303 -67.0000000000
1351 -66.0000000000
1363 -65.0000000000
1391 -62.0000000000
1464 -61.0000000000
1481 -59.0000000000
1488 -57.0000000000
1575 -56.0000000000
1588 -55.0000000000
1627 -53.0000000000
1670 -52.0000000000
1696 -50.0000000000
1740 -49.0000000000
1776 -48.0000000000
1806 -46.0000000000
1832 -45.0000000000
1864 -44.0000000000
1944 -43.0000000000
1946 -42.0000000000
1966 -41.0000000000
1988 -39.0000000000
2001 -38.0000000000
2097 -37.0000000000
2150 -35.0000000000
2185 -34.0000000000
2203 -33.0000000000
2205 -32.0000000000
2261 -30.0000000000
2290 -28.0000000000
2336 -27.0000000000
2367 -23.0000000000
2439 -22.0000000000
2478 -20.0000000000
2493 -17.0000000000
2528 -16.0000000000
2607 -15.0000000000
2660 -14.0000000000
2704 -13.0000000000
2709 -11.0000000000
2761 -10.0000000000
2787 -9.0000000000
2812 -8.0000000000
3038 -7.0000000000
3041 -6.0000000000
3128 -5.0000000000
3218 -3.0000000000
3335 -2.0000000000
3420 -1.0000000000
3477 395.0000000000
3481 402.0000000000
3541 403.0000000000
3544 405.0000000000
3569 407.0000000000
3700 408.0000000000
3734 409.0000000000
3754 410.0000000000
3812 413.0000000000
3916 415.0000000000
3973 417.0000000000
4204 418.0000000000
4395 419.0000000000
4466 421.0000000000
4520 423.0000000000
4569 427.0000000000
5018 428.0000000000
5385 430.0000000000
5902 433.0000000000
6220 434.0000000000
6289 435.0000000000
6701 437.0000000000
6955 438.0000000000
7257 439.0000000000
7732 442.0000000000
8753 443.0000000000
10000 373.0000000000
evaluations raw_y
1 -217.0000000000
2 -209.0000000000
8 -204.0000000000
14 -201.0000000000
24 -196.0000000000
36 -192.0000000000
72 -191.0000000000
73 -186.0000000000
85 -184.0000000000
92 -183.0000000000
101 -181.0000000000
115 -175.0000000000
162 -174.0000000000
181 -170.0000000000
209 -166.0000000000
223 -165.0000000000
232 -163.0000000000
243 -162.0000000000
262 -154.0000000000
304 -153.0000000000
321 -152.0000000000
324 -151.0000000000
350 -150.0000000000
362 -149.0000000000
375 -148.0000000000
380 -147.0000000000
395 -146.0000000000
399 -144.0000000000
402 -143.0000000000
406 -142.0000000000
434 -136.0000000000
446 -135.0000000000
449 -133.0000000000
490 -130.0000000000
504 -127.0000000000
546 -126.0000000000
552 -123.0000000000
614 -122.0000000000
638 -121.0000000000
643 -119.0000000000
673 -116.0000000000
685 -114.0000000000
701 -113.0000000000
711 -111.0000000000
728 -110.0000000000
775 -108.0000000000
811 -107.0000000000
840 -106.0000000000
851 -102.0000000000
862 -100.0000000000
888 -99.0000000000
911 -98.0000000000
922 -97.0000000000
946 -96.0000000000
965 -94.0000000000
1009 -90.0000000000
1036 -89.0000000000
1065 -88.0000000000
1095 -87.0000000000
1115 -85.0000000000
1154 -80.0000000000
1208 -78.0000000000
1288 -77.0000000000
1311 -76.0000000000
1321 -75.0000000000
1352 -74.0000000000
1387 -73.0000000000
1395 -71.0000000000
1451 -69.0000000000
1487 -68.0000000000
1489 -67.0000000000
1514 -66.0000000000
1524 -65.0000000000
1569 -64.0000000000
1604 -63.0000000000
1643 -61.0000000000
1673 -59.0000000000
1735 -58.0000000000
1771 -57.0000000000
1777 -55.0000000000
1834 -50.0000000000
1890 -49.0000000000
1945 -48.0000000000
2004 -47.0000000000
2013 -45.0000000000
2047 -44.0000000000
2106 -43.0000000000
2108 -42.0000000000
2142 -41.0000000000
2190 -39.0000000000
2244 -38.0000000000
2278 -35.0000000000
2323 -33.0000000000
2387 -32.0000000000
2416 -30.0000000000
2469 -29.0000000000
2540 -28.0000000000
2544 -27.0000000000
2555 -26.0000000000
2623 -22.0000000000
2718 -20.0000000000
2884 -19.0000000000
2896 -17.0000000000
2958 -16.0000000000
2995 -15.0000000000
3002 -13.0000000000
3121 -12.0000000000
3185 -11.0000000000
3217 -10.0000000000
3227 -9.0000000000
3268 -8.0000000000
3301 -6.0000000000
3333 -5.0000000000
3425 -4.0000000000
3525 -3.0000000000
3578 -2.0000000000
3753 -1.0000000000
3821 377.0000000000
3829 379.0000000000
3899 387.0000000000
3995 389.0000000000
4011 390.0000000000
4029 392.0000000000
4053 394.0000000000
4093 397.0000000000
4157 398.0000000000
4163 399.0000000000
4219 409.0000000000
4272 419.0000000000
4656 420.0000000000
4825 421.0000000000
5322 422.0000000000
5349 423.0000000000
5356 428.0000000000
6354 431.0000000000
6449 432.0000000000
6551 433.0000000000
7588 434.0000000000
7653 436.0000000000
7779 438.0000000000
10000 -1.0000000000
evaluations raw_y
1 -228.0000000000
2 -200.0000000000
7 -197.0000000000
21 -193.0000000000
43 -189.0000000000
58 -182.0000000000
75 -181.0000000000
81 -172.0000000000
102 -169.0000000000
137 -168.0000000000
142 -165.0000000000
155 -159.0000000000
170 -156.0000000000
204 -148.0000000000
259 -146.0000000000
267 -144.0000000000
290 -139.0000000000
318 -136.0000000000
359 -135.0000000000
364 -134.0000000000
373 -133.0000000000
387 -131.0000000000
389 -130.0000000000
397 -129.0000000000
416 -128.0000000000
428 -122.0000000000
449 -120.0000000000
473 -118.0000000000
486 -114.0000000000
517 -112.0000000000
552 -110.0000000000
554 -109.0000000000
581 -108.0000000000
601 -107.0000000000
609 -106.0000000000
621 -105.0000000000
648 -103.0000000000
671 -101.0000000000
696 -100.0000000000
698 -98.0000000000
738 -96.0000000000
745 -95.0000000000
797 -93.0000000000
798 -92.0000000000
841 -91.0000000000
848 -90.0000000000
870 -88.0000000000
884 -87.0000000000
926 -83.0000000000
964 -82.0000000000
982 -81.0000000000
1000 -80.0000000000
1024 -79.0000000000
1042 -78.0000000000
1060 -77.0000000000
1068 -75.0000000000
1088 -73.0000000000
1101 -71.0000000000
1116 -68.0000000000
1152 -67.0000000000
1161 -66.0000000000
1192 -65.0000000000
1216 -63.0000000000
1242 -61.0000000000
1301 -59.0000000000
1350 -58.0000000000
1377 -57.0000000000
1384 -56.0000000000
1404 -54.0000000000
1498 -52.0000000000
1507 -51.0000000000
1510 -50.0000000000
1566 -49.0000000000
1576 -45.0000000000
1649 -44.0000000000
1709 -42.0000000000
1778 -41.0000000000
1785 -40.0000000000
1810 -39.0000000000
1859 -38.0000000000
1898 -37.0000000000
1929 -35.0000000000
1972 -34.0000000000
2036 -33.0000000000
2074 -32.0000000000
2121 -31.0000000000
2127 -30.0000000000
2142 -28.0000000000
2184 -27.0000000000
2241 -26.0000000000
2249 -24.0000000000
2310 -23.0000000000
2371 -22.0000000000
2376 -21.0000000000
2445 -20.0000000000
2461 -18.0000000000
2554 -17.0000000000
2602 -16.0000000000
2659 -14.0000000000
2757 -12.0000000000
2836 -11.0000000000
2870 -10.0000000000
2902 -9.0000000000
3044 -8.0000000000
3136 -7.0000000000
3163 -6.0000000000
3224 -5.0000000000
3273 -3.0000000000
3393 399.0000000000
3456 400.0000000000
3554 404.0000000000
3592 409.0000000000
3634 414.0000000000
3708 415.0000000000
3750 417.0000000000
4153 418.0000000000
4342 422.0000000000
4443 426.0000000000
4581 432.0000000000
4891 434.0000000000
4994 436.0000000000
6299 437.0000000000
7708 438.0000000000
9514 439.0000000000
10000 366.0000000000
evaluations raw_y
1 -210.0000000000
6 -206.0000000000
8 -205.0000000000
12 -204.0000000000
19 -202.0000000000
20 -201.0000000000
38 -197.0000000000
45 -195.0000000000
57 -189.0000000000
66 -186.0000000000
85 -182.0000000000
100 -172.0000000000
124 -171.0000000000
156 -167.0000000000
165 -166.0000000000
169 -163.0000000000
195 -162.0000000000
208 -161.0000000000
221 -158.0000000000
234 -156.0000000000
235 -154.0000000000
264 -152.0000000000
299 -148.0000000000
330 -146.0000000000
358 -145.0000000000
370 -141.0000000000
371 -137.0000000000
420 -136.0000000000
422 -135.0000000000
468 -133.0000000000
488 -132.0000000000
494 -131.0000000000
509 -129.0000000000
540 -128.0000000000
564 -127.0000000000
606 -125.0000000000
641 -124.0000000000
655 -123.0000000000
676 -121.0000000000
715 -120.0000000000
726 -117.0000000000
736 -116.0000000000
804 -114.0000000000
817 -112.0000000000
862 -110.0000000000
896 -109.0000000000
904 -107.0000000000
933 -105.0000000000
962 -102.0000000000
1026 -101.0000000000
1073 -98.0000000000
1130 -97.0000000000
1134 -96.0000000000
1155 -92.0000000000
1228 -91.0000000000
1233 -90.0000000000
1272 -89.0000000000
1273 -88.0000000000
1278 -87.0000000000
1321 -85.0000000000
1355 -84.0000000000
1395 -83.0000000000
1399 -81.0000000000
1412 -80.0000000000
1455 -79.0000000000
1469 -78.0000000000
1486 -76.0000000000
1512 -75.0000000000
1529 -73.0000000000
1563 -72.0000000000
1579 -68.0000000000
1640 -65.0000000000
1706 -64.0000000000
1707 -62.0000000000
1763 -61.0000000000
1771 -59.0000000000
1805 -56.0000000000
1865 -54.0000000000
1957 -53.0000000000
1958 -51.0000000000
1971 -50.0000000000
2004 -49.0000000000
2085 -46.0000000000
2110 -43.0000000000
2161 -41.0000000000
2185 -40.0000000000
2208 -38.0000000000
2282 -37.0000000000
2307 -36.0000000000
2358 -35.0000000000
2377 -34.0000000000
2386 -33.0000000000
2400 -32.0000000000
2436 -31.0000000000
2442 -29.0000000000
2487 -28.0000000000
2516 -27.0000000000
2625 -26.0000000000
2629 -25.0000000000
2653 -24.0000000000
2703 -22.0000000000
2724 -21.0000000000
2769 -19.0000000000
2855 -18.0000000000
2922 -17.0000000000
2991 -16.0000000000
3055 -15.0000000000
3067 -14.0000000000
3104 -13.0000000000
3182 -12.0000000000
3183 -11.0000000000
3271 -10.0000000000
3300 -9.0000000000
3382 -8.0000000000
3430 -7.0000000000
3462 -6.0000000000
3514 -4.0000000000
3660 -3.0000000000
3750 -2.0000000000
3836 -1.0000000000
3909 361.0000000000
3910 375.0000000000
3924 379.0000000000
3941 382.0000000000
3954 384.0000000000
3972 390.0000000000
4103 395.0000000000
4116 396.0000000000
4118 415.0000000000
4310 419.0000000000
4485 428.0000000000
4534 430.0000000000
5763 431.0000000000
5823 433.0000000000
6518 436.0000000000
8646 437.0000000000
10000 280.0000000000
evaluations raw_y
1 -221.0000000000
3 -212.0000000000
4 -211.0000000000
5 -207.0000000000
7 -191.0000000000
47 -190.0000000000
55 -183.0000000000
75 -180.0000000000
91 -179.0000000000
93 -178.0000000000
107 -177.0000000000
109 -170.0000000000
168 -164.0000000000
193 -160.0000000000
206 -155.0000000000
224 -153.0000000000
265 -146.0000000000
276 -143.0000000000
321 -138.0000000000
348 -137.0000000000
373 -134.0000000000
395 -131.0000000000
415 -130.0000000000
447 -129.0000000000
450 -121.0000000000
551 -120.0000000000
552 -117.0000000000
569 -113.0000000000
626 -111.0000000000
665 -109.0000000000
687 -105.0000000000
769 -104.0000000000
772 -102.0000000000
793 -98.0000000000
864 -96.0000000000
888 -93.0000000000
922 -92.0000000000
970 -90.0000000000
978 -88.0000000000
1026 -87.0000000000
1042 -86.0000000000
1054 -85.0000000000
1104 -84.0000000000
1107 -83.0000000000
1124 -81.0000000000
1162 -79.0000000000
1185 -78.0000000000
1200 -77.0000000000
1208 -76.0000000000
1234 -73.0000000000
1245 -72.0000000000
1278 -69.0000000000
1315 -68.0000000000
1331 -67.0000000000
1362 -65.0000000000
1387 -64.0000000000
1388 -63.0000000000
1430 -60.0000000000
1466 -58.0000000000
1483 -57.0000000000
1484 -54.0000000000
1533 -53.0000000000
1564 -52.0000000000
1604 -51.0000000000
1651 -50.0000000000
1660 -49.0000000000
1681 -48.0000000000
1700 -47.0000000000
1757 -46.0000000000
1784 -43.0000000000
1851 -42.0000000000
1892 -41.0000000000
1919 -40.0000000000
1941 -39.0000000000
1974 -38.0000000000
1984 -37.0000000000
2030 -36.0000000000
2057 -35.0000000000
2077 -33.0000000000
2126 -31.0000000000
2148 -30.0000000000
2164 -29.0000000000
2190 -27.0000000000
2251 -26.0000000000
2261 -23.0000000000
2382 -22.0000000000
2462 -21.0000000000
2520 -20.0000000000
2590 -19.0000000000
2624 -18.0000000000
2668 -17.0000000000
2684 -16.0000000000
2761 -15.0000000000
2894 -13.0000000000
2922 -12.0000000000
2969 -11.0000000000
3067 -8.0000000000
3152 -7.0000000000
3327 -6.0000000000
3387 -5.0000000000
3439 -4.0000000000
3489 -3.0000000000
3497 -2.0000000000
3593 385.0000000000
3629 388.0000000000
3664 400.0000000000
3688 402.0000000000
3697 413.0000000000
3810 416.0000000000
3887 418.0000000000
3979 419.0000000000
3997 421.0000000000
4187 425.0000000000
4474 426.0000000000
4532 428.0000000000
4541 430.0000000000
4590 436.0000000000
7201 437.0000000000
7829 439.0000000000
10000 416.0000000000
evaluations raw_y
1 -231.0000000000
2 -225.0000000000
3 -211.0000000000
6 -210.0000000000
12 -207.0000000000
15 -206.0000000000
16 -204.0000000000
17 -197.0000000000
27 -196.0000000000
44 -179.0000000000
118 -176.0000000000
125 -174.0000000000
143 -173.0000000000
164 -171.0000000000
166 -167.0000000000
182 -166.0000000000
200 -165.0000000000
209 -160.0000000000
220 -158.0000000000
226 -155.0000000000
262 -153.0000000000
286 -150.0000000000
287 -149.0000000000
304 -148.0000000000
333 -145.0000000000
352 -142.0000000000
354 -141.0000000000
398 -140.0000000000
401 -139.0000000000
410 -138.0000000000
420 -136.0000000000
421 -134.0000000000
441 -129.0000000000
467 -128.0000000000
507 -127.0000000000
516 -126.0000000000
537 -124.0000000000
581 -123.0000000000
594 -122.0000000000
607 -121.0000000000
612 -119.0000000000
628 -117.0000000000
664 -116.0000000000
671 -115.0000000000
683 -113.0000000000
706 -112.0000000000
711 -111.0000000000
733 -110.0000000000
752 -109.0000000000
756 -108.0000000000
771 -106.0000000000
801 -105.0000000000
826 -103.0000000000
845 -102.0000000000
863 -100.0000000000
885 -96.0000000000
934 -95.0000000000
967 -94.0000000000
973 -93.0000000000
984 -92.0000000000
1024 -91.0000000000
1051 -90.0000000000
1059 -86.0000000000
1109 -85.0000000000
1151 -83.0000000000
1212 -82.0000000000
1233 -81.0000000000
1263 -80.0000000000
1286 -79.0000000000
1290 -77.0000000000
1321 -74.0000000000
1354 -71.0000000000
1404 -70.0000000000
1424 -69.0000000000
1453 -68.0000000000
1483 -67.0000000000
1489 -66.0000000000
1505 -65.0000000000
1542 -64.0000000000
1559 -62.0000000000
1562 -61.0000000000
1607 -60.0000000000
1612 -59.0000000000
1629 -58.0000000000
1683 -57.0000000000
1688 -55.0000000000
1734 -54.0000000000
1782 -53.0000000000
1795 -52.0000000000
1813 -50.0000000000
1845 -48.0000000000
1895 -47.0000000000
1937 -46.0000000000
1986 -45.0000000000
2023 -44.0000000000
2035 -43.0000000000
2073 -42.0000000000
2098 -41.0000000000
2110 -38.0000000000
2215 -37.0000000000
2231 -36.0000000000
2256 -35.0000000000
2269 -34.0000000000
2281 -33.0000000000
2328 -32.0000000000
2340 -31.0000000000
2354 -30.0000000000
2427 -29.0000000000
2466 -28.0000000000
2471 -26.0000000000
2562 -24.0000000000
2653 -23.0000000000
2659 -22.0000000000
2707 -21.0000000000
2760 -20.0000000000
2806 -19.0000000000
2832 -18.0000000000
2880 -15.0000000000
2986 -14.0000000000
2996 -13.0000000000
3042 -12.0000000000
3063 -11.0000000000
3096 -10.0000000000
3126 -8.0000000000
3193 -7.0000000000
3305 -6.0000000000
3345 -5.0000000000
3430 -4.0000000000
3453 -3.0000000000
3721 -1.0000000000
3821 393.0000000000
3951 394.0000000000
4002 399.0000000000
4125 400.0000000000
4188 402.0000000000
4228 407.0000000000
4525 410.0000000000
4731 414.0000000000
4829 418.0000000000
4845 421.0000000000
4862 422.0000000000
4919 423.0000000000
4932 425.0000000000
4955 427.0000000000
4960 428.0000000000
5008 429.0000000000
5076 432.0000000000
5220 434.0000000000
5654 436.0000000000
6014 439.0000000000
7008 440.0000000000
10000 285.0000000000
evaluations raw_y
1 -201.0000000000
11 -198.0000000000
25 -195.0000000000
36 -187.0000000000
49 -186.0000000000
65 -178.0000000000
97 -173.0000000000
120 -167.0000000000
136 -162.0000000000
146 -158.0000000000
157 -157.0000000000
163 -155.0000000000
173 -146.0000000000
216 -143.0000000000
239 -137.0000000000
257 -136.0000000000
271 -133.0000000000
277 -132.0000000000
299 -131.0000000000
306 -130.0000000000
316 -127.0000000000
336 -123.0000000000
345 -121.0000000000
361 -119.0000000000
386 -112.0000000000
409 -111.0000000000
447 -109.0000000000
484 -108.0000000000
504 -106.0000000000
521 -105.0000000000
526 -103.0000000000
553 -101.0000000000
580 -97.0000000000
586 -96.0000000000
620 -95.0000000000
630 -94.0000000000
671 -93.0000000000
675 -91.0000000000
686 -90.0000000000
704 -87.0000000000
722 -85.0000000000
794 -84.0000000000
805 -81.0000000000
867 -79.0000000000
887 -78.0000000000
923 -73.0000000000
966 -72.0000000000
1020 -70.0000000000
1062 -69.0000000000
1167 -68.0000000000
1181 -66.0000000000
1224 -64.0000000000
1247 -63.0000000000
1304 -62.0000000000
1318 -61.0000000000
1357 -59.0000000000
1363 -58.0000000000
1432 -55.0000000000
1498 -54.0000000000
1521 -52.0000000000
1544 -51.0000000000
1597 -48.0000000000
1620 -47.0000000000
1625 -45.0000000000
1653 -44.0000000000
1697 -43.0000000000
1771 -42.0000000000
1797 -40.0000000000
1801 -39.0000000000
1823 -37.0000000000
1893 -36.0000000000
1902 -35.0000000000
1927 -34.0000000000
1941 -31.0000000000
2010 -30.0000000000
2043 -29.0000000000
2089 -28.0000000000
2091 -27.0000000000
2116 -26.0000000000
2128 -25.0000000000
2176 -21.0000000000
2203 -20.0000000000
2253 -19.0000000000
2322 -18.0000000000
2353 -17.0000000000
2389 -16.0000000000
2419 -15.0000000000
2480 -14.0000000000
2527 -13.0000000000
2571 -12.0000000000
2644 -11.0000000000
2722 -10.0000000000
2742 -9.0000000000
2834 -7.0000000000
2925 -6.0000000000
2945 -5.0000000000
3024 -3.0000000000
3062 -2.0000000000
3244 -1.0000000000
3307 386.0000000000
3375 389.0000000000
3393 393.0000000000
3417 395.0000000000
3518 396.0000000000
3525 401.0000000000
3536 403.0000000000
3542 404.0000000000
3672 413.0000000000
3810 414.0000000000
4030 417.0000000000
4135 419.0000000000
4156 425.0000000000
4688 428.0000000000
4830 429.0000000000
5945 432.0000000000
9140 434.0000000000
9875 435.0000000000
10000 394.0000000000
evaluations raw_y
1 -225.0000000000
2 -206.0000000000
5 -202.0000000000
14 -199.0000000000
23 -198.0000000000
46 -193.0000000000
61 -190.0000000000
68 -188.0000000000
76 -181.0000000000
87 -180.0000000000
112 -178.0000000000
123 -172.0000000000
141 -171.0000000000
150 -168.0000000000
167 -161.0000000000
174 -159.0000000000
190 -153.0000000000
202 -152.0000000000
212 -150.0000000000
223 -146.0000000000
246 -144.0000000000
275 -143.0000000000
279 -139.0000000000
312 -136.0000000000
327 -134.0000000000
352 -133.0000000000
357 -130.0000000000
383 -127.0000000000
392 -125.0000000000
416 -123.0000000000
421 -121.0000000000
454 -119.0000000000
467 -117.0000000000
473 -116.0000000000
506 -115.0000000000
528 -114.0000000000
536 -113.0000000000
540 -112.0000000000
565 -110.0000000000
580 -107.0000000000
639 -106.0000000000
649 -105.0000000000
676 -103.0000000000
702 -102.0000000000
711 -100.0000000000
732 -99.0000000000
772 -96.0000000000
802 -95.0000000000
828 -94.0000000000
843 -92.0000000000
867 -90.0000000000
901 -89.0000000000
928 -87.0000000000
948 -84.0000000000
992 -83.0000000000
1017 -80.0000000000
1042 -79.0000000000
1068 -78.0000000000
1090 -77.0000000000
1122 -76.0000000000
1146 -74.0000000000
1161 -73.0000000000
1205 -71.0000000000
1224 -70.0000000000
1245 -69.0000000000
1258 -68.0000000000
1294 -67.0000000000
1318 -65.0000000000
1341 -64.0000000000
1394 -62.0000000000
1451 -61.0000000000
1464 -60.0000000000
1470 -59.0000000000
1486 -58.0000000000
1508 -57.0000000000
1542 -56.0000000000
1567 -55.0000000000
1582 -54.0000000000
1612 -53.0000000000
1642 -52.0000000000
1664 -51.0000000000
1707 -50.0000000000
1724 -49.0000000000
1745 -47.0000000000
1775 -46.0000000000
1783 -45.0000000000
1802 -44.0000000000
1839 -43.0000000000
1880 -41.0000000000
1909 -39.0000000000
1985 -38.0000000000
2019 -37.0000000000
2031 -36.0000000000
2048 -35.0000000000
2069 -33.0000000000
2091 -32.0000000000
2106 -30.0000000000
2199 -29.0000000000
2236 -28.0000000000
2294 -26.0000000000
2322 -25.0000000000
2341 -24.0000000000
2387 -23.0000000000
2436 -22.0000000000
2472 -21.0000000000
2518 -20.0000000000
2525 -19.0000000000
2582 -18.0000000000
2628 -17.0000000000
2659 -15.0000000000
2683 -14.0000000000
2783 -12.0000000000
2836 -10.0000000000
2852 -9.0000000000
2950 -8.0000000000
3151 -7.0000000000
3250 -6.0000000000
3253 -5.0000000000
3305 -4.0000000000
3345 -3.0000000000
3442 -2.0000000000
3520 -1.0000000000
3600 362.0000000000
3639 372.0000000000
3649 377.0000000000
3725 389.0000000000
3786 390.0000000000
3797 403.0000000000
4013 405.0000000000
4020 409.0000000000
4029 412.0000000000
4030 419.0000000000
4095 420.0000000000
4301 422.0000000000
4402 423.0000000000
4530 424.0000000000
4801 426.0000000000
5214 427.0000000000
5409 428.0000000000
5661 429.0000000000
6261 433.0000000000
7123 434.0000000000
7681 435.0000000000
9151 436.0000000000
9475 437.0000000000
9567 441.0000000000
10000 -1.0000000000
evaluations raw_y
1 -227.0000000000
2 -200.0000000000
7 -186.0000000000
60 -179.0000000000
63 -173.0000000000
98 -171.0000000000
103 -169.0000000000
127 -168.0000000000
133 -167.0000000000
141 -163.0000000000
176 -162.0000000000
198 -161.0000000000
199 -156.0000000000
204 -153.0000000000
226 -149.0000000000
263 -148.0000000000
279 -144.0000000000
308 -139.0000000000
332 -130.0000000000
346 -126.0000000000
422 -124.0000000000
428 -123.0000000000
443 -119.0000000000
477 -117.0000000000
498 -115.0000000000
525 -113.0000000000
547 -112.0000000000
548 -110.0000000000
575 -109.0000000000
595 -108.0000000000
611 -107.0000000000
639 -106.0000000000
657 -104.0000000000
659 -103.0000000000
661 -102.0000000000
682 -99.0000000000
723 -98.0000000000
729 -95.0000000000
768 -92.0000000000
825 -91.0000000000
843 -90.0000000000
848 -89.0000000000
888 -87.0000000000
903 -85.0000000000
920 -84.0000000000
945 -83.0000000000
949 -82.0000000000
999 -80.0000000000
1012 -79.0000000000
1061 -78.0000000000
1071 -75.0000000000
1095 -74.0000000000
1133 -73.0000000000
1143 -72.0000000000
1170 -69.0000000000
1203 -68.0000000000
1258 -67.0000000000
1260 -65.0000000000
1283 -64.0000000000
1303 -63.0000000000
1324 -62.0000000000
1351 -59.0000000000
1367 -58.0000000000
1373 -57.0000000000
1424 -56.0000000000
1437 -55.0000000000
1461 -53.0000000000
1539 -52.0000000000
1546 -50.0000000000
1570 -49.0000000000
1596 -48.0000000000
1616 -46.0000000000
1634 -45.0000000000
1692 -44.0000000000
1706 -43.0000000000
1753 -42.0000000000
1801 -41.0000000000
1805 -39.0000000000
1863 -38.0000000000
1900 -37.0000000000
1923 -36.0000000000
1942 -34.0000000000
2006 -33.0000000000
2051 -31.0000000000
2104 -30.0000000000
2140 -28.0000000000
2258 -26.0000000000
2336 -23.0000000000
2419 -22.0000000000
2462 -21.0000000000
2497 -20.0000000000
2538 -19.0000000000
2597 -18.0000000000
2622 -17.0000000000
2684 -16.0000000000
2707 -15.0000000000
2781 -14.0000000000
2801 -13.0000000000
2816 -12.0000000000
2866 -9.0000000000
2938 -8.0000000000
2993 -7.0000000000
3057 -5.0000000000
3175 -4.0000000000
3274 -2.0000000000
3391 -1.0000000000
3468 378.0000000000
3509 383.0000000000
3535 388.0000000000
3587 390.0000000000
3595 391.0000000000
3612 399.0000000000
3628 404.0000000000
3634 405.0000000000
3635 406.0000000000
3733 407.0000000000
3824 409.0000000000
3851 411.0000000000
3895 412.0000000000
3904 413.0000000000
4070 416.0000000000
4102 417.0000000000
4137 423.0000000000
4605 424.0000000000
4830 427.0000000000
5009 428.0000000000
5022 429.0000000000
5061 432.0000000000
5142 433.0000000000
7582 434.0000000000
9366 435.0000000000
10000 386.0000000000
evaluations raw_y
1 -211.0000000000
4 -206.0000000000
16 -204.0000000000
24 -203.0000000000
35 -194.0000000000
52 -193.0000000000
53 -189.0000000000
63 -186.0000000000
82 -175.0000000000
132 -170.0000000000
141 -167.0000000000
142 -165.0000000000
170 -164.0000000000
197 -161.0000000000
198 -160.0000000000
217 -158.0000000000
223 -157.0000000000
226 -156.0000000000
234 -155.0000000000
242 -154.0000000000
243 -153.0000000000
248 -148.0000000000
293 -143.0000000000
323 -139.0000000000
344 -138.0000000000
378 -137.0000000000
380 -135.0000000000
390 -134.0000000000
396 -133.0000000000
402 -132.0000000000
414 -130.0000000000
426 -128.0000000000
433 -126.0000000000
464 -125.0000000000
469 -124.0000000000
482 -121.0000000000
503 -117.0000000000
542 -116.0000000000
543 -115.0000000000
572 -114.0000000000
580 -111.0000000000
615 -108.0000000000
632 -107.0000000000
656 -105.0000000000
676 -104.0000000000
693 -103.0000000000
710 -102.0000000000
737 -100.0000000000
752 -99.0000000000
758 -96.0000000000
811 -91.0000000000
875 -90.0000000000
889 -89.0000000000
921 -87.0000000000
930 -86.0000000000
950 -85.0000000000
961 -84.0000000000
991 -83.0000000000
993 -82.0000000000
1038 -80.0000000000
1050 -79.0000000000
1056 -78.0000000000
1101 -77.0000000000
1127 -76.0000000000
1133 -73.0000000000
1181 -72.0000000000
1192 -71.0000000000
1195 -70.0000000000
1202 -69.0000000000
1237 -66.0000000000
1262 -65.0000000000
1337 -64.0000000000
1364 -63.0000000000
1381 -62.0000000000
1400 -61.0000000000
1440 -59.0000000000
1461 -57.0000000000
1472 -56.0000000000
1490 -55.0000000000
1531 -54.0000000000
1543 -51.0000000000
1610 -50.0000000000
1614 -49.0000000000
1660 -48.0000000000
1680 -46.0000000000
1689 -45.0000000000
1765 -44.0000000000
1779 -43.0000000000
1804 -42.0000000000
1808 -40.0000000000
1838 -39.0000000000
1882 -37.0000000000
1907 -36.0000000000
1990 -35.0000000000
2009 -34.0000000000
2061 -32.0000000000
2129 -31.0000000000
2161 -30.0000000000
2178 -29.0000000000
2199 -28.0000000000
2247 -25.0000000000
2316 -22.0000000000
2322 -21.0000000000
2404 -18.0000000000
2506 -17.0000000000
2547 -15.0000000000
2696 -14.0000000000
2715 -13.0000000000
2768 -12.0000000000
2847 -11.0000000000
2919 -10.0000000000
2962 -9.0000000000
3048 -8.0000000000
3050 -6.0000000000
3106 -5.0000000000
3168 -4.0000000000
3281 -3.0000000000
3400 -2.0000000000
3425 -1.0000000000
3522 370.0000000000
3592 383.0000000000
3657 399.0000000000
3822 404.0000000000
3953 407.0000000000
3980 408.0000000000
4028 410.0000000000
4043 415.0000000000
4104 421.0000000000
4168 422.0000000000
4223 423.0000000000
4301 424.0000000000
4486 427.0000000000
4639 428.0000000000
4916 429.0000000000
5272 433.0000000000
5345 434.0000000000
5418 435.0000000000
5814 436.0000000000
5895 437.0000000000
6274 438.0000000000
10000 -2.0000000000
evaluations raw_y
1 -216.0000000000
2 -197.0000000000
36 -196.0000000000
50 -195.0000000000
61 -192.0000000000
64 -188.0000000000
66 -185.0000000000
73 -183.0000000000
95 -177.0000000000
112 -175.0000000000
119 -172.0000000000
130 -171.0000000000
145 -166.0000000000
147 -163.0000000000
167 -162.0000000000
181 -160.0000000000
184 -157.0000000000
221 -155.0000000000
226 -152.0000000000
271 -150.0000000000
281 -148.0000000000
282 -147.0000000000
290 -138.0000000000
314 -135.0000000000
328 -134.0000000000
341 -133.0000000000
362 -132.0000000000
380 -127.0000000000
385 -126.0000000000
421 -125.0000000000
456 -124.0000000000
462 -122.0000000000
491 -121.0000000000
508 -117.0000000000
562 -116.0000000000
582 -114.0000000000
615 -113.0000000000
633 -112.0000000000
645 -109.0000000000
673 -107.0000000000
694 -106.0000000000
695 -104.0000000000
733 -103.0000000000
749 -101.0000000000
754 -100.0000000000
798 -98.0000000000
827 -95.0000000000
862 -94.0000000000
889 -93.0000000000
890 -92.0000000000
913 -91.0000000000
943 -89.0000000000
946 -88.0000000000
961 -86.0000000000
1000 -85.0000000000
1010 -82.0000000000
1050 -80.0000000000
1062 -75.0000000000
1094 -74.0000000000
1134 -73.0000000000
1178 -70.0000000000
1242 -69.0000000000
1281 -67.0000000000
1327 -64.0000000000
1368 -63.0000000000
1406 -61.0000000000
1434 -60.0000000000
1445 -58.0000000000
1513 -56.0000000000
1550 -55.0000000000
1569 -54.0000000000
1586 -52.0000000000
1631 -48.0000000000
1653 -47.0000000000
1673 -46.0000000000
1747 -45.0000000000
1754 -44.0000000000
1763 -40.0000000000
1811 -38.0000000000
1834 -36.0000000000
1888 -35.0000000000
1963 -34.0000000000
1989 -31.0000000000
2012 -29.0000000000
2101 -28.0000000000
2139 -27.0000000000
2148 -26.0000000000
2221 -25.0000000000
2231 -24.0000000000
2264 -23.0000000000
2306 -22.0000000000
2348 -19.0000000000
2424 -18.0000000000
2504 -17.0000000000
2567 -15.0000000000
2683 -13.0000000000
2745 -12.0000000000
2784 -11.0000000000
2837 -10.0000000000
2912 -9.0000000000
2938 -8.0000000000
2971 -7.0000000000
3039 -5.0000000000
3184 -4.0000000000
3437 -3.0000000000
3515 -2.0000000000
3614 382.0000000000
3628 393.0000000000
3650 399.0000000000
3738 405.0000000000
3875 412.0000000000
3964 414.0000000000
3990 419.0000000000
4236 425.0000000000
4762 429.0000000000
5531 430.0000000000
5929 433.0000000000
6123 437.0000000000
8717 440.0000000000
8728 442.0000000000
10000 423.0000000000
evaluations raw_y
1 -190.0000000000
45 -189.0000000000
46 -187.0000000000
60 -181.0000000000
61 -180.0000000000
84 -174.0000000000
101 -173.0000000000
109 -168.0000000000
141 -164.0000000000
148 -162.0000000000
170 -159.0000000000
181 -155.0000000000
206 -150.0000000000
223 -147.0000000000
243 -145.0000000000
262 -137.0000000000
290 -135.0000000000
307 -124.0000000000
354 -123.0000000000
389 -122.0000000000
401 -120.0000000000
442 -118.0000000000
476 -117.0000000000
484 -116.0000000000
500 -114.0000000000
523 -113.0000000000
533 -110.0000000000
567 -107.0000000000
602 -105.0000000000
613 -103.0000000000
637 -102.0000000000
639 -100.0000000000
645 -99.0000000000
682 -97.0000000000
727 -96.0000000000
731 -95.0000000000
753 -94.0000000000
790 -93.0000000000
815 -90.0000000000
827 -89.0000000000
844 -88.0000000000
877 -86.0000000000
896 -85.0000000000
921 -83.0000000000
950 -81.0000000000
961 -80.0000000000
1018 -79.0000000000
1032 -78.0000000000
1039 -77.0000000000
1056 -76.0000000000
1081 -74.0000000000
1143 -72.0000000000
1189 -70.0000000000
1195 -69.0000000000
1201 -68.0000000000
1222 -67.0000000000
1236 -65.0000000000
1277 -64.0000000000
1289 -63.0000000000
1301 -61.0000000000
1354 -60.0000000000
1390 -59.0000000000
1401 -58.0000000000
1440 -57.0000000000
1479 -55.0000000000
1481 -54.0000000000
1513 -51.0000000000
1585 -50.0000000000
1629 -49.0000000000
1647 -46.0000000000
1704 -44.0000000000
1751 -43.0000000000
1802 -42.0000000000
1811 -41.0000000000
1835 -40.0000000000
1851 -39.0000000000
1888 -38.0000000000
1918 -36.0000000000
1933 -35.0000000000
2003 -33.0000000000
2059 -30.0000000000
2070 -29.0000000000
2103 -28.0000000000
2117 -27.0000000000
2167 -26.0000000000
2226 -25.0000000000
2241 -24.0000000000
2263 -23.0000000000
2293 -22.0000000000
2347 -21.0000000000
2410 -20.0000000000
2429 -19.0000000000
2499 -18.0000000000
2508 -17.0000000000
2582 -16.0000000000
2588 -15.0000000000
2682 -14.0000000000
2686 -11.0000000000
2783 -10.0000000000
2828 -9.0000000000
2867 -8.0000000000
2927 -7.0000000000
3092 -6.0000000000
3130 -5.0000000000
3168 -4.0000000000
3232 -3.0000000000
3266 -2.0000000000
3386 -1.0000000000
3405 401.0000000000
3488 402.0000000000
3511 407.0000000000
3637 408.0000000000
3669 415.0000000000
3825 416.0000000000
3915 422.0000000000
4085 423.0000000000
4303 424.0000000000
5042 428.0000000000
5427 429.0000000000
5696 431.0000000000
7533 435.0000000000
10000 301.0000000000
evaluations raw_y
1 -198.0000000000
3 -187.0000000000
17 -186.0000000000
66 -182.0000000000
73 -181.0000000000
80 -178.0000000000
85 -176.0000000000
93 -172.0000000000
102 -170.0000000000
121 -169.0000000000
133 -168.0000000000
138 -166.0000000000
140 -163.0000000000
164 -159.0000000000
196 -152.0000000000
228 -147.0000000000
263 -142.0000000000
292 -141.0000000000
302 -140.0000000000
303 -136.0000000000
310 -135.0000000000
327 -132.0000000000
379 -131.0000000000
380 -130.0000000000
382 -128.0000000000
412 -126.0000000000
421 -125.0000000000
452 -123.0000000000
455 -122.0000000000
490 -121.0000000000
491 -120.0000000000
503 -118.0000000000
544 -116.0000000000
545 -115.0000000000
576 -113.0000000000
605 -110.0000000000
628 -109.0000000000
650 -107.0000000000
681 -105.0000000000
687 -103.0000000000
740 -102.0000000000
757 -101.0000000000
781 -100.0000000000
807 -98.0000000000
823 -95.0000000000
842 -94.0000000000
843 -92.0000000000
863 -91.0000000000
889 -90.0000000000
904 -87.0000000000
946 -85.0000000000
975 -84.0000000000
1005 -82.0000000000
1025 -81.0000000000
1052 -76.0000000000
1112 -74.0000000000
1128 -73.0000000000
1180 -72.0000000000
1241 -71.0000000000
1261 -70.0000000000
1279 -68.0000000000
1334 -67.0000000000
1352 -66.0000000000
1375 -65.0000000000
1391 -64.0000000000
1420 -63.0000000000
1439 -62.0000000000
1475 -60.0000000000
1494 -58.0000000000
1541 -57.0000000000
1558 -56.0000000000
1611 -55.0000000000
1629 -54.0000000000
1652 -53.0000000000
1653 -51.0000000000
1687 -50.0000000000
1721 -48.0000000000
1744 -47.0000000000
1781 -46.0000000000
1788 -44.0000000000
1824 -43.0000000000
1865 -42.0000000000
1893 -40.0000000000
1936 -38.0000000000
1966 -37.0000000000
2021 -34.0000000000
2083 -33.0000000000
2116 -32.0000000000
2183 -30.0000000000
2220 -29.0000000000
2278 -28.0000000000
2284 -26.0000000000
2293 -25.0000000000
2372 -24.0000000000
2388 -22.0000000000
2466 -21.0000000000
2515 -20.0000000000
2603 -18.0000000000
2656 -17.0000000000
2708 -16.0000000000
2721 -15.0000000000
2751 -14.0000000000
2758 -13.0000000000
2789 -12.0000000000
2878 -11.0000000000
2929 -9.0000000000
3006 -8.0000000000
3045 -6.0000000000
3068 -4.0000000000
3185 -3.0000000000
3186 -1.0000000000
3313 396.0000000000
3356 402.0000000000
3361 410.0000000000
3414 412.0000000000
3465 413.0000000000
3486 414.0000000000
3533 416.0000000000
3637 418.0000000000
3846 419.0000000000
3987 420.0000000000
4321 422.0000000000
4333 424.0000000000
4353 428.0000000000
4603 430.0000000000
4914 432.0000000000
5709 433.0000000000
7843 434.0000000000
8347 435.0000000000
8673 437.0000000000
10000 407.0000000000
evaluations raw_y
1 -210.0000000000
7 -196.0000000000
27 -194.0000000000
47 -191.0000000000
57 -188.0000000000
59 -186.0000000000
65 -177.0000000000
95 -173.0000000000
105 -172.0000000000
133 -168.0000000000
147 -164.0000000000
149 -163.0000000000
169 -161.0000000000
190 -157.0000000000
226 -151.0000000000
244 -147.0000000000
292 -146.0000000000
297 -145.0000000000
298 -144.0000000000
317 -142.0000000000
321 -139.0000000000
322 -136.0000000000
365 -135.0000000000
379 -134.0000000000
408 -132.0000000000
420 -129.0000000000
438 -128.0000000000
449 -125.0000000000
459 -124.0000000000
496 -123.0000000000
505 -120.0000000000
535 -119.0000000000
536 -118.0000000000
551 -117.0000000000
583 -114.0000000000
644 -111.0000000000
665 -106.0000000000
726 -105.0000000000
754 -104.0000000000
759 -103.0000000000
768 -102.0000000000
772 -101.0000000000
807 -100.0000000000
819 -98.0000000000
875 -93.0000000000
921 -92.0000000000
945 -91.0000000000
981 -90.0000000000
1005 -88.0000000000
1045 -87.0000000000
1053 -85.0000000000
1061 -84.0000000000
1105 -82.0000000000
1109 -80.0000000000
1129 -79.0000000000
1158 -77.0000000000
1203 -73.0000000000
1228 -72.0000000000
1230 -71.0000000000
1257 -69.0000000000
1301 -68.0000000000
1312 -67.0000000000
1326 -66.0000000000
1351 -65.0000000000
1363 -62.0000000000
1390 -61.0000000000
1423 -60.0000000000
1445 -59.0000000000
1455 -57.0000000000
1479 -56.0000000000
1499 -55.0000000000
1508 -54.0000000000
1575 -50.0000000000
1602 -49.0000000000
1608 -47.0000000000
1666 -46.0000000000
1687 -45.0000000000
1709 -44.0000000000
1764 -42.0000000000
1773 -41.0000000000
1881 -40.0000000000
1893 -39.0000000000
1939 -38.0000000000
1949 -37.0000000000
1956 -36.0000000000
1972 -34.0000000000
2101 -33.0000000000
2121 -31.0000000000
2185 -30.0000000000
2221 -28.0000000000
2283 -27.0000000000
2349 -25.0000000000
2386 -24.0000000000
2461 -22.0000000000
2519 -21.0000000000
2543 -20.0000000000
2564 -19.0000000000
2669 -18.0000000000
2686 -17.0000000000
2712 -16.0000000000
2764 -15.0000000000
2790 -14.0000000000
2840 -12.0000000000
2953 -11.0000000000
2954 -10.0000000000
3054 -9.0000000000
3073 -7.0000000000
3179 -4.0000000000
3212 -3.0000000000
3384 -2.0000000000
3412 383.0000000000
3607 384.0000000000
3612 390.0000000000
3617 395.0000000000
3735 397.0000000000
3776 401.0000000000
3881 405.0000000000
3912 409.0000000000
3997 411.0000000000
4015 413.0000000000
4238 419.0000000000
4250 420.0000000000
4370 422.0000000000
4382 424.0000000000
4580 425.0000000000
4760 426.0000000000
4888 429.0000000000
5092 432.0000000000
5524 433.0000000000
5667 434.0000000000
6357 435.0000000000
8989 436.0000000000
9958 437.0000000000
10000 328.0000000000
evaluations raw_y
1 -213.0000000000
3 -201.0000000000
20 -196.0000000000
24 -194.0000000000
42 -184.0000000000
81 -182.0000000000
94 -181.0000000000
109 -180.0000000000
118 -177.0000000000
127 -175.0000000000
145 -170.0000000000
151 -169.0000000000
169 -168.0000000000
171 -164.0000000000
187 -162.0000000000
202 -158.0000000000
230 -153.0000000000
236 -152.0000000000
252 -150.0000000000
267 -149.0000000000
298 -148.0000000000
302 -145.0000000000
303 -144.0000000000
315 -143.0000000000
349 -140.0000000000
357 -139.0000000000
372 -133.0000000000
401 -132.0000000000
411 -131.0000000000
421 -129.0000000000
436 -123.0000000000
445 -121.0000000000
504 -119.0000000000
505 -118.0000000000
525 -117.0000000000
541 -112.0000000000
629 -109.0000000000
678 -107.0000000000
681 -106.0000000000
705 -104.0000000000
715 -103.0000000000
750 -101.0000000000
773 -97.0000000000
839 -96.0000000000
855 -95.0000000000
857 -94.0000000000
875 -93.0000000000
886 -90.0000000000
943 -89.0000000000
973 -88.0000000000
982 -87.0000000000
999 -85.0000000000
1016 -84.0000000000
1024 -83.0000000000
1073 -82.0000000000
1088 -79.0000000000
1131 -75.0000000000
1221 -74.0000000000
1253 -71.0000000000
1305 -70.0000000000
1346 -69.0000000000
1365 -68.0000000000
1385 -67.0000000000
1406 -66.0000000000
1442 -65.0000000000
1449 -64.0000000000
1465 -62.0000000000
1491 -60.0000000000
1522 -59.0000000000
1553 -57.0000000000
1591 -56.0000000000
1637 -54.0000000000
1649 -53.0000000000
1738 -52.0000000000
1767 -51.0000000000
1821 -49.0000000000
1847 -47.0000000000
1896 -45.0000000000
1909 -43.0000000000
1971 -42.0000000000
1979 -41.0000000000
2044 -38.0000000000
2050 -37.0000000000
2070 -36.0000000000
2162 -34.0000000000
2193 -33.0000000000
2254 -31.0000000000
2306 -30.0000000000
2341 -29.0000000000
2392 -28.0000000000
2437 -26.0000000000
2525 -24.0000000000
2563 -23.0000000000
2582 -21.0000000000
2605 -20.0000000000
2661 -19.0000000000
2702 -18.0000000000
2740 -16.0000000000
2805 -15.0000000000
2829 -14.0000000000
2870 -13.0000000000
2897 -12.0000000000
2985 -10.0000000000
3011 -8.0000000000
3170 -6.0000000000
3211 -5.0000000000
3301 -4.0000000000
3352 -3.0000000000
3401 -2.0000000000
3524 374.0000000000
3554 375.0000000000
3591 378.0000000000
3613 384.0000000000
3752 386.0000000000
3753 387.0000000000
3818 394.0000000000
3830 395.0000000000
3879 402.0000000000
3986 405.0000000000
4106 406.0000000000
4244 408.0000000000
4283 409.0000000000
4285 411.0000000000
4309 414.0000000000
4317 415.0000000000
4356 418.0000000000
4385 421.0000000000
4603 423.0000000000
4732 425.0000000000
5145 427.0000000000
5317 434.0000000000
5857 435.0000000000
5938 436.0000000000
6123 437.0000000000
6903 438.0000000000
8028 440.0000000000
10000 344.0000000000
evaluations raw_y
1 -224.0000000000
2 -215.0000000000
3 -212.0000000000
4 -199.0000000000
22 -195.0000000000
41 -189.0000000000
56 -183.0000000000
74 -182.0000000000
83 -178.0000000000
113 -173.0000000000
123 -170.0000000000
130 -165.0000000000
152 -162.0000000000
157 -160.0000000000
182 -159.0000000000
187 -156.0000000000
190 -154.0000000000
200 -152.0000000000
208 -150.0000000000
222 -149.0000000000
248 -144.0000000000
255 -143.0000000000
278 -136.0000000000
323 -134.0000000000
326 -130.0000000000
363 -128.0000000000
365 -126.0000000000
385 -125.0000000000
401 -123.0000000000
422 -122.0000000000
431 -121.0000000000
448 -119.0000000000
470 -118.0000000000
492 -116.0000000000
501 -114.0000000000
540 -113.0000000000
542 -109.0000000000
603 -108.0000000000
611 -105.0000000000
650 -104.0000000000
667 -103.0000000000
671 -102.0000000000
700 -99.0000000000
734 -98.0000000000
754 -97.0000000000
756 -96.0000000000
759 -95.0000000000
763 -94.0000000000
788 -93.0000000000
797 -92.0000000000
810 -91.0000000000
828 -90.0000000000
842 -88.0000000000
872 -87.0000000000
891 -86.0000000000
900 -84.0000000000
946 -83.0000000000
997 -82.0000000000
1001 -80.0000000000
1065 -78.0000000000
1105 -76.0000000000
1121 -75.0000000000
1153 -73.0000000000
1207 -72.0000000000
1223 -71.0000000000
1226 -70.0000000000
1251 -69.0000000000
1253 -68.0000000000
1294 -66.0000000000
1306 -64.0000000000
1333 -62.0000000000
1366 -61.0000000000
1382 -60.0000000000
1433 -59.0000000000
1465 -58.0000000000
1492 -56.0000000000
1532 -53.0000000000
1570 -52.0000000000
1597 -51.0000000000
1603 -50.0000000000
1616 -49.0000000000
1634 -48.0000000000
1665 -47.0000000000
1722 -46.0000000000
1726 -45.0000000000
1762 -44.0000000000
1775 -42.0000000000
1803 -41.0000000000
1827 -39.0000000000
1856 -38.0000000000
1924 -37.0000000000
1925 -36.0000000000
1945 -35.0000000000
1976 -34.0000000000
2034 -32.0000000000
2040 -31.0000000000
2086 -30.0000000000
2104 -29.0000000000
2121 -27.0000000000
2176 -25.0000000000
2238 -24.0000000000
2311 -23.0000000000
2315 -21.0000000000
2398 -19.0000000000
2407 -18.0000000000
2466 -17.0000000000
2501 -16.0000000000
2532 -15.0000000000
2539 -14.0000000000
2674 -13.0000000000
2696 -12.0000000000
2813 -11.0000000000
2900 -10.0000000000
3049 -9.0000000000
3057 -8.0000000000
3148 -7.0000000000
3169 -6.0000000000
3245 -5.0000000000
3335 -4.0000000000
3477 -3.0000000000
3509 -2.0000000000
3754 -1.0000000000
3854 371.0000000000
3871 388.0000000000
3881 399.0000000000
4118 406.0000000000
4144 407.0000000000
4245 410.0000000000
4298 411.0000000000
4363 412.0000000000
4413 417.0000000000
4456 418.0000000000
4497 420.0000000000
4747 422.0000000000
4801 423.0000000000
5058 424.0000000000
5257 426.0000000000
5311 429.0000000000
5386 430.0000000000
5821 432.0000000000
6473 433.0000000000
6675 435.0000000000
7140 436.0000000000
7776 438.0000000000
10000 422.0000000000
evaluations raw_y
1 -210.0000000000
7 -201.0000000000
30 -196.0000000000
76 -192.0000000000
82 -185.0000000000
115 -181.0000000000
134 -179.0000000000
154 -178.0000000000
161 -175.0000000000
181 -170.0000000000
208 -169.0000000000
217 -167.0000000000
231 -166.0000000000
251 -164.0000000000
256 -163.0000000000
258 -160.0000000000
296 -152.0000000000
343 -151.0000000000
344 -150.0000000000
346 -148.0000000000
363 -146.0000000000
371 -144.0000000000
383 -143.0000000000
394 -142.0000000000
400 -141.0000000000
405 -140.0000000000
423 -139.0000000000
435 -136.0000000000
455 -134.0000000000
475 -133.0000000000
501 -132.0000000000
502 -130.0000000000
526 -129.0000000000
535 -128.0000000000
549 -127.0000000000
555 -125.0000000000
575 -123.0000000000
608 -121.0000000000
621 -119.0000000000
671 -116.0000000000
688 -111.0000000000
728 -110.0000000000
766 -109.0000000000
779 -108.0000000000
792 -107.0000000000
795 -106.0000000000
823 -104.0000000000
859 -102.0000000000
879 -101.0000000000
881 -100.0000000000
884 -98.0000000000
892 -97.0000000000
949 -96.0000000000
956 -95.0000000000
977 -93.0000000000
986 -92.0000000000
1021 -91.0000000000
1056 -89.0000000000
1069 -88.0000000000
1086 -87.0000000000
1128 -86.0000000000
1134 -84.0000000000
1143 -83.0000000000
1172 -82.0000000000
1174 -81.0000000000
1226 -80.0000000000
1273 -79.0000000000
1285 -77.0000000000
1337 -75.0000000000
1365 -73.0000000000
1394 -72.0000000000
1420 -71.0000000000
1422 -70.0000000000
1464 -68.0000000000
1508 -65.0000000000
1541 -64.0000000000
1576 -63.0000000000
1585 -62.0000000000
1601 -61.0000000000
1618 -60.0000000000
1651 -57.0000000000
1712 -56.0000000000
1730 -55.0000000000
1747 -53.0000000000
1809 -52.0000000000
1828 -50.0000000000
1849 -49.0000000000
1865 -48.0000000000
1883 -46.0000000000
1916 -45.0000000000
1923 -41.0000000000
1968 -40.0000000000
1993 -38.0000000000
2001 -37.0000000000
2022 -36.0000000000
2051 -35.0000000000
2065 -34.0000000000
2140 -33.0000000000
2152 -32.0000000000
2182 -31.0000000000
2220 -30.0000000000
2267 -29.0000000000
2270 -28.0000000000
2294 -27.0000000000
2295 -25.0000000000
2378 -24.0000000000
2392 -22.0000000000
2411 -21.0000000000
2527 -20.0000000000
2538 -19.0000000000
2566 -18.0000000000
2661 -17.0000000000
2673 -16.0000000000
2706 -15.0000000000
2753 -13.0000000000
2807 -12.0000000000
2873 -11.0000000000
2946 -9.0000000000
3098 -8.0000000000
3139 -7.0000000000
3178 -6.0000000000
3267 -5.0000000000
3363 -4.0000000000
3412 -3.0000000000
3461 -2.0000000000
3513 -1.0000000000
3585 391.0000000000
3657 393.0000000000
3732 398.0000000000
3735 401.0000000000
3781 403.0000000000
3813 415.0000000000
4024 421.0000000000
4119 423.0000000000
4124 425.0000000000
4477 426.0000000000
4633 427.0000000000
4767 428.0000000000
4848 431.0000000000
5035 432.0000000000
5380 434.0000000000
5451 435.0000000000
5624 436.0000000000
6405 438.0000000000
10000 430.0000000000
evaluations raw_y
1 -216.0000000000
4 -211.0000000000
5 -189.0000000000
48 -188.0000000000
58 -185.0000000000
73 -180.0000000000
99 -172.0000000000
101 -166.0000000000
130 -165.0000000000
133 -160.0000000000
149 -156.0000000000
165 -155.0000000000
181 -150.0000000000
202 -143.0000000000
223 -141.0000000000
278 -140.0000000000
281 -138.0000000000
301 -137.0000000000
302 -132.0000000000
358 -129.0000000000
371 -127.0000000000
376 -124.0000000000
400 -123.0000000000
424 -122.0000000000
467 -121.0000000000
468 -118.0000000000
489 -117.0000000000
513 -114.0000000000
552 -113.0000000000
585 -112.0000000000
623 -110.0000000000
648 -108.0000000000
666 -106.0000000000
695 -105.0000000000
701 -104.0000000000
729 -103.0000000000
752 -102.0000000000
766 -101.0000000000
799 -100.0000000000
802 -99.0000000000
837 -98.0000000000
851 -97.0000000000
868 -96.0000000000
885 -95.0000000000
911 -92.0000000000
930 -91.0000000000
943 -90.0000000000
951 -89.0000000000
989 -88.0000000000
992 -87.0000000000
1001 -84.0000000000
1025 -83.0000000000
1073 -78.0000000000
1153 -77.0000000000
1196 -75.0000000000
1206 -73.0000000000
1228 -72.0000000000
1247 -71.0000000000
1270 -70.0000000000
1303 -68.0000000000
1327 -67.0000000000
1355 -66.0000000000
1365 -65.0000000000
1389 -63.0000000000
1450 -62.0000000000
1505 -61.0000000000
1508 -60.0000000000
1520 -58.0000000000
1576 -56.0000000000
1604 -54.0000000000
1636 -53.0000000000
1665 -52.0000000000
1681 -51.0000000000
1687 -50.0000000000
1721 -49.0000000000
1760 -48.0000000000
1788 -47.0000000000
1826 -45.0000000000
1833 -42.0000000000
1843 -41.0000000000
1908 -38.0000000000
1939 -37.0000000000
1986 -35.0000000000
2024 -34.0000000000
2072 -33.0000000000
2080 -32.0000000000
2109 -31.0000000000
2167 -30.0000000000
2200 -29.0000000000
2231 -28.0000000000
2234 -27.0000000000
2318 -26.0000000000
2334 -25.0000000000
2342 -24.0000000000
2388 -22.0000000000
2453 -21.0000000000
2488 -20.0000000000
2524 -19.0000000000
2615 -17.0000000000
2695 -16.0000000000
2746 -14.0000000000
2875 -13.0000000000
2917 -12.0000000000
2961 -11.0000000000
2975 -10.0000000000
3034 -8.0000000000
3103 -7.0000000000
3170 -6.0000000000
3173 -5.0000000000
3317 -4.0000000000
3460 -3.0000000000
3485 -2.0000000000
3492 -1.0000000000
3501 389.0000000000
3584 391.0000000000
3626 397.0000000000
3697 398.0000000000
3708 399.0000000000
3728 400.0000000000
3855 401.0000000000
3902 402.0000000000
3950 407.0000000000
4076 410.0000000000
4190 411.0000000000
4355 412.0000000000
4523 415.0000000000
4562 419.0000000000
4942 424.0000000000
5040 427.0000000000
5086 430.0000000000
5821 431.0000000000
5972 432.0000000000
6521 433.0000000000
6806 435.0000000000
6822 436.0000000000
9602 439.0000000000
10000 382.0000000000
evaluations raw_y
1 -218.0000000000
3 -205.0000000000
10 -202.0000000000
18 -198.0000000000
49 -196.0000000000
61 -195.0000000000
65 -191.0000000000
77 -186.0000000000
90 -180.0000000000
102 -172.0000000000
143 -171.0000000000
144 -169.0000000000
169 -160.0000000000
184 -159.0000000000
198 -153.0000000000
217 -151.0000000000
231 -149.0000000000
245 -147.0000000000
249 -146.0000000000
252 -144.0000000000
264 -142.0000000000
284 -141.0000000000
295 -140.0000000000
304 -138.0000000000
322 -134.0000000000
365 -132.0000000000
397 -128.0000000000
425 -126.0000000000
449 -122.0000000000
474 -121.0000000000
509 -120.0000000000
523 -118.0000000000
575 -117.0000000000
584 -115.0000000000
589 -114.0000000000
599 -113.0000000000
606 -112.0000000000
608 -111.0000000000
644 -109.0000000000
665 -108.0000000000
678 -106.0000000000
691 -105.0000000000
712 -103.0000000000
748 -102.0000000000
772 -101.0000000000
781 -100.0000000000
822 -99.0000000000
830 -98.0000000000
848 -97.0000000000
851 -96.0000000000
893 -95.0000000000
915 -93.0000000000
924 -92.0000000000
946 -90.0000000000
981 -89.0000000000
985 -88.0000000000
1040 -86.0000000000
1101 -84.0000000000
1134 -83.0000000000
1147 -82.0000000000
1177 -81.0000000000
1202 -80.0000000000
1206 -79.0000000000
1253 -76.0000000000
1257 -75.0000000000
1267 -74.0000000000
1271 -72.0000000000
1305 -71.0000000000
1352 -70.0000000000
1377 -67.0000000000
1382 -66.0000000000
1443 -65.0000000000
1486 -64.0000000000
1494 -62.0000000000
1584 -61.0000000000
1596 -60.0000000000
1602 -59.0000000000
1612 -58.0000000000
1657 -56.0000000000
1729 -55.0000000000
1730 -54.0000000000
1760 -53.0000000000
1796 -52.0000000000
1812 -51.0000000000
1820 -50.0000000000
1847 -49.0000000000
1881 -48.0000000000
1921 -47.0000000000
1958 -45.0000000000
1965 -44.0000000000
2006 -43.0000000000
2010 -42.0000000000
2032 -41.0000000000
2103 -40.0000000000
2105 -39.0000000000
2124 -38.0000000000
2140 -37.0000000000
2203 -36.0000000000
2234 -35.0000000000
2263 -34.0000000000
2283 -33.0000000000
2347 -32.0000000000
2405 -31.0000000000
2410 -30.0000000000
2421 -29.0000000000
2472 -27.0000000000
2512 -26.0000000000
2535 -25.0000000000
2572 -24.0000000000
2640 -23.0000000000
2651 -22.0000000000
2692 -21.0000000000
2747 -20.0000000000
2788 -19.0000000000
2847 -18.0000000000
2883 -16.0000000000
2923 -15.0000000000
2991 -14.0000000000
3046 -13.0000000000
3094 -11.0000000000
3197 -10.0000000000
3228 -9.0000000000
3338 -8.0000000000
3346 -7.0000000000
3389 -6.0000000000
3521 -4.0000000000
3663 -3.0000000000
3766 -2.0000000000
3821 -1.0000000000
3853 384.0000000000
3880 386.0000000000
3909 388.0000000000
3952 389.0000000000
3975 391.0000000000
3980 393.0000000000
4032 412.0000000000
4224 413.0000000000
4520 421.0000000000
4798 423.0000000000
4979 424.0000000000
5102 425.0000000000
5259 429.0000000000
6624 434.0000000000
7285 435.0000000000
7653 437.0000000000
8306 438.0000000000
8640 440.0000000000
9325 443.0000000000
10000 427.0000000000
